3 0.23541666666666666 0.08645833333333333 0.03194444444444444 0.035416666666666666 
3 0.2375 0.16875 0.11666666666666667 0.08333333333333333 
3 0.09444444444444444 0.278125 0.15555555555555556 0.11041666666666666 
3 0.21319444444444444 0.03854166666666667 0.018055555555555554 0.027083333333333334 
2 0.33958333333333335 0.034375 0.0625 0.06041666666666667 
3 0.3951388888888889 0.06979166666666667 0.0375 0.04375 
5 0.9548611111111112 0.6802083333333333 0.07916666666666666 0.16458333333333333 
7 0.7541666666666667 0.4166666666666667 0.05277777777777778 0.1125 
3 0.45416666666666666 0.1 0.044444444444444446 0.03333333333333333 
3 0.28402777777777777 0.08645833333333333 0.02638888888888889 0.03958333333333333 
