3 0.7375 0.13645833333333332 0.03611111111111111 0.06458333333333334 
5 0.2798611111111111 0.9739583333333334 0.14305555555555555 0.04375 
3 0.66875 0.07395833333333333 0.034722222222222224 0.03125 
3 0.56875 0.08645833333333333 0.043055555555555555 0.052083333333333336 
3 0.7006944444444444 0.20208333333333334 0.05694444444444444 0.07916666666666666 
3 0.6104166666666667 0.07083333333333333 0.04027777777777778 0.0375 
3 0.17916666666666667 0.2604166666666667 0.1 0.15833333333333333 
2 0.38819444444444445 0.21979166666666666 0.31805555555555554 0.28958333333333336 
3 0.6270833333333333 0.37395833333333334 0.13472222222222222 0.17708333333333334 
3 0.6319444444444444 0.09583333333333334 0.044444444444444446 0.04583333333333333 
