3 0.06319444444444444 0.29791666666666666 0.11805555555555555 0.09583333333333334 
3 0.1875 0.14375 0.03611111111111111 0.05 
3 0.36875 0.35833333333333334 0.2375 0.14583333333333334 
3 0.5395833333333333 0.8395833333333333 0.5625 0.3125 
3 0.8729166666666667 0.5229166666666667 0.22083333333333333 0.18333333333333332 
5 0.01597222222222222 0.5333333333333333 0.03194444444444444 0.0875 
3 0.18055555555555555 0.11458333333333333 0.05555555555555555 0.041666666666666664 
5 0.9618055555555556 0.46458333333333335 0.0625 0.075 
8 0.029166666666666667 0.378125 0.05 0.09791666666666667 
10 0.1326388888888889 0.121875 0.05416666666666667 0.052083333333333336 
3 0.45208333333333334 0.5541666666666667 0.32083333333333336 0.24583333333333332 
5 0.9291666666666667 0.7072916666666667 0.1111111111111111 0.18541666666666667 
