3 0.018055555555555554 0.18854166666666666 0.03333333333333333 0.027083333333333334 
3 0.8909722222222223 0.09479166666666666 0.02361111111111111 0.01875 
3 0.8465277777777778 0.121875 0.0375 0.03125 
3 0.8777777777777778 0.140625 0.06111111111111111 0.052083333333333336 
3 0.9104166666666667 0.11666666666666667 0.0375 0.03333333333333333 
3 0.8159722222222222 0.09375 0.05694444444444444 0.03333333333333333 
3 0.15625 0.5927083333333333 0.30972222222222223 0.24791666666666667 
3 0.35555555555555557 0.04895833333333333 0.030555555555555555 0.035416666666666666 
3 0.94375 0.13229166666666667 0.04027777777777778 0.027083333333333334 
3 0.9680555555555556 0.16041666666666668 0.04722222222222222 0.029166666666666667 
3 0.08541666666666667 0.15729166666666666 0.07361111111111111 0.052083333333333336 
