3 0.9680555555555556 0.1625 0.03888888888888889 0.025 
3 0.23680555555555555 0.04583333333333333 0.02361111111111111 0.020833333333333332 
3 0.7604166666666666 0.06041666666666667 0.04861111111111111 0.025 
3 0.8798611111111111 0.13854166666666667 0.06805555555555555 0.04375 
3 0.7798611111111111 0.07916666666666666 0.04027777777777778 0.025 
3 0.08611111111111111 0.15520833333333334 0.07777777777777778 0.04375 
3 0.9111111111111111 0.11354166666666667 0.04722222222222222 0.03125 
3 0.8486111111111111 0.12083333333333333 0.03888888888888889 0.029166666666666667 
3 0.8145833333333333 0.090625 0.059722222222222225 0.035416666666666666 
3 0.1798611111111111 0.203125 0.10416666666666667 0.08125 
3 0.44375 0.415625 0.28194444444444444 0.17708333333333334 
