3 0.35555555555555557 0.9854166666666667 0.12777777777777777 0.025 
7 0.5069444444444444 0.45 0.025 0.07083333333333333 
7 0.04652777777777778 0.5114583333333333 0.034722222222222224 0.09375 
2 0.23819444444444443 0.23645833333333333 0.23472222222222222 0.12291666666666666 
3 0.8645833333333334 0.3260416666666667 0.09583333333333334 0.06458333333333334 
7 0.125 0.4666666666666667 0.030555555555555555 0.1 
3 0.5486111111111112 0.23229166666666667 0.06944444444444445 0.03125 
3 0.26180555555555557 0.3260416666666667 0.09305555555555556 0.06041666666666667 
7 0.5041666666666667 0.5114583333333333 0.03611111111111111 0.11458333333333333 
3 0.6618055555555555 0.3020833333333333 0.10694444444444444 0.05 
7 0.4513888888888889 0.5458333333333333 0.05555555555555555 0.1125 
3 0.4618055555555556 0.8145833333333333 0.19583333333333333 0.30833333333333335 
3 0.6 0.2625 0.075 0.05 
3 0.5048611111111111 0.25416666666666665 0.04583333333333333 0.05416666666666667 
3 0.8229166666666666 0.26458333333333334 0.0763888888888889 0.0375 
4 0.23125 0.39895833333333336 0.05694444444444444 0.08958333333333333 
3 0.9180555555555555 0.28125 0.05 0.025 
3 0.7256944444444444 0.2375 0.0625 0.025 
3 0.975 0.39479166666666665 0.03611111111111111 0.06875 
3 0.19444444444444445 0.8260416666666667 0.29444444444444445 0.34375 
3 0.6368055555555555 0.24270833333333333 0.05138888888888889 0.03125 
7 0.03125 0.51875 0.02638888888888889 0.075 
