3 0.8041666666666667 0.35104166666666664 0.044444444444444446 0.04375 
7 0.2361111111111111 0.44166666666666665 0.019444444444444445 0.0625 
3 0.6444444444444445 0.36354166666666665 0.06666666666666667 0.04791666666666667 
3 0.9652777777777778 0.41875 0.05277777777777778 0.075 
3 0.9 0.384375 0.06944444444444445 0.06041666666666667 
3 0.7236111111111111 0.5270833333333333 0.14722222222222223 0.12083333333333333 
3 0.8104166666666667 0.5604166666666667 0.15416666666666667 0.15416666666666667 
3 0.7604166666666666 0.3375 0.05138888888888889 0.05416666666666667 
3 0.6847222222222222 0.3333333333333333 0.06388888888888888 0.05 
7 0.2708333333333333 0.42916666666666664 0.025 0.05 
3 0.9583333333333334 0.6979166666666666 0.07777777777777778 0.1625 
3 0.6 0.31979166666666664 0.06944444444444445 0.052083333333333336 
3 0.8465277777777778 0.365625 0.08194444444444444 0.06458333333333334 
3 0.5826388888888889 0.428125 0.10138888888888889 0.06041666666666667 
3 0.5819444444444445 0.4708333333333333 0.15 0.09583333333333334 
7 0.28194444444444444 0.428125 0.011111111111111112 0.035416666666666666 
3 0.9347222222222222 0.39895833333333336 0.06666666666666667 0.06875 
3 0.8986111111111111 0.6197916666666666 0.16666666666666666 0.16458333333333333 
3 0.6777777777777778 0.47708333333333336 0.1361111111111111 0.1 
3 0.2965277777777778 0.6177083333333333 0.12916666666666668 0.15625 
