3 0.9125 0.18229166666666666 0.06388888888888888 0.06458333333333334 
3 0.93125 0.17708333333333334 0.04861111111111111 0.07083333333333333 
3 0.7715277777777778 0.234375 0.10138888888888889 0.08541666666666667 
3 0.5604166666666667 0.13645833333333332 0.07916666666666666 0.08125 
10 0.4930555555555556 0.11354166666666667 0.10833333333333334 0.07291666666666667 
3 0.6798611111111111 0.18854166666666666 0.11527777777777778 0.08125 
3 0.8854166666666666 0.19583333333333333 0.08472222222222223 0.08333333333333333 
2 0.2916666666666667 0.39791666666666664 0.36666666666666664 0.4875 
3 0.8625 0.20520833333333333 0.1111111111111111 0.07708333333333334 
10 0.42083333333333334 0.084375 0.1111111111111111 0.07708333333333334 
3 0.5236111111111111 0.13020833333333334 0.058333333333333334 0.06458333333333334 
3 0.7027777777777777 0.15208333333333332 0.09166666666666666 0.06666666666666667 
10 0.45208333333333334 0.096875 0.10416666666666667 0.07291666666666667 
3 0.7388888888888889 0.14479166666666668 0.07777777777777778 0.06458333333333334 
3 0.8194444444444444 0.2125 0.11666666666666667 0.1125 
5 0.09027777777777778 0.14583333333333334 0.03888888888888889 0.058333333333333334 
