3 0.22953216374269006 0.14035087719298245 0.038011695906432746 0.02631578947368421 
3 0.7412280701754386 0.4276315789473684 0.2309941520467836 0.16228070175438597 
3 0.2850877192982456 0.1425438596491228 0.049707602339181284 0.03070175438596491 
10 0.7280701754385965 0.31140350877192985 0.19298245614035087 0.14035087719298245 
3 0.19444444444444445 0.15350877192982457 0.049707602339181284 0.02631578947368421 
3 0.6681286549707602 0.16228070175438597 0.1023391812865497 0.043859649122807015 
3 0.6228070175438597 0.12719298245614036 0.07602339181286549 0.043859649122807015 
3 0.48099415204678364 0.13157894736842105 0.07894736842105263 0.043859649122807015 
3 0.16228070175438597 0.15350877192982457 0.038011695906432746 0.03508771929824561 
3 0.3538011695906433 0.1513157894736842 0.06432748538011696 0.03070175438596491 
