3 0.58125 0.46458333333333335 0.15694444444444444 0.09583333333333334 
3 0.7618055555555555 0.33645833333333336 0.05416666666666667 0.04375 
3 0.6888888888888889 0.32708333333333334 0.06388888888888888 0.04583333333333333 
7 0.25 0.43125 0.011111111111111112 0.05416666666666667 
3 0.8958333333333334 0.38333333333333336 0.06388888888888888 0.0625 
3 0.4840277777777778 0.36770833333333336 0.0763888888888889 0.06458333333333334 
3 0.9645833333333333 0.41875 0.05694444444444444 0.08333333333333333 
3 0.8145833333333333 0.5510416666666667 0.1486111111111111 0.14791666666666667 
3 0.05555555555555555 0.5125 0.05277777777777778 0.058333333333333334 
7 0.27847222222222223 0.425 0.0125 0.04583333333333333 
3 0.6 0.32083333333333336 0.06666666666666667 0.04583333333333333 
3 0.5847222222222223 0.43020833333333336 0.11388888888888889 0.06041666666666667 
3 0.84375 0.36770833333333336 0.08194444444444444 0.06458333333333334 
3 0.8118055555555556 0.353125 0.059722222222222225 0.04791666666666667 
3 0.9333333333333333 0.39791666666666664 0.06111111111111111 0.06666666666666667 
3 0.8986111111111111 0.6135416666666667 0.1638888888888889 0.17291666666666666 
3 0.7298611111111111 0.5270833333333333 0.15138888888888888 0.125 
3 0.9583333333333334 0.690625 0.08055555555555556 0.17708333333333334 
4 0.2923611111111111 0.7895833333333333 0.0625 0.1625 
7 0.23958333333333334 0.43333333333333335 0.015277777777777777 0.058333333333333334 
3 0.6777777777777778 0.46770833333333334 0.11666666666666667 0.09375 
