3 0.8638888888888889 0.3375 0.04722222222222222 0.07916666666666666 
3 0.5861111111111111 0.24791666666666667 0.03611111111111111 0.0375 
3 0.07847222222222222 0.6010416666666667 0.13472222222222222 0.14791666666666667 
3 0.8729166666666667 0.5708333333333333 0.08472222222222223 0.17916666666666667 
9 0.7201388888888889 0.17395833333333333 0.0375 0.04375 
10 0.6777777777777778 0.19791666666666666 0.03333333333333333 0.03333333333333333 
6 0.47430555555555554 0.309375 0.05138888888888889 0.05625 
3 0.8673611111111111 0.42604166666666665 0.06805555555555555 0.10208333333333333 
3 0.6361111111111111 0.22708333333333333 0.030555555555555555 0.020833333333333332 
8 0.40347222222222223 0.3541666666666667 0.10694444444444444 0.075 
8 0.6152777777777778 0.45625 0.12222222222222222 0.14166666666666666 
