3 0.74375 0.5083333333333333 0.15138888888888888 0.13333333333333333 
3 0.9416666666666667 0.6552083333333333 0.1 0.18541666666666667 
3 0.58125 0.32708333333333334 0.07916666666666666 0.05 
3 0.6604166666666667 0.3385416666666667 0.02361111111111111 0.03125 
3 0.8194444444444444 0.5625 0.1388888888888889 0.12083333333333333 
3 0.6027777777777777 0.38645833333333335 0.07222222222222222 0.03125 
3 0.925 0.38229166666666664 0.06944444444444445 0.06458333333333334 
3 0.5923611111111111 0.45416666666666666 0.12083333333333333 0.0875 
3 0.7020833333333333 0.33958333333333335 0.05694444444444444 0.04583333333333333 
3 0.5923611111111111 0.4166666666666667 0.12361111111111112 0.058333333333333334 
3 0.6645833333333333 0.48020833333333335 0.12361111111111112 0.09375 
3 0.28055555555555556 0.8375 0.16666666666666666 0.24166666666666667 
3 0.8458333333333333 0.36041666666666666 0.08055555555555556 0.058333333333333334 
