7 0.8041666666666667 0.12916666666666668 0.016666666666666666 0.05416666666666667 
10 0.64375 0.12604166666666666 0.16527777777777777 0.11041666666666666 
3 0.4270833333333333 0.051041666666666666 0.06527777777777778 0.06041666666666667 
3 0.6430555555555556 0.08229166666666667 0.11388888888888889 0.035416666666666666 
3 0.11805555555555555 0.340625 0.1361111111111111 0.18958333333333333 
3 0.3888888888888889 0.04583333333333333 0.04722222222222222 0.05 
1 0.4083333333333333 0.453125 0.05555555555555555 0.18958333333333333 
3 0.3402777777777778 0.08645833333333333 0.07222222222222222 0.07708333333333334 
3 0.6409722222222223 0.03229166666666667 0.09027777777777778 0.03958333333333333 
3 0.2152777777777778 0.209375 0.11666666666666667 0.12708333333333333 
3 0.6416666666666667 0.059375 0.11666666666666667 0.05625 
7 0.6465277777777778 0.6864583333333333 0.07916666666666666 0.16458333333333333 
