3 0.43194444444444446 0.259375 0.041666666666666664 0.04375 
7 0.2777777777777778 0.9677083333333333 0.05277777777777778 0.06041666666666667 
5 0.8513888888888889 0.278125 0.030555555555555555 0.022916666666666665 
3 0.925 0.7229166666666667 0.12777777777777777 0.25 
8 0.76875 0.2791666666666667 0.05694444444444444 0.029166666666666667 
3 0.07569444444444444 0.54375 0.14583333333333334 0.13333333333333333 
7 0.3034722222222222 0.9010416666666666 0.05138888888888889 0.14375 
8 0.8368055555555556 0.4239583333333333 0.11527777777777778 0.08541666666666667 
8 0.7104166666666667 0.28125 0.06527777777777778 0.03333333333333333 
5 0.36875 0.20208333333333334 0.02638888888888889 0.020833333333333332 
8 0.8263888888888888 0.36354166666666665 0.09166666666666666 0.05625 
