3 0.5944444444444444 0.3020833333333333 0.13055555555555556 0.0625 
7 0.18680555555555556 0.478125 0.034722222222222224 0.09375 
3 0.16875 0.33541666666666664 0.04861111111111111 0.05416666666666667 
2 0.075 0.328125 0.14444444444444443 0.17708333333333334 
3 0.6430555555555556 0.24166666666666667 0.08611111111111111 0.04583333333333333 
3 0.29444444444444445 0.25625 0.075 0.05 
7 0.29375 0.44375 0.02361111111111111 0.09166666666666666 
3 0.20625 0.25833333333333336 0.05138888888888889 0.041666666666666664 
7 0.2076388888888889 0.4583333333333333 0.02361111111111111 0.0875 
9 0.03333333333333333 0.6239583333333333 0.06388888888888888 0.19791666666666666 
3 0.7375 0.23541666666666666 0.05277777777777778 0.0375 
2 0.9486111111111111 0.25416666666666665 0.08333333333333333 0.07916666666666666 
5 0.34930555555555554 0.984375 0.11527777777777778 0.022916666666666665 
3 0.5951388888888889 0.20729166666666668 0.034722222222222224 0.03125 
3 0.45902777777777776 0.8166666666666667 0.1875 0.30833333333333335 
3 0.14652777777777778 0.8666666666666667 0.2847222222222222 0.25833333333333336 
