7 0.3263888888888889 0.25729166666666664 0.008333333333333333 0.04791666666666667 
3 0.46041666666666664 0.815625 0.1875 0.30625 
3 0.23333333333333334 0.8135416666666667 0.2861111111111111 0.35625 
3 0.6819444444444445 0.20416666666666666 0.025 0.03333333333333333 
7 0.45069444444444445 0.22916666666666666 0.009722222222222222 0.05 
3 0.6472222222222223 0.25 0.05555555555555555 0.05 
3 0.6291666666666667 0.175 0.019444444444444445 0.029166666666666667 
5 0.0375 0.6270833333333333 0.06388888888888888 0.19583333333333333 
3 0.9631944444444445 0.34479166666666666 0.0625 0.04375 
7 0.08541666666666667 0.2760416666666667 0.015277777777777777 0.052083333333333336 
7 0.022916666666666665 0.43854166666666666 0.020833333333333332 0.08125 
7 0.73125 0.46770833333333334 0.04583333333333333 0.10625 
3 0.5993055555555555 0.26979166666666665 0.05416666666666667 0.052083333333333336 
7 0.05277777777777778 0.525 0.022222222222222223 0.10416666666666667 
3 0.11805555555555555 0.28020833333333334 0.030555555555555555 0.035416666666666666 
7 0.06805555555555555 0.5135416666666667 0.030555555555555555 0.09375 
2 0.22777777777777777 0.2375 0.18888888888888888 0.11666666666666667 
3 0.5986111111111111 0.20208333333333334 0.027777777777777776 0.025 
