3 0.1673611111111111 0.1375 0.059722222222222225 0.0375 
5 0.075 0.10104166666666667 0.08055555555555556 0.03958333333333333 
3 0.86875 0.5197916666666667 0.06805555555555555 0.05625 
3 0.525 0.303125 0.07222222222222222 0.052083333333333336 
8 0.7805555555555556 0.453125 0.08611111111111111 0.08125 
3 0.9395833333333333 0.575 0.04027777777777778 0.04583333333333333 
3 0.3263888888888889 0.6 0.32222222222222224 0.2791666666666667 
3 0.6590277777777778 0.3802083333333333 0.08194444444444444 0.06875 
10 0.4048611111111111 0.22916666666666666 0.10138888888888889 0.08333333333333333 
3 0.2847222222222222 0.1875 0.06388888888888888 0.05 
