8 0.17777777777777778 0.2625 0.1 0.11666666666666667 
3 0.06527777777777778 0.21875 0.03611111111111111 0.04583333333333333 
3 0.33402777777777776 0.06875 0.04861111111111111 0.03333333333333333 
8 0.11944444444444445 0.23541666666666666 0.07777777777777778 0.07916666666666666 
8 0.9104166666666667 0.31875 0.1736111111111111 0.1625 
3 0.27152777777777776 0.084375 0.034722222222222224 0.027083333333333334 
3 0.2659722222222222 0.31979166666666664 0.1375 0.13541666666666666 
3 0.2520833333333333 0.11770833333333333 0.04583333333333333 0.03958333333333333 
3 0.07708333333333334 0.22916666666666666 0.02638888888888889 0.041666666666666664 
3 0.21736111111111112 0.11979166666666667 0.034722222222222224 0.027083333333333334 
