3 0.24305555555555555 0.8364583333333333 0.1388888888888889 0.21875 
3 0.8277777777777777 0.3572916666666667 0.10555555555555556 0.08541666666666667 
3 0.59375 0.3229166666666667 0.07083333333333333 0.05 
3 0.9229166666666667 0.40208333333333335 0.05694444444444444 0.05416666666666667 
3 0.4444444444444444 0.44375 0.07777777777777778 0.07916666666666666 
3 0.9243055555555556 0.628125 0.14027777777777778 0.16041666666666668 
3 0.4798611111111111 0.36875 0.05416666666666667 0.0375 
3 0.9701388888888889 0.4197916666666667 0.05138888888888889 0.08541666666666667 
3 0.38958333333333334 0.5208333333333334 0.10416666666666667 0.1125 
3 0.6722222222222223 0.4822916666666667 0.12777777777777777 0.09375 
3 0.4152777777777778 0.37916666666666665 0.06944444444444445 0.0625 
3 0.2923611111111111 0.40520833333333334 0.07916666666666666 0.04791666666666667 
3 0.7680555555555556 0.5208333333333334 0.14166666666666666 0.1125 
3 0.8340277777777778 0.5645833333333333 0.14305555555555555 0.15 
3 0.6965277777777777 0.3458333333333333 0.05416666666666667 0.05 
3 0.3590277777777778 0.428125 0.07083333333333333 0.06875 
3 0.12638888888888888 0.4427083333333333 0.030555555555555555 0.04791666666666667 
3 0.5770833333333333 0.41458333333333336 0.11527777777777778 0.08333333333333333 
3 0.8666666666666667 0.384375 0.06944444444444445 0.06041666666666667 
3 0.5847222222222223 0.45625 0.09166666666666666 0.075 
3 0.7368055555555556 0.32916666666666666 0.04583333333333333 0.058333333333333334 
3 0.975 0.7125 0.04722222222222222 0.12916666666666668 
