10 0.5201388888888889 0.09375 0.05416666666666667 0.06666666666666667 
3 0.8472222222222222 0.63125 0.29444444444444445 0.3125 
3 0.9277777777777778 0.17708333333333334 0.04722222222222222 0.07916666666666666 
3 0.8902777777777777 0.203125 0.05555555555555555 0.08125 
3 0.7486111111111111 0.13645833333333332 0.06388888888888888 0.06041666666666667 
5 0.9756944444444444 0.209375 0.029166666666666667 0.05625 
3 0.8506944444444444 0.196875 0.09305555555555556 0.08958333333333333 
2 0.2722222222222222 0.3489583333333333 0.38333333333333336 0.4895833333333333 
3 0.5645833333333333 0.13020833333333334 0.06527777777777778 0.09375 
3 0.8354166666666667 0.209375 0.09027777777777778 0.09791666666666667 
5 0.325 0.16041666666666668 0.34444444444444444 0.25 
3 0.7041666666666667 0.14895833333333333 0.09722222222222222 0.08541666666666667 
8 0.5715277777777777 0.059375 0.059722222222222225 0.06041666666666667 
3 0.6819444444444445 0.175 0.10833333333333334 0.0875 
3 0.7798611111111111 0.21458333333333332 0.09583333333333334 0.09583333333333334 
3 0.5291666666666667 0.11458333333333333 0.06111111111111111 0.04583333333333333 
1 0.8340277777777778 0.37604166666666666 0.08472222222222223 0.12291666666666666 
3 0.9145833333333333 0.19270833333333334 0.03194444444444444 0.06875 
