9 0.5645833333333333 0.23541666666666666 0.06805555555555555 0.0375 
2 0.8034722222222223 0.340625 0.20972222222222223 0.15208333333333332 
3 0.2708333333333333 0.6864583333333333 0.15833333333333333 0.21875 
5 0.022222222222222223 0.321875 0.044444444444444446 0.05625 
3 0.43125 0.315625 0.04583333333333333 0.06041666666666667 
9 0.6548611111111111 0.28020833333333334 0.07361111111111111 0.06875 
3 0.4166666666666667 0.2604166666666667 0.025 0.029166666666666667 
5 0.9506944444444444 0.4125 0.08194444444444444 0.07083333333333333 
3 0.3888888888888889 0.4083333333333333 0.075 0.09166666666666666 
2 0.29583333333333334 0.26666666666666666 0.125 0.07916666666666666 
3 0.5472222222222223 0.2989583333333333 0.03888888888888889 0.03958333333333333 
