3 0.3993055555555556 0.21875 0.06805555555555555 0.04583333333333333 
3 0.49375 0.25625 0.11805555555555555 0.07916666666666666 
10 0.25277777777777777 0.23020833333333332 0.041666666666666664 0.07291666666666667 
3 0.40902777777777777 0.13958333333333334 0.05694444444444444 0.05416666666666667 
3 0.05416666666666667 0.5197916666666667 0.10555555555555556 0.08541666666666667 
3 0.675 0.2916666666666667 0.15 0.09583333333333334 
3 0.8013888888888889 0.425 0.16666666666666666 0.12083333333333333 
3 0.05277777777777778 0.784375 0.10555555555555556 0.2520833333333333 
2 0.6006944444444444 0.575 0.6069444444444444 0.6666666666666666 
3 0.8590277777777777 0.3802083333333333 0.15138888888888888 0.11875 
5 0.06041666666666667 0.6145833333333334 0.11527777777777778 0.125 
