3 0.6020833333333333 0.3229166666666667 0.07916666666666666 0.058333333333333334 
3 0.5847222222222223 0.42916666666666664 0.10555555555555556 0.058333333333333334 
3 0.9666666666666667 0.41875 0.058333333333333334 0.0875 
3 0.5791666666666667 0.47708333333333336 0.1361111111111111 0.07916666666666666 
3 0.9270833333333334 0.40729166666666666 0.04861111111111111 0.08541666666666667 
7 0.2701388888888889 0.43645833333333334 0.009722222222222222 0.03958333333333333 
3 0.8444444444444444 0.37083333333333335 0.07777777777777778 0.07083333333333333 
3 0.7159722222222222 0.528125 0.15416666666666667 0.12708333333333333 
7 0.24583333333333332 0.44583333333333336 0.013888888888888888 0.0375 
3 0.8097222222222222 0.55625 0.14444444444444443 0.15416666666666667 
7 0.475 0.45 0.025 0.08333333333333333 
3 0.6833333333333333 0.33541666666666664 0.06111111111111111 0.05416666666666667 
3 0.8979166666666667 0.6197916666666666 0.18194444444444444 0.16875 
9 0.05138888888888889 0.515625 0.08888888888888889 0.18541666666666667 
3 0.8076388888888889 0.3572916666666667 0.043055555555555555 0.04791666666666667 
3 0.26319444444444445 0.8322916666666667 0.18194444444444444 0.28125 
7 0.23194444444444445 0.4395833333333333 0.016666666666666666 0.041666666666666664 
3 0.7583333333333333 0.3385416666666667 0.058333333333333334 0.04791666666666667 
3 0.6784722222222223 0.478125 0.12361111111111112 0.09791666666666667 
7 0.2826388888888889 0.4270833333333333 0.0125 0.04583333333333333 
3 0.8944444444444445 0.3854166666666667 0.058333333333333334 0.058333333333333334 
5 0.9576388888888889 0.6979166666666666 0.06805555555555555 0.15833333333333333 
