3 0.0875 0.15520833333333334 0.075 0.052083333333333336 
3 0.65625 0.15520833333333334 0.12638888888888888 0.07708333333333334 
3 0.22152777777777777 0.14583333333333334 0.0875 0.0625 
3 0.3736111111111111 0.6395833333333333 0.3861111111111111 0.225 
3 0.8784722222222222 0.1375 0.059722222222222225 0.058333333333333334 
3 0.21805555555555556 0.08541666666666667 0.027777777777777776 0.0375 
3 0.9125 0.11354166666666667 0.04722222222222222 0.035416666666666666 
3 0.7923611111111111 0.3854166666666667 0.22083333333333333 0.14583333333333334 
3 0.7631944444444444 0.06145833333333333 0.043055555555555555 0.035416666666666666 
3 0.7895833333333333 0.084375 0.04861111111111111 0.03958333333333333 
