3 0.9340277777777778 0.39895833333333336 0.11805555555555555 0.12291666666666666 
3 0.9583333333333334 0.225 0.058333333333333334 0.05 
3 0.8590277777777777 0.11875 0.05694444444444444 0.020833333333333332 
3 0.08819444444444445 0.15729166666666666 0.07083333333333333 0.04375 
3 0.35555555555555557 0.05625 0.030555555555555555 0.016666666666666666 
3 0.9458333333333333 0.134375 0.03888888888888889 0.027083333333333334 
3 0.8444444444444444 0.071875 0.03611111111111111 0.022916666666666665 
3 0.034027777777777775 0.2 0.0625 0.04583333333333333 
3 0.9097222222222222 0.11458333333333333 0.044444444444444446 0.03333333333333333 
3 0.9708333333333333 0.159375 0.03888888888888889 0.027083333333333334 
3 0.01875 0.184375 0.034722222222222224 0.027083333333333334 
3 0.24097222222222223 0.05 0.03194444444444444 0.025 
3 0.4930555555555556 0.6166666666666667 0.39166666666666666 0.22916666666666666 
3 0.2076388888888889 0.4270833333333333 0.23472222222222222 0.16666666666666666 
3 0.8145833333333333 0.09270833333333334 0.0763888888888889 0.035416666666666666 
3 0.7854166666666667 0.075 0.04583333333333333 0.020833333333333332 
3 0.8784722222222222 0.140625 0.0625 0.03958333333333333 
