3 0.7291666666666666 0.5302083333333333 0.15555555555555556 0.11458333333333333 
3 0.9347222222222222 0.40729166666666666 0.06666666666666667 0.06041666666666667 
3 0.8027777777777778 0.35520833333333335 0.044444444444444446 0.04791666666666667 
7 0.28888888888888886 0.421875 0.013888888888888888 0.03125 
7 0.2652777777777778 0.4375 0.016666666666666666 0.05 
3 0.5805555555555556 0.4739583333333333 0.14166666666666666 0.08125 
3 0.6791666666666667 0.47604166666666664 0.11944444444444445 0.08958333333333333 
3 0.8986111111111111 0.3875 0.06944444444444445 0.0625 
3 0.8069444444444445 0.5583333333333333 0.14722222222222223 0.14583333333333334 
3 0.5993055555555555 0.32395833333333335 0.06527777777777778 0.04375 
3 0.9666666666666667 0.42083333333333334 0.05277777777777778 0.07916666666666666 
3 0.28055555555555556 0.840625 0.15833333333333333 0.25625 
3 0.5881944444444445 0.43125 0.1125 0.058333333333333334 
3 0.7583333333333333 0.34270833333333334 0.05 0.05625 
7 0.2375 0.4479166666666667 0.019444444444444445 0.058333333333333334 
3 0.9590277777777778 0.7052083333333333 0.07083333333333333 0.15208333333333332 
3 0.6875 0.33229166666666665 0.058333333333333334 0.04791666666666667 
3 0.26875 0.3958333333333333 0.07361111111111111 0.0375 
3 0.8986111111111111 0.61875 0.16666666666666666 0.17083333333333334 
3 0.8458333333333333 0.371875 0.08055555555555556 0.06041666666666667 
7 0.12708333333333333 0.42083333333333334 0.009722222222222222 0.025 
