3 0.5791666666666667 0.46979166666666666 0.1388888888888889 0.08958333333333333 
4 0.14930555555555555 0.8239583333333333 0.08194444444444444 0.15625 
3 0.7604166666666666 0.334375 0.05138888888888889 0.035416666666666666 
3 0.8486111111111111 0.36354166666666665 0.07777777777777778 0.06041666666666667 
3 0.6784722222222223 0.46875 0.11805555555555555 0.1 
10 0.3527777777777778 0.6635416666666667 0.12222222222222222 0.18541666666666667 
3 0.6923611111111111 0.32916666666666666 0.0625 0.058333333333333334 
3 0.5861111111111111 0.425 0.10833333333333334 0.0625 
3 0.9680555555555556 0.4166666666666667 0.05277777777777778 0.0875 
3 0.9027777777777778 0.615625 0.15833333333333333 0.15208333333333332 
3 0.80625 0.5572916666666666 0.14583333333333334 0.13958333333333334 
3 0.8895833333333333 0.3854166666666667 0.04583333333333333 0.05 
3 0.8111111111111111 0.34479166666666666 0.05277777777777778 0.04375 
3 0.5965277777777778 0.321875 0.0625 0.04791666666666667 
3 0.96875 0.33541666666666664 0.05694444444444444 0.041666666666666664 
3 0.9631944444444445 0.6989583333333333 0.07083333333333333 0.16041666666666668 
3 0.35555555555555557 0.528125 0.07777777777777778 0.08958333333333333 
3 0.9340277777777778 0.40208333333333335 0.059722222222222225 0.07916666666666666 
3 0.4576388888888889 0.42291666666666666 0.07083333333333333 0.07083333333333333 
3 0.7277777777777777 0.525 0.1388888888888889 0.10833333333333334 
