3 0.5104166666666666 0.075 0.05694444444444444 0.06666666666666667 
10 0.6416666666666667 0.0875 0.18611111111111112 0.1125 
3 0.6569444444444444 0.040625 0.06944444444444445 0.022916666666666665 
3 0.6784722222222223 0.16041666666666668 0.17916666666666667 0.09166666666666666 
3 0.7013888888888888 0.228125 0.19722222222222222 0.12291666666666666 
3 0.6430555555555556 0.017708333333333333 0.08333333333333333 0.027083333333333334 
2 0.2263888888888889 0.31354166666666666 0.3527777777777778 0.5229166666666667 
3 0.7611111111111111 0.421875 0.2722222222222222 0.19375 
3 0.4222222222222222 0.021875 0.05277777777777778 0.03125 
3 0.6486111111111111 0.12604166666666666 0.1 0.04791666666666667 
