3 0.5819444444444445 0.31875 0.08055555555555556 0.05416666666666667 
3 0.9222222222222223 0.61875 0.14444444444444443 0.1625 
3 0.5881944444444445 0.44895833333333335 0.09027777777777778 0.08125 
3 0.5861111111111111 0.4125 0.13055555555555556 0.06666666666666667 
3 0.6701388888888888 0.471875 0.12083333333333333 0.08958333333333333 
3 0.8368055555555556 0.5583333333333333 0.14305555555555555 0.15 
3 0.9680555555555556 0.4083333333333333 0.04722222222222222 0.07083333333333333 
5 0.9743055555555555 0.6947916666666667 0.043055555555555555 0.11458333333333333 
10 0.8375 0.34479166666666666 0.1 0.08125 
3 0.3854166666666667 0.359375 0.0763888888888889 0.04791666666666667 
3 0.9319444444444445 0.3875 0.06666666666666667 0.058333333333333334 
3 0.8763888888888889 0.378125 0.06944444444444445 0.06458333333333334 
3 0.2708333333333333 0.8510416666666667 0.18888888888888888 0.28541666666666665 
3 0.7701388888888889 0.5083333333333333 0.14305555555555555 0.125 
