3 0.89375 0.18333333333333332 0.08472222222222223 0.0625 
3 0.5256944444444445 0.11666666666666667 0.06527777777777778 0.0625 
3 0.6840277777777778 0.16770833333333332 0.10416666666666667 0.08541666666666667 
3 0.9208333333333333 0.18020833333333333 0.05555555555555555 0.05625 
10 0.4951388888888889 0.09895833333333333 0.10972222222222222 0.06875 
3 0.8951388888888889 0.20625 0.06527777777777778 0.07916666666666666 
3 0.8583333333333333 0.203125 0.09166666666666666 0.09375 
3 0.5631944444444444 0.12916666666666668 0.0625 0.0875 
2 0.7131944444444445 0.5166666666666667 0.5569444444444445 0.7083333333333334 
3 0.8222222222222222 0.21145833333333333 0.125 0.09375 
3 0.45 0.08020833333333334 0.1 0.06041666666666667 
10 0.4222222222222222 0.06666666666666667 0.11388888888888889 0.0625 
3 0.7784722222222222 0.21979166666666666 0.09861111111111111 0.08958333333333333 
3 0.6784722222222223 0.1 0.06805555555555555 0.05416666666666667 
