3 0.5840277777777778 0.46041666666666664 0.09305555555555556 0.08333333333333333 
3 0.48333333333333334 0.3770833333333333 0.058333333333333334 0.058333333333333334 
3 0.3923611111111111 0.5229166666666667 0.10416666666666667 0.12083333333333333 
3 0.2923611111111111 0.40729166666666666 0.0763888888888889 0.052083333333333336 
3 0.44166666666666665 0.44479166666666664 0.06944444444444445 0.08125 
3 0.86875 0.39166666666666666 0.07083333333333333 0.0625 
3 0.5763888888888888 0.38645833333333335 0.10555555555555556 0.035416666666666666 
3 0.6722222222222223 0.48333333333333334 0.125 0.1 
3 0.22847222222222222 0.6583333333333333 0.14583333333333334 0.1625 
3 0.7652777777777777 0.5239583333333333 0.13055555555555556 0.12291666666666666 
3 0.5902777777777778 0.32395833333333335 0.07222222222222222 0.04791666666666667 
3 0.6993055555555555 0.34791666666666665 0.05416666666666667 0.05416666666666667 
5 0.9729166666666667 0.7385416666666667 0.04027777777777778 0.08541666666666667 
10 0.8361111111111111 0.3625 0.09722222222222222 0.07083333333333333 
3 0.7333333333333333 0.32708333333333334 0.041666666666666664 0.05416666666666667 
3 0.8340277777777778 0.56875 0.14305555555555555 0.15 
3 0.9680555555555556 0.4166666666666667 0.058333333333333334 0.09583333333333334 
3 0.9263888888888889 0.4041666666666667 0.05277777777777778 0.05 
3 0.58125 0.428125 0.12638888888888888 0.07708333333333334 
3 0.9194444444444444 0.6322916666666667 0.1388888888888889 0.15625 
