5 0.61875 0.36354166666666665 0.0625 0.06041666666666667 
7 0.6381944444444444 0.8927083333333333 0.0875 0.16458333333333333 
3 0.5472222222222223 0.3020833333333333 0.025 0.025 
3 0.7243055555555555 0.3260416666666667 0.04027777777777778 0.022916666666666665 
3 0.7993055555555556 0.5479166666666667 0.1375 0.17083333333333334 
3 0.9770833333333333 0.39166666666666666 0.02638888888888889 0.029166666666666667 
3 0.8736111111111111 0.35208333333333336 0.03888888888888889 0.025 
3 0.81875 0.37083333333333335 0.05416666666666667 0.029166666666666667 
3 0.56875 0.334375 0.04027777777777778 0.03958333333333333 
2 0.40069444444444446 0.4239583333333333 0.09305555555555556 0.18125 
2 0.5576388888888889 0.43854166666666666 0.20416666666666666 0.23125 
7 0.1798611111111111 0.5833333333333334 0.029166666666666667 0.10833333333333334 
7 0.8680555555555556 0.9260416666666667 0.06944444444444445 0.14375 
