3 0.21875 0.08541666666666667 0.0375 0.041666666666666664 
3 0.7638888888888888 0.059375 0.044444444444444446 0.027083333333333334 
3 0.8340277777777778 0.22083333333333333 0.12638888888888888 0.07916666666666666 
3 0.0875 0.15208333333333332 0.07222222222222222 0.04583333333333333 
3 0.15138888888888888 0.41354166666666664 0.2111111111111111 0.17708333333333334 
3 0.9666666666666667 0.15625 0.03333333333333333 0.0375 
3 0.9125 0.1125 0.044444444444444446 0.041666666666666664 
3 0.7888888888888889 0.08020833333333334 0.05555555555555555 0.03125 
3 0.2388888888888889 0.040625 0.027777777777777776 0.027083333333333334 
3 0.8770833333333333 0.13645833333333332 0.059722222222222225 0.052083333333333336 
