3 0.6138888888888889 0.4354166666666667 0.1388888888888889 0.17916666666666667 
3 0.7222222222222222 0.171875 0.05277777777777778 0.052083333333333336 
3 0.6722222222222223 0.2989583333333333 0.10555555555555556 0.12708333333333333 
7 0.8006944444444445 0.7958333333333333 0.043055555555555555 0.07916666666666666 
1 0.5173611111111112 0.35625 0.04861111111111111 0.1375 
3 0.5652777777777778 0.09166666666666666 0.05 0.04583333333333333 
3 0.30625 0.196875 0.12361111111111112 0.11041666666666666 
5 0.33125 0.9208333333333333 0.2513888888888889 0.15416666666666667 
3 0.6034722222222222 0.07604166666666666 0.029166666666666667 0.03958333333333333 
3 0.41944444444444445 0.13958333333333334 0.08611111111111111 0.075 
3 0.48055555555555557 0.16875 0.09444444444444444 0.09166666666666666 
7 0.7402777777777778 0.8822916666666667 0.10277777777777777 0.18125 
3 0.175 0.28125 0.1388888888888889 0.14583333333333334 
3 0.7125 0.215625 0.06388888888888888 0.06875 
3 0.7402777777777778 0.134375 0.03888888888888889 0.04791666666666667 
3 0.5152777777777777 0.6770833333333334 0.25277777777777777 0.3416666666666667 
3 0.6979166666666666 0.0625 0.03194444444444444 0.03333333333333333 
3 0.04861111111111111 0.396875 0.09444444444444444 0.18125 
3 0.6298611111111111 0.065625 0.018055555555555554 0.03958333333333333 
3 0.5034722222222222 0.09166666666666666 0.0625 0.0625 
3 0.7548611111111111 0.10520833333333333 0.029166666666666667 0.035416666666666666 
