0 0.6319444444444444 0.19791666666666666 0.075 0.058333333333333334 
3 0.3333333333333333 0.8458333333333333 0.2638888888888889 0.3 
3 0.8708333333333333 0.5770833333333333 0.08888888888888889 0.17916666666666667 
3 0.5576388888888889 0.26875 0.04583333333333333 0.0375 
3 0.8666666666666667 0.33645833333333336 0.044444444444444446 0.07708333333333334 
3 0.4909722222222222 0.30416666666666664 0.07361111111111111 0.07083333333333333 
3 0.8715277777777778 0.4239583333333333 0.05694444444444444 0.09375 
0 0.3951388888888889 0.3645833333333333 0.07361111111111111 0.07083333333333333 
3 0.6138888888888889 0.24583333333333332 0.041666666666666664 0.025 
6 0.11388888888888889 0.503125 0.2222222222222222 0.29791666666666666 
