3 0.2375 0.7989583333333333 0.23055555555555557 0.28125 
3 0.6020833333333333 0.20104166666666667 0.034722222222222224 0.022916666666666665 
7 0.02638888888888889 0.45625 0.019444444444444445 0.08333333333333333 
7 0.31527777777777777 0.2552083333333333 0.019444444444444445 0.06458333333333334 
7 0.8777777777777778 0.3302083333333333 0.019444444444444445 0.07291666666666667 
7 0.6701388888888888 0.4822916666666667 0.03194444444444444 0.15208333333333332 
3 0.46319444444444446 0.8135416666666667 0.19305555555555556 0.3145833333333333 
7 0.0763888888888889 0.43333333333333335 0.019444444444444445 0.07083333333333333 
3 0.4340277777777778 0.3072916666666667 0.07361111111111111 0.07708333333333334 
7 0.6277777777777778 0.5958333333333333 0.044444444444444446 0.17083333333333334 
7 0.12013888888888889 0.4239583333333333 0.020833333333333332 0.08125 
5 0.035416666666666666 0.625 0.06805555555555555 0.17916666666666667 
3 0.27847222222222223 0.46979166666666666 0.14305555555555555 0.16041666666666668 
3 0.6034722222222222 0.253125 0.04861111111111111 0.04791666666666667 
3 0.6465277777777778 0.21145833333333333 0.034722222222222224 0.022916666666666665 
2 0.2604166666666667 0.23125 0.2375 0.1375 
