3 0.9173611111111111 0.171875 0.07361111111111111 0.06041666666666667 
3 0.9277777777777778 0.16458333333333333 0.05277777777777778 0.05416666666666667 
3 0.5416666666666666 0.3614583333333333 0.21666666666666667 0.16875 
3 0.7763888888888889 0.21666666666666667 0.1 0.09166666666666666 
2 0.24930555555555556 0.4114583333333333 0.32083333333333336 0.5479166666666667 
8 0.5652777777777778 0.052083333333333336 0.07777777777777778 0.05416666666666667 
3 0.825 0.20208333333333334 0.1111111111111111 0.09166666666666666 
3 0.8805555555555555 0.19479166666666667 0.08888888888888889 0.08958333333333333 
3 0.8548611111111111 0.19270833333333334 0.09305555555555556 0.08958333333333333 
3 0.6833333333333333 0.17083333333333334 0.10833333333333334 0.09166666666666666 
3 0.09513888888888888 0.17083333333333334 0.04583333333333333 0.05416666666666667 
3 0.5638888888888889 0.12395833333333334 0.06666666666666667 0.09375 
3 0.8923611111111112 0.17708333333333334 0.08472222222222223 0.07083333333333333 
10 0.3215277777777778 0.1875 0.12361111111111112 0.10833333333333334 
10 0.4951388888888889 0.096875 0.10972222222222222 0.07291666666666667 
