3 0.8979166666666667 0.3770833333333333 0.06527777777777778 0.07083333333333333 
3 0.9006944444444445 0.6145833333333334 0.1597222222222222 0.17083333333333334 
3 0.5868055555555556 0.43020833333333336 0.10972222222222222 0.05625 
3 0.5902777777777778 0.31875 0.06666666666666667 0.04583333333333333 
3 0.5826388888888889 0.471875 0.14305555555555555 0.08958333333333333 
3 0.9659722222222222 0.40729166666666666 0.05416666666666667 0.07291666666666667 
3 0.8173611111111111 0.34791666666666665 0.07916666666666666 0.05 
3 0.8409722222222222 0.365625 0.07361111111111111 0.06458333333333334 
3 0.7291666666666666 0.5208333333333334 0.15 0.125 
3 0.8104166666666667 0.559375 0.14583333333333334 0.15208333333333332 
3 0.9638888888888889 0.32395833333333335 0.06111111111111111 0.04791666666666667 
3 0.6430555555555556 0.3572916666666667 0.06666666666666667 0.052083333333333336 
3 0.9388888888888889 0.39166666666666666 0.07222222222222222 0.06666666666666667 
3 0.9611111111111111 0.678125 0.075 0.16458333333333333 
3 0.6868055555555556 0.33229166666666665 0.05694444444444444 0.05625 
3 0.6791666666666667 0.478125 0.125 0.10625 
3 0.25069444444444444 0.7958333333333333 0.1597222222222222 0.24583333333333332 
3 0.7590277777777777 0.3302083333333333 0.05416666666666667 0.04375 
