2 0.19305555555555556 0.24375 0.21388888888888888 0.12083333333333333 
3 0.46111111111111114 0.8072916666666666 0.18888888888888888 0.29791666666666666 
7 0.04097222222222222 0.4375 0.020833333333333332 0.08333333333333333 
5 0.03333333333333333 0.6208333333333333 0.06388888888888888 0.20416666666666666 
7 0.42916666666666664 0.203125 0.008333333333333333 0.04375 
7 0.7708333333333334 0.6520833333333333 0.05277777777777778 0.15 
3 0.17291666666666666 0.853125 0.27361111111111114 0.28541666666666665 
7 0.8729166666666667 0.40520833333333334 0.0125 0.07291666666666667 
7 0.38263888888888886 0.21979166666666666 0.006944444444444444 0.04791666666666667 
3 0.4444444444444444 0.2875 0.07777777777777778 0.0875 
3 0.9333333333333333 0.33645833333333336 0.08055555555555556 0.05625 
3 0.5659722222222222 0.24479166666666666 0.07083333333333333 0.04375 
1 0.10555555555555556 0.6583333333333333 0.07777777777777778 0.1875 
