3 0.21875 0.11770833333333333 0.029166666666666667 0.03125 
3 0.2652777777777778 0.321875 0.12222222222222222 0.12708333333333333 
3 0.07916666666666666 0.23125 0.025 0.04583333333333333 
3 0.11736111111111111 0.23541666666666666 0.06527777777777778 0.075 
8 0.575 0.17708333333333334 0.20277777777777778 0.11666666666666667 
3 0.2763888888888889 0.084375 0.03333333333333333 0.027083333333333334 
3 0.25 0.11666666666666667 0.04722222222222222 0.025 
3 0.33819444444444446 0.065625 0.04027777777777778 0.03125 
8 0.1798611111111111 0.26458333333333334 0.10694444444444444 0.10833333333333334 
3 0.3 0.071875 0.027777777777777776 0.027083333333333334 
