7 0.5340277777777778 0.35833333333333334 0.04583333333333333 0.13333333333333333 
3 0.6680555555555555 0.28229166666666666 0.09444444444444444 0.11875 
3 0.42569444444444443 0.13645833333333332 0.07083333333333333 0.06458333333333334 
3 0.5111111111111111 0.13541666666666666 0.1 0.08333333333333333 
3 0.75 0.11041666666666666 0.03333333333333333 0.04583333333333333 
3 0.5659722222222222 0.07916666666666666 0.04583333333333333 0.05416666666666667 
3 0.6152777777777778 0.090625 0.05 0.05625 
3 0.7131944444444445 0.215625 0.059722222222222225 0.08958333333333333 
3 0.5138888888888888 0.675 0.24444444444444444 0.35833333333333334 
10 0.32708333333333334 0.234375 0.18194444444444444 0.19791666666666666 
3 0.7256944444444444 0.16145833333333334 0.05138888888888889 0.052083333333333336 
3 0.04652777777777778 0.3927083333333333 0.09305555555555556 0.19375 
7 0.7159722222222222 0.30833333333333335 0.03194444444444444 0.08333333333333333 
