2 0.7305555555555555 0.571875 0.5194444444444445 0.4479166666666667 
3 0.4375 0.315625 0.058333333333333334 0.035416666666666666 
3 0.2534722222222222 0.315625 0.02361111111111111 0.022916666666666665 
3 0.7972222222222223 0.3697916666666667 0.1111111111111111 0.06875 
5 0.22430555555555556 0.2989583333333333 0.05416666666666667 0.04375 
3 0.5180555555555556 0.34270833333333334 0.09444444444444444 0.04375 
3 0.3159722222222222 0.31875 0.043055555555555555 0.020833333333333332 
3 0.3798611111111111 0.32395833333333335 0.0625 0.03125 
3 0.93125 0.434375 0.10416666666666667 0.06041666666666667 
5 0.3 0.3020833333333333 0.025 0.0125 
