3 0.3090277777777778 0.240625 0.0875 0.08541666666666667 
9 0.13194444444444445 0.10416666666666667 0.08055555555555556 0.058333333333333334 
3 0.3277777777777778 0.18541666666666667 0.08333333333333333 0.05416666666666667 
3 0.4305555555555556 0.184375 0.06111111111111111 0.04375 
3 0.5201388888888889 0.14270833333333333 0.03194444444444444 0.03125 
3 0.3888888888888889 0.103125 0.03611111111111111 0.022916666666666665 
7 0.7277777777777777 0.6104166666666667 0.044444444444444446 0.10416666666666667 
3 0.8388888888888889 0.9135416666666667 0.30277777777777776 0.16041666666666668 
2 0.2222222222222222 0.6552083333333333 0.44166666666666665 0.68125 
3 0.45902777777777776 0.109375 0.034722222222222224 0.022916666666666665 
3 0.5194444444444445 0.19375 0.058333333333333334 0.05 
6 0.15208333333333332 0.12083333333333333 0.059722222222222225 0.0625 
3 0.4826388888888889 0.13541666666666666 0.0375 0.029166666666666667 
8 0.09236111111111112 0.146875 0.0625 0.04791666666666667 
