8 0.3654970760233918 0.18640350877192982 0.11695906432748537 0.08333333333333333 
3 0.5380116959064327 0.5153508771929824 0.23391812865497075 0.25877192982456143 
3 0.1608187134502924 0.16447368421052633 0.05263157894736842 0.04824561403508772 
5 0.8947368421052632 0.543859649122807 0.1871345029239766 0.21929824561403508 
3 0.20760233918128654 0.15350877192982457 0.04093567251461988 0.03508771929824561 
8 0.3654970760233918 0.6600877192982456 0.36257309941520466 0.4692982456140351 
5 0.049707602339181284 0.21052631578947367 0.04093567251461988 0.05263157894736842 
3 0.33771929824561403 0.23903508771929824 0.11403508771929824 0.09210526315789473 
3 0.49415204678362573 0.13815789473684212 0.07602339181286549 0.04824561403508772 
8 0.6842105263157895 0.18421052631578946 0.12280701754385964 0.07894736842105263 
