10 0.8381944444444445 0.35104166666666664 0.09861111111111111 0.07291666666666667 
3 0.5861111111111111 0.31875 0.07777777777777778 0.05 
3 0.9201388888888888 0.6197916666666666 0.1375 0.16041666666666668 
3 0.4013888888888889 0.43020833333333336 0.07777777777777778 0.08541666666666667 
5 0.9770833333333333 0.6885416666666667 0.0375 0.14375 
3 0.7 0.3375 0.05555555555555555 0.05 
3 0.5868055555555556 0.4197916666666667 0.12916666666666668 0.08125 
3 0.9326388888888889 0.3885416666666667 0.06805555555555555 0.06041666666666667 
3 0.7347222222222223 0.321875 0.06111111111111111 0.052083333333333336 
3 0.5909722222222222 0.45208333333333334 0.09583333333333334 0.07916666666666666 
3 0.7701388888888889 0.5104166666666666 0.1486111111111111 0.12083333333333333 
3 0.9701388888888889 0.4083333333333333 0.04583333333333333 0.09166666666666666 
3 0.6125 0.38333333333333336 0.06388888888888888 0.041666666666666664 
3 0.6722222222222223 0.47291666666666665 0.13055555555555556 0.09166666666666666 
3 0.8701388888888889 0.38125 0.07361111111111111 0.0625 
3 0.8375 0.5583333333333333 0.14166666666666666 0.15 
