3 0.8152777777777778 0.08854166666666667 0.06111111111111111 0.035416666666666666 
8 0.74375 0.37916666666666665 0.3013888888888889 0.2 
3 0.2375 0.041666666666666664 0.030555555555555555 0.025 
3 0.9465277777777777 0.13645833333333332 0.0375 0.027083333333333334 
3 0.5041666666666667 0.1875 0.16944444444444445 0.08333333333333333 
3 0.96875 0.159375 0.0375 0.027083333333333334 
3 0.8625 0.215625 0.10277777777777777 0.04791666666666667 
3 0.9097222222222222 0.10833333333333334 0.03611111111111111 0.025 
3 0.08680555555555555 0.153125 0.07361111111111111 0.05625 
3 0.6381944444444444 0.628125 0.39861111111111114 0.23541666666666666 
3 0.7840277777777778 0.075 0.05138888888888889 0.03333333333333333 
3 0.8520833333333333 0.11354166666666667 0.0375 0.022916666666666665 
3 0.8770833333333333 0.13854166666666667 0.059722222222222225 0.04375 
3 0.7645833333333333 0.06145833333333333 0.04861111111111111 0.027083333333333334 
