5 0.05 0.8729166666666667 0.09722222222222222 0.25 
3 0.6027777777777777 0.071875 0.025 0.03125 
3 0.7270833333333333 0.175 0.043055555555555555 0.0375 
3 0.30625 0.19375 0.12361111111111112 0.1 
3 0.5652777777777778 0.08125 0.05277777777777778 0.04583333333333333 
3 0.6826388888888889 0.10416666666666667 0.0375 0.0375 
3 0.7319444444444444 0.13958333333333334 0.041666666666666664 0.05 
3 0.04861111111111111 0.39791666666666664 0.09722222222222222 0.17916666666666667 
3 0.5111111111111111 0.678125 0.2361111111111111 0.34375 
1 0.5215277777777778 0.346875 0.04861111111111111 0.13958333333333334 
3 0.6826388888888889 0.2708333333333333 0.09861111111111111 0.09583333333333334 
3 0.7180555555555556 0.21458333333333332 0.058333333333333334 0.0625 
3 0.6125 0.42916666666666664 0.1388888888888889 0.175 
3 0.41597222222222224 0.13645833333333332 0.08472222222222223 0.07291666666666667 
