3 0.9395833333333333 0.65 0.11805555555555555 0.175 
3 0.6006944444444444 0.41041666666666665 0.13194444444444445 0.04583333333333333 
3 0.7965277777777777 0.359375 0.04583333333333333 0.052083333333333336 
3 0.9055555555555556 0.590625 0.15555555555555556 0.16458333333333333 
10 0.28888888888888886 0.6802083333333333 0.14722222222222223 0.20208333333333334 
3 0.8451388888888889 0.3625 0.07916666666666666 0.05 
3 0.7027777777777777 0.3416666666666667 0.06388888888888888 0.0625 
3 0.5798611111111112 0.3260416666666667 0.07361111111111111 0.04791666666666667 
3 0.8166666666666667 0.5583333333333333 0.12777777777777777 0.12083333333333333 
3 0.7444444444444445 0.503125 0.16111111111111112 0.13125 
3 0.9215277777777777 0.378125 0.06527777777777778 0.06875 
3 0.5881944444444445 0.44895833333333335 0.10972222222222222 0.08541666666666667 
3 0.6618055555555555 0.48333333333333334 0.12916666666666668 0.09583333333333334 
3 0.7590277777777777 0.3385416666666667 0.04861111111111111 0.03958333333333333 
3 0.9534722222222223 0.4083333333333333 0.07083333333333333 0.07916666666666666 
