3 0.6986111111111111 0.3385416666666667 0.05555555555555555 0.05625 
3 0.9402777777777778 0.6614583333333334 0.10555555555555556 0.18125 
3 0.8090277777777778 0.5645833333333333 0.12361111111111112 0.12083333333333333 
3 0.84375 0.3614583333333333 0.07916666666666666 0.05625 
3 0.6569444444444444 0.48333333333333334 0.11944444444444445 0.09166666666666666 
3 0.5881944444444445 0.4197916666666667 0.12083333333333333 0.06041666666666667 
3 0.5777777777777777 0.328125 0.06944444444444445 0.04791666666666667 
3 0.8979166666666667 0.5875 0.14305555555555555 0.16666666666666666 
3 0.7361111111111112 0.50625 0.15 0.14166666666666666 
3 0.9291666666666667 0.38125 0.06944444444444445 0.07083333333333333 
3 0.2659722222222222 0.8052083333333333 0.15694444444444444 0.22708333333333333 
3 0.5847222222222223 0.45208333333333334 0.10555555555555556 0.08333333333333333 
