3 0.07777777777777778 0.46979166666666666 0.03611111111111111 0.03958333333333333 
3 0.5895833333333333 0.2791666666666667 0.02638888888888889 0.029166666666666667 
3 0.9680555555555556 0.4239583333333333 0.041666666666666664 0.07708333333333334 
3 0.6722222222222223 0.4875 0.12222222222222222 0.09166666666666666 
3 0.5055555555555555 0.33645833333333336 0.07222222222222222 0.035416666666666666 
3 0.7354166666666667 0.33125 0.05138888888888889 0.05 
5 0.3020833333333333 0.31145833333333334 0.0375 0.03125 
3 0.64375 0.30833333333333335 0.0625 0.0375 
3 0.7694444444444445 0.5239583333333333 0.1361111111111111 0.11875 
3 0.8333333333333334 0.571875 0.14722222222222223 0.14791666666666667 
3 0.5819444444444445 0.421875 0.12222222222222222 0.06458333333333334 
3 0.9305555555555556 0.39791666666666664 0.06388888888888888 0.04583333333333333 
3 0.9215277777777777 0.6270833333333333 0.14027777777777778 0.15833333333333333 
3 0.5777777777777777 0.38645833333333335 0.10277777777777777 0.03958333333333333 
3 0.5868055555555556 0.4583333333333333 0.09583333333333334 0.0625 
3 0.3020833333333333 0.8354166666666667 0.15694444444444444 0.25416666666666665 
3 0.5895833333333333 0.325 0.08472222222222223 0.041666666666666664 
5 0.24791666666666667 0.32916666666666666 0.059722222222222225 0.041666666666666664 
3 0.6986111111111111 0.34375 0.044444444444444446 0.0375 
3 0.26666666666666666 0.4125 0.075 0.05 
3 0.8701388888888889 0.39166666666666666 0.07361111111111111 0.05416666666666667 
5 0.9743055555555555 0.6927083333333334 0.04583333333333333 0.16041666666666668 
3 0.8354166666666667 0.36041666666666666 0.09583333333333334 0.06666666666666667 
