3 0.4236111111111111 0.071875 0.1111111111111111 0.06875 
5 0.5597222222222222 0.13229166666666667 0.07777777777777778 0.08541666666666667 
3 0.6840277777777778 0.17291666666666666 0.09861111111111111 0.09583333333333334 
10 0.45 0.08125 0.09166666666666666 0.07083333333333333 
3 0.25833333333333336 0.17708333333333334 0.08333333333333333 0.06666666666666667 
3 0.9583333333333334 0.22083333333333333 0.04722222222222222 0.05416666666666667 
2 0.29097222222222224 0.46770833333333334 0.4152777777777778 0.69375 
3 0.8930555555555556 0.1875 0.06388888888888888 0.06666666666666667 
3 0.8513888888888889 0.20416666666666666 0.08055555555555556 0.09583333333333334 
3 0.5270833333333333 0.11458333333333333 0.04583333333333333 0.0625 
10 0.4930555555555556 0.09791666666666667 0.11388888888888889 0.07916666666666666 
8 0.8854166666666666 0.20625 0.07083333333333333 0.09166666666666666 
3 0.7465277777777778 0.14479166666666668 0.059722222222222225 0.04791666666666667 
3 0.76875 0.13125 0.06805555555555555 0.058333333333333334 
3 0.7784722222222222 0.22083333333333333 0.09305555555555556 0.09166666666666666 
3 0.8243055555555555 0.215625 0.10694444444444444 0.10625 
