3 0.01597222222222222 0.08541666666666667 0.02361111111111111 0.025 
3 0.8604166666666667 0.5135416666666667 0.05694444444444444 0.052083333333333336 
3 0.36875 0.215625 0.08472222222222223 0.052083333333333336 
3 0.6597222222222222 0.375 0.08055555555555556 0.0625 
3 0.04652777777777778 0.09166666666666666 0.04583333333333333 0.029166666666666667 
3 0.21736111111111112 0.14583333333333334 0.05138888888888889 0.029166666666666667 
3 0.9368055555555556 0.5666666666666667 0.04583333333333333 0.041666666666666664 
3 0.30416666666666664 0.5052083333333334 0.3111111111111111 0.29375 
3 0.7736111111111111 0.45416666666666666 0.08333333333333333 0.06666666666666667 
10 0.16458333333333333 0.128125 0.05694444444444444 0.04375 
3 0.8993055555555556 0.5291666666666667 0.034722222222222224 0.04583333333333333 
3 0.5097222222222222 0.290625 0.09444444444444444 0.052083333333333336 
