7 0.07569444444444444 0.49583333333333335 0.029166666666666667 0.0875 
7 0.027777777777777776 0.5114583333333333 0.022222222222222223 0.05625 
7 0.6423611111111112 0.4822916666666667 0.02638888888888889 0.11875 
3 0.4638888888888889 0.815625 0.19722222222222222 0.30625 
2 0.1909722222222222 0.309375 0.37916666666666665 0.22291666666666668 
7 0.6118055555555556 0.5083333333333333 0.029166666666666667 0.1125 
7 0.09930555555555555 0.4708333333333333 0.020833333333333332 0.07083333333333333 
7 0.9597222222222223 0.5385416666666667 0.03611111111111111 0.10208333333333333 
9 0.03611111111111111 0.6208333333333333 0.06388888888888888 0.2 
3 0.2798611111111111 0.7479166666666667 0.23194444444444445 0.2708333333333333 
