10 0.3104166666666667 0.17291666666666666 0.10694444444444444 0.09166666666666666 
3 0.7791666666666667 0.21458333333333332 0.09166666666666666 0.1 
3 0.5069444444444444 0.340625 0.19444444444444445 0.16041666666666668 
3 0.45 0.07708333333333334 0.1 0.07083333333333333 
3 0.7972222222222223 0.11145833333333334 0.08611111111111111 0.03958333333333333 
3 0.8875 0.18958333333333333 0.08333333333333333 0.10416666666666667 
3 0.5590277777777778 0.13020833333333334 0.07361111111111111 0.07708333333333334 
3 0.6861111111111111 0.17083333333333334 0.11388888888888889 0.0875 
3 0.8555555555555555 0.19479166666666667 0.09166666666666666 0.11458333333333333 
2 0.27152777777777776 0.4552083333333333 0.38472222222222224 0.61875 
3 0.75625 0.134375 0.08194444444444444 0.06875 
3 0.10972222222222222 0.16875 0.05555555555555555 0.05416666666666667 
10 0.4951388888888889 0.09166666666666666 0.1125 0.07916666666666666 
3 0.8451388888888889 0.203125 0.07083333333333333 0.10625 
3 0.8951388888888889 0.17083333333333334 0.09861111111111111 0.07916666666666666 
3 0.7965277777777777 0.134375 0.04583333333333333 0.06041666666666667 
