7 0.8166666666666667 0.115625 0.011111111111111112 0.052083333333333336 
3 0.6604166666666667 0.14479166666666668 0.15694444444444444 0.08541666666666667 
3 0.6534722222222222 0.03125 0.0875 0.05 
10 0.6416666666666667 0.08541666666666667 0.19166666666666668 0.1125 
8 0.3770833333333333 0.04791666666666667 0.05416666666666667 0.0375 
3 0.2152777777777778 0.20833333333333334 0.1111111111111111 0.11666666666666667 
5 0.3729166666666667 0.08958333333333333 0.08194444444444444 0.1 
2 0.2916666666666667 0.4239583333333333 0.38333333333333336 0.7229166666666667 
3 0.11805555555555555 0.34479166666666666 0.1388888888888889 0.20208333333333334 
3 0.3263888888888889 0.09270833333333334 0.06388888888888888 0.06875 
3 0.7180555555555556 0.44583333333333336 0.28888888888888886 0.20833333333333334 
