3 0.7291666666666666 0.32395833333333335 0.04722222222222222 0.022916666666666665 
3 0.7402777777777778 0.3302083333333333 0.03888888888888889 0.022916666666666665 
1 0.11041666666666666 0.7333333333333333 0.04583333333333333 0.13333333333333333 
7 0.2743055555555556 0.6614583333333334 0.043055555555555555 0.14375 
3 0.5784722222222223 0.3489583333333333 0.043055555555555555 0.052083333333333336 
10 0.7993055555555556 0.546875 0.15694444444444444 0.19375 
7 0.12569444444444444 0.471875 0.02638888888888889 0.07291666666666667 
3 0.6381944444444444 0.40625 0.07361111111111111 0.07916666666666666 
2 0.6972222222222222 0.6989583333333333 0.5277777777777778 0.5979166666666667 
7 0.46597222222222223 0.934375 0.04027777777777778 0.12291666666666666 
3 0.7951388888888888 0.359375 0.05694444444444444 0.027083333333333334 
2 0.4048611111111111 0.31875 0.04861111111111111 0.07916666666666666 
3 0.7729166666666667 0.346875 0.059722222222222225 0.027083333333333334 
