3 0.46875 0.296875 0.02638888888888889 0.022916666666666665 
6 0.5166666666666667 0.30104166666666665 0.10555555555555556 0.06041666666666667 
3 0.24305555555555555 0.303125 0.03333333333333333 0.027083333333333334 
0 0.3347222222222222 0.284375 0.125 0.08958333333333333 
10 0.34652777777777777 0.309375 0.034722222222222224 0.03125 
2 0.5951388888888889 0.5083333333333333 0.5819444444444445 0.37916666666666665 
3 0.5125 0.3333333333333333 0.07777777777777778 0.03333333333333333 
3 0.4486111111111111 0.30625 0.04722222222222222 0.029166666666666667 
9 0.2125 0.290625 0.027777777777777776 0.03125 
3 0.6479166666666667 0.346875 0.09861111111111111 0.035416666666666666 
3 0.8826388888888889 0.425 0.14027777777777778 0.09166666666666666 
