3 0.1486111111111111 0.6375 0.2972222222222222 0.24166666666666667 
3 0.9708333333333333 0.16041666666666668 0.03333333333333333 0.03333333333333333 
3 0.025 0.16875 0.044444444444444446 0.05416666666666667 
3 0.07430555555555556 0.4239583333333333 0.1486111111111111 0.13541666666666666 
3 0.7881944444444444 0.075 0.04583333333333333 0.025 
3 0.88125 0.140625 0.05694444444444444 0.04791666666666667 
3 0.2388888888888889 0.03958333333333333 0.030555555555555555 0.025 
3 0.2076388888888889 0.09166666666666666 0.0375 0.0375 
3 0.9104166666666667 0.11145833333333334 0.04861111111111111 0.03125 
3 0.7583333333333333 0.06041666666666667 0.041666666666666664 0.020833333333333332 
