3 0.11458333333333333 0.11354166666666667 0.05694444444444444 0.035416666666666666 
9 0.2881944444444444 0.51875 0.5708333333333333 0.7875 
8 0.5958333333333333 0.3458333333333333 0.08611111111111111 0.0625 
5 0.6798611111111111 0.38229166666666664 0.0625 0.05625 
5 0.28055555555555556 0.17604166666666668 0.06666666666666667 0.035416666666666666 
3 0.6784722222222223 0.371875 0.07361111111111111 0.05625 
8 0.8055555555555556 0.47604166666666664 0.07777777777777778 0.06458333333333334 
10 0.9576388888888889 0.575 0.0625 0.05416666666666667 
8 0.4097222222222222 0.2375 0.09722222222222222 0.0625 
3 0.28680555555555554 0.17395833333333333 0.06527777777777778 0.04791666666666667 
5 0.1125 0.115625 0.05 0.035416666666666666 
5 0.2125 0.15729166666666666 0.044444444444444446 0.035416666666666666 
3 0.21319444444444444 0.15520833333333334 0.05694444444444444 0.04375 
