8 0.8388888888888889 0.43645833333333334 0.125 0.08541666666666667 
8 0.7104166666666667 0.28854166666666664 0.06805555555555555 0.03958333333333333 
5 0.84375 0.2875 0.018055555555555554 0.029166666666666667 
3 0.5541666666666667 0.35625 0.09722222222222222 0.08333333333333333 
3 0.38680555555555557 0.21875 0.029166666666666667 0.020833333333333332 
3 0.3388888888888889 0.19583333333333333 0.022222222222222223 0.025 
8 0.7659722222222223 0.284375 0.05694444444444444 0.03125 
8 0.8277777777777777 0.375 0.09166666666666666 0.0625 
3 0.4534722222222222 0.2625 0.04861111111111111 0.04583333333333333 
3 0.5680555555555555 0.26458333333333334 0.03611111111111111 0.03333333333333333 
7 0.5902777777777778 0.2864583333333333 0.011111111111111112 0.04791666666666667 
