3 0.7618055555555555 0.0625 0.05138888888888889 0.016666666666666666 
3 0.9631944444444445 0.25729166666666664 0.05416666666666667 0.05625 
3 0.47291666666666665 0.39375 0.2513888888888889 0.15833333333333333 
3 0.8791666666666667 0.14375 0.06111111111111111 0.04583333333333333 
3 0.32013888888888886 0.21145833333333333 0.16527777777777777 0.10208333333333333 
3 0.0875 0.153125 0.07777777777777778 0.052083333333333336 
3 0.9652777777777778 0.16041666666666668 0.03611111111111111 0.025 
3 0.2388888888888889 0.046875 0.030555555555555555 0.027083333333333334 
3 0.7902777777777777 0.08541666666666667 0.05555555555555555 0.025 
3 0.9111111111111111 0.11354166666666667 0.04722222222222222 0.022916666666666665 
3 0.8236111111111111 0.19375 0.09722222222222222 0.05 
