3 0.3020833333333333 0.04583333333333333 0.06805555555555555 0.0625 
3 0.1284722222222222 0.084375 0.059722222222222225 0.06458333333333334 
1 0.20208333333333334 0.9229166666666667 0.19583333333333333 0.15 
3 0.7166666666666667 0.13020833333333334 0.075 0.06041666666666667 
3 0.17708333333333334 0.11354166666666667 0.07916666666666666 0.08125 
3 0.8201388888888889 0.109375 0.034722222222222224 0.04375 
3 0.24861111111111112 0.03333333333333333 0.05 0.04583333333333333 
3 0.9451388888888889 0.209375 0.02638888888888889 0.03958333333333333 
3 0.3798611111111111 0.07395833333333333 0.09861111111111111 0.07291666666666667 
3 0.91875 0.14583333333333334 0.034722222222222224 0.04583333333333333 
3 0.7729166666666667 0.121875 0.059722222222222225 0.052083333333333336 
3 0.9201388888888888 0.26458333333333334 0.059722222222222225 0.09166666666666666 
