10 0.4895833333333333 0.29375 0.0875 0.08333333333333333 
8 0.7666666666666667 0.2916666666666667 0.05277777777777778 0.0375 
8 0.7118055555555556 0.29375 0.0625 0.029166666666666667 
8 0.8375 0.4375 0.1111111111111111 0.0875 
3 0.74375 0.35 0.06527777777777778 0.041666666666666664 
3 0.41875 0.23229166666666667 0.0375 0.03125 
7 0.6604166666666667 0.3302083333333333 0.018055555555555554 0.05625 
8 0.8243055555555555 0.38229166666666664 0.0875 0.06458333333333334 
7 0.6465277777777778 0.34270833333333334 0.009722222222222222 0.03958333333333333 
5 0.9083333333333333 0.746875 0.1527777777777778 0.27708333333333335 
