3 0.64375 0.21979166666666666 0.02638888888888889 0.027083333333333334 
3 0.5451388888888888 0.278125 0.05416666666666667 0.04375 
10 0.11388888888888889 0.54375 0.22777777777777777 0.2833333333333333 
8 0.5909722222222222 0.24583333333333332 0.04861111111111111 0.04583333333333333 
3 0.5472222222222223 0.24166666666666667 0.05555555555555555 0.04583333333333333 
3 0.8722222222222222 0.42291666666666666 0.06111111111111111 0.09583333333333334 
3 0.7416666666666667 0.22083333333333333 0.03333333333333333 0.04583333333333333 
3 0.8743055555555556 0.565625 0.09305555555555556 0.16458333333333333 
8 0.3861111111111111 0.36875 0.14722222222222223 0.10833333333333334 
3 0.8659722222222223 0.3375 0.05694444444444444 0.07916666666666666 
3 0.4305555555555556 0.25 0.05 0.029166666666666667 
3 0.33819444444444446 0.8270833333333333 0.3263888888888889 0.3416666666666667 
