3 0.8229166666666666 0.37395833333333334 0.0625 0.04375 
3 0.5423611111111111 0.31145833333333334 0.034722222222222224 0.035416666666666666 
7 0.3958333333333333 0.859375 0.05 0.05625 
7 0.2 0.6052083333333333 0.025 0.11041666666666666 
8 0.95625 0.38125 0.06527777777777778 0.0375 
7 0.40694444444444444 0.9385416666666667 0.05555555555555555 0.11041666666666666 
3 0.7201388888888889 0.475 0.09861111111111111 0.10416666666666667 
2 0.5256944444444445 0.41354166666666664 0.1486111111111111 0.19375 
3 0.5722222222222222 0.34270833333333334 0.03333333333333333 0.035416666666666666 
7 0.2777777777777778 0.4625 0.022222222222222223 0.10416666666666667 
3 0.7770833333333333 0.35520833333333335 0.06805555555555555 0.03125 
3 0.6194444444444445 0.378125 0.05277777777777778 0.05625 
7 0.21944444444444444 0.5947916666666667 0.027777777777777776 0.09375 
3 0.8465277777777778 0.3416666666666667 0.043055555555555555 0.03333333333333333 
