3 0.7701388888888889 0.5083333333333333 0.14583333333333334 0.1125 
3 0.9222222222222223 0.621875 0.14722222222222223 0.16041666666666668 
3 0.5847222222222223 0.32083333333333336 0.08055555555555556 0.04583333333333333 
10 0.8368055555555556 0.353125 0.09305555555555556 0.06875 
3 0.5805555555555556 0.425 0.12777777777777777 0.0875 
3 0.6986111111111111 0.340625 0.058333333333333334 0.04375 
3 0.96875 0.409375 0.04583333333333333 0.08125 
7 0.0875 0.44375 0.016666666666666666 0.04583333333333333 
3 0.5868055555555556 0.44583333333333336 0.09583333333333334 0.07916666666666666 
3 0.8673611111111111 0.378125 0.06527777777777778 0.06458333333333334 
4 0.32013888888888886 0.8020833333333334 0.06527777777777778 0.15416666666666667 
5 0.9722222222222222 0.684375 0.05277777777777778 0.13541666666666666 
3 0.6201388888888889 0.384375 0.07916666666666666 0.05625 
3 0.9284722222222223 0.3885416666666667 0.05416666666666667 0.04375 
3 0.8354166666666667 0.5625 0.1375 0.15416666666666667 
3 0.7354166666666667 0.3229166666666667 0.05138888888888889 0.04583333333333333 
3 0.6708333333333333 0.4739583333333333 0.125 0.09791666666666667 
7 0.10833333333333334 0.44583333333333336 0.019444444444444445 0.041666666666666664 
