7 0.6208333333333333 0.24479166666666666 0.013888888888888888 0.05625 
7 0.3958333333333333 0.14583333333333334 0.008333333333333333 0.029166666666666667 
7 0.4041666666666667 0.14791666666666667 0.008333333333333333 0.025 
7 0.6708333333333333 0.26666666666666666 0.019444444444444445 0.0625 
2 0.7847222222222222 0.7760416666666666 0.40555555555555556 0.4395833333333333 
5 0.9631944444444445 0.884375 0.043055555555555555 0.12708333333333333 
7 0.5680555555555555 0.19583333333333333 0.011111111111111112 0.04583333333333333 
3 0.9361111111111111 0.7375 0.10277777777777777 0.175 
7 0.65625 0.22916666666666666 0.018055555555555554 0.04583333333333333 
3 0.8909722222222223 0.6052083333333333 0.17083333333333334 0.14791666666666667 
7 0.60625 0.21979166666666666 0.018055555555555554 0.06875 
7 0.6354166666666666 0.24375 0.015277777777777777 0.05 
