2 0.8875 0.3614583333333333 0.21388888888888888 0.20625 
3 0.4638888888888889 0.22916666666666666 0.019444444444444445 0.016666666666666666 
3 0.69375 0.25625 0.04583333333333333 0.04583333333333333 
3 0.6604166666666667 0.2677083333333333 0.0625 0.03958333333333333 
3 0.6069444444444444 0.24375 0.041666666666666664 0.029166666666666667 
3 0.7444444444444445 0.29375 0.058333333333333334 0.041666666666666664 
2 0.5194444444444445 0.21145833333333333 0.058333333333333334 0.052083333333333336 
10 0.6118055555555556 0.2125 0.034722222222222224 0.020833333333333332 
3 0.4388888888888889 0.284375 0.04722222222222222 0.052083333333333336 
3 0.4534722222222222 0.24479166666666666 0.029166666666666667 0.03958333333333333 
3 0.4097222222222222 0.328125 0.075 0.08125 
3 0.6444444444444445 0.234375 0.03333333333333333 0.027083333333333334 
3 0.30694444444444446 0.5354166666666667 0.125 0.175 
5 0.02638888888888889 0.2864583333333333 0.03333333333333333 0.05625 
3 0.5708333333333333 0.22395833333333334 0.030555555555555555 0.022916666666666665 
