3 0.32569444444444445 0.6635416666666667 0.11805555555555555 0.14791666666666667 
3 0.5895833333333333 0.41458333333333336 0.12916666666666668 0.05416666666666667 
3 0.7 0.34479166666666666 0.05555555555555555 0.04791666666666667 
3 0.9229166666666667 0.38645833333333335 0.0625 0.06875 
3 0.5805555555555556 0.328125 0.07222222222222222 0.04375 
3 0.7986111111111112 0.35625 0.058333333333333334 0.05 
3 0.8444444444444444 0.3625 0.07777777777777778 0.058333333333333334 
3 0.6513888888888889 0.36041666666666666 0.03888888888888889 0.04583333333333333 
3 0.8145833333333333 0.5583333333333333 0.12916666666666668 0.12083333333333333 
3 0.5888888888888889 0.4552083333333333 0.10833333333333334 0.08958333333333333 
3 0.7423611111111111 0.50625 0.15416666666666667 0.1375 
3 0.9583333333333334 0.4083333333333333 0.06666666666666667 0.075 
3 0.8972222222222223 0.590625 0.14444444444444443 0.16041666666666668 
3 0.7597222222222222 0.340625 0.04722222222222222 0.035416666666666666 
3 0.6597222222222222 0.4822916666666667 0.12222222222222222 0.09791666666666667 
3 0.6104166666666667 0.3885416666666667 0.06527777777777778 0.027083333333333334 
3 0.9409722222222222 0.6583333333333333 0.10694444444444444 0.17083333333333334 
