3 0.94375 0.13958333333333334 0.03194444444444444 0.03333333333333333 
3 0.7930555555555555 0.075 0.04722222222222222 0.029166666666666667 
3 0.8208333333333333 0.090625 0.07222222222222222 0.03125 
3 0.9673611111111111 0.15625 0.04027777777777778 0.03333333333333333 
3 0.425 0.38125 0.30277777777777776 0.1625 
3 0.9118055555555555 0.11458333333333333 0.04861111111111111 0.025 
3 0.46111111111111114 0.609375 0.375 0.23125 
3 0.8791666666666667 0.140625 0.06111111111111111 0.04791666666666667 
3 0.7666666666666667 0.06041666666666667 0.05277777777777778 0.025 
3 0.9555555555555556 0.40208333333333335 0.075 0.12083333333333333 
3 0.8486111111111111 0.11875 0.04722222222222222 0.029166666666666667 
3 0.08888888888888889 0.15416666666666667 0.075 0.05416666666666667 
