3 0.3638888888888889 0.409375 0.08611111111111111 0.10625 
2 0.8354166666666667 0.3302083333333333 0.25416666666666665 0.18125 
2 0.5708333333333333 0.20625 0.08611111111111111 0.06666666666666667 
5 0.022916666666666665 0.29270833333333335 0.04583333333333333 0.06875 
3 0.08333333333333333 0.28020833333333334 0.06111111111111111 0.03958333333333333 
3 0.6263888888888889 0.23645833333333333 0.03888888888888889 0.027083333333333334 
3 0.44513888888888886 0.265625 0.043055555555555555 0.04791666666666667 
3 0.4652777777777778 0.22604166666666667 0.027777777777777776 0.03125 
3 0.18888888888888888 0.23229166666666667 0.022222222222222223 0.03125 
3 0.6722222222222223 0.23125 0.03333333333333333 0.025 
