3 0.8722222222222222 0.3802083333333333 0.07222222222222222 0.05625 
3 0.8416666666666667 0.35 0.10277777777777777 0.07916666666666666 
2 0.18055555555555555 0.71875 0.35555555555555557 0.55 
3 0.76875 0.509375 0.1375 0.11458333333333333 
3 0.66875 0.47291666666666665 0.12083333333333333 0.09583333333333334 
3 0.9263888888888889 0.6229166666666667 0.1361111111111111 0.16666666666666666 
3 0.9666666666666667 0.4083333333333333 0.044444444444444446 0.08333333333333333 
3 0.5909722222222222 0.44583333333333336 0.09861111111111111 0.06666666666666667 
3 0.5840277777777778 0.4125 0.12638888888888888 0.0625 
3 0.8381944444444445 0.5625 0.14583333333333334 0.15416666666666667 
3 0.5861111111111111 0.3177083333333333 0.07777777777777778 0.04791666666666667 
