10 0.5380116959064327 0.27631578947368424 0.18128654970760233 0.13157894736842105 
3 0.5628654970760234 0.13815789473684212 0.0847953216374269 0.039473684210526314 
3 0.7032163742690059 0.13815789473684212 0.07309941520467836 0.039473684210526314 
3 0.18567251461988304 0.14692982456140352 0.049707602339181284 0.039473684210526314 
3 0.25877192982456143 0.12938596491228072 0.043859649122807015 0.03070175438596491 
3 0.23391812865497075 0.1513157894736842 0.05263157894736842 0.03070175438596491 
3 0.7675438596491229 0.19078947368421054 0.10818713450292397 0.05701754385964912 
3 0.4956140350877193 0.35964912280701755 0.2134502923976608 0.13157894736842105 
3 0.3347953216374269 0.13157894736842105 0.049707602339181284 0.02631578947368421 
3 0.42543859649122806 0.14912280701754385 0.07894736842105263 0.02631578947368421 
