8 0.59375 0.5114583333333333 0.2791666666666667 0.27291666666666664 
3 0.96875 0.5802083333333333 0.04583333333333333 0.05625 
3 0.46597222222222223 0.26666666666666666 0.08194444444444444 0.05416666666666667 
3 0.9354166666666667 0.5697916666666667 0.05416666666666667 0.04791666666666667 
3 0.7173611111111111 0.4125 0.08194444444444444 0.06666666666666667 
3 0.05486111111111111 0.09375 0.043055555555555555 0.0375 
8 0.32013888888888886 0.484375 0.3013888888888889 0.31875 
3 0.3138888888888889 0.18854166666666666 0.06111111111111111 0.03958333333333333 
3 0.5319444444444444 0.28541666666666665 0.05555555555555555 0.05 
3 0.19375 0.146875 0.059722222222222225 0.03125 
3 0.8548611111111111 0.5041666666666667 0.059722222222222225 0.058333333333333334 
