3 0.81875 0.3697916666666667 0.0625 0.03125 
7 0.05416666666666667 0.59375 0.03333333333333333 0.10416666666666667 
10 0.5659722222222222 0.328125 0.04583333333333333 0.04791666666666667 
3 0.7513888888888889 0.7197916666666667 0.16666666666666666 0.19791666666666666 
2 0.4576388888888889 0.4791666666666667 0.20416666666666666 0.2791666666666667 
5 0.63125 0.38125 0.07083333333333333 0.09166666666666666 
3 0.9555555555555556 0.75625 0.075 0.175 
3 0.7243055555555555 0.484375 0.08472222222222223 0.10208333333333333 
3 0.9486111111111111 0.375 0.05 0.03333333333333333 
3 0.7930555555555555 0.35625 0.075 0.0375 
