7 0.19305555555555556 0.6729166666666667 0.03888888888888889 0.1625 
3 0.5430555555555555 0.2989583333333333 0.03333333333333333 0.04791666666666667 
3 0.7583333333333333 0.34375 0.05277777777777778 0.025 
3 0.7895833333333333 0.3572916666666667 0.06527777777777778 0.03125 
3 0.9534722222222223 0.3770833333333333 0.05138888888888889 0.025 
3 0.9291666666666667 0.7385416666666667 0.1388888888888889 0.22291666666666668 
3 0.7152777777777778 0.31875 0.03888888888888889 0.025 
3 0.8368055555555556 0.3416666666666667 0.0375 0.029166666666666667 
3 0.5701388888888889 0.3385416666666667 0.0375 0.03958333333333333 
2 0.47847222222222224 0.36770833333333336 0.1125 0.13541666666666666 
3 0.49236111111111114 0.2791666666666667 0.018055555555555554 0.020833333333333332 
3 0.9111111111111111 0.3625 0.03888888888888889 0.029166666666666667 
3 0.7333333333333333 0.33229166666666665 0.04722222222222222 0.022916666666666665 
2 0.40347222222222223 0.41354166666666664 0.09583333333333334 0.17291666666666666 
3 0.5944444444444444 0.478125 0.07777777777777778 0.08541666666666667 
3 0.8791666666666667 0.35 0.044444444444444446 0.03333333333333333 
