3 0.34097222222222223 0.06979166666666667 0.043055555555555555 0.027083333333333334 
3 0.08263888888888889 0.23645833333333333 0.029166666666666667 0.04791666666666667 
3 0.22291666666666668 0.10208333333333333 0.043055555555555555 0.020833333333333332 
3 0.24930555555555556 0.12291666666666666 0.04861111111111111 0.025 
3 0.18125 0.26979166666666665 0.10416666666666667 0.11041666666666666 
3 0.1527777777777778 0.11041666666666666 0.025 0.0125 
3 0.1388888888888889 0.121875 0.030555555555555555 0.014583333333333334 
3 0.7395833333333334 0.24375 0.17083333333333334 0.1 
3 0.05694444444444444 0.21875 0.022222222222222223 0.03333333333333333 
3 0.2701388888888889 0.08958333333333333 0.043055555555555555 0.025 
3 0.21388888888888888 0.13125 0.025 0.016666666666666666 
3 0.06458333333333334 0.225 0.02361111111111111 0.0375 
3 0.11805555555555555 0.24479166666666666 0.06666666666666667 0.08541666666666667 
3 0.11944444444444445 0.13958333333333334 0.03611111111111111 0.020833333333333332 
8 0.40902777777777777 0.06458333333333334 0.034722222222222224 0.025 
3 0.17916666666666667 0.10208333333333333 0.03333333333333333 0.025 
3 0.36527777777777776 0.11770833333333333 0.075 0.04375 
3 0.325 0.08333333333333333 0.030555555555555555 0.016666666666666666 
3 0.05138888888888889 0.18020833333333333 0.019444444444444445 0.022916666666666665 
3 0.3055555555555556 0.07083333333333333 0.03333333333333333 0.016666666666666666 
3 0.04375 0.21354166666666666 0.015277777777777777 0.03125 
3 0.29097222222222224 0.078125 0.04861111111111111 0.022916666666666665 
