3 0.6534722222222222 0.37916666666666665 0.25972222222222224 0.175 
3 0.23680555555555555 0.11145833333333334 0.05138888888888889 0.04791666666666667 
3 0.8138888888888889 0.090625 0.06111111111111111 0.03958333333333333 
3 0.8520833333333333 0.11666666666666667 0.043055555555555555 0.029166666666666667 
3 0.016666666666666666 0.19166666666666668 0.027777777777777776 0.03333333333333333 
8 0.23819444444444443 0.04791666666666667 0.02638888888888889 0.025 
3 0.8777777777777778 0.13958333333333334 0.06388888888888888 0.05 
3 0.9659722222222222 0.15729166666666666 0.04027777777777778 0.03125 
3 0.22569444444444445 0.19270833333333334 0.14305555555555555 0.08958333333333333 
3 0.9083333333333333 0.1125 0.041666666666666664 0.025 
3 0.5152777777777777 0.64375 0.4083333333333333 0.25416666666666665 
3 0.9416666666666667 0.1375 0.03333333333333333 0.0375 
3 0.8902777777777777 0.09375 0.022222222222222223 0.016666666666666666 
8 0.02361111111111111 0.253125 0.044444444444444446 0.06458333333333334 
