3 0.56875 0.3875 0.08472222222222223 0.025 
5 0.9743055555555555 0.703125 0.043055555555555555 0.14375 
3 0.5840277777777778 0.428125 0.12916666666666668 0.06875 
3 0.8368055555555556 0.3614583333333333 0.09583333333333334 0.07708333333333334 
3 0.6979166666666666 0.3416666666666667 0.05138888888888889 0.05 
3 0.9215277777777777 0.6322916666666667 0.14305555555555555 0.16875 
3 0.4465277777777778 0.43645833333333334 0.06805555555555555 0.06875 
3 0.7645833333333333 0.5239583333333333 0.1375 0.13125 
3 0.96875 0.4239583333333333 0.04861111111111111 0.08541666666666667 
3 0.8368055555555556 0.5739583333333333 0.14583333333333334 0.15208333333333332 
3 0.7361111111111112 0.3302083333333333 0.044444444444444446 0.04791666666666667 
3 0.6701388888888888 0.48854166666666665 0.12916666666666668 0.10208333333333333 
3 0.5055555555555555 0.3614583333333333 0.05555555555555555 0.06458333333333334 
3 0.2513888888888889 0.6385416666666667 0.125 0.13958333333333334 
3 0.3402777777777778 0.740625 0.1361111111111111 0.21458333333333332 
3 0.46041666666666664 0.3541666666666667 0.04027777777777778 0.041666666666666664 
3 0.9291666666666667 0.4 0.06111111111111111 0.058333333333333334 
3 0.8680555555555556 0.3927083333333333 0.06944444444444445 0.06458333333333334 
3 0.5923611111111111 0.3260416666666667 0.07916666666666666 0.04791666666666667 
3 0.5902777777777778 0.4625 0.09444444444444444 0.07916666666666666 
