3 0.84375 0.5572916666666666 0.15138888888888888 0.16041666666666668 
3 0.7729166666666667 0.5072916666666667 0.14305555555555555 0.12708333333333333 
3 0.5888888888888889 0.4479166666666667 0.09444444444444444 0.08333333333333333 
3 0.61875 0.3854166666666667 0.06805555555555555 0.041666666666666664 
3 0.5868055555555556 0.315625 0.0763888888888889 0.052083333333333336 
3 0.9729166666666667 0.68125 0.034722222222222224 0.12083333333333333 
3 0.5888888888888889 0.421875 0.1388888888888889 0.07291666666666667 
3 0.9215277777777777 0.6104166666666667 0.13472222222222222 0.17083333333333334 
3 0.34791666666666665 0.653125 0.10694444444444444 0.13958333333333334 
3 0.9680555555555556 0.4 0.041666666666666664 0.09166666666666666 
3 0.6763888888888889 0.46770833333333334 0.13333333333333333 0.09791666666666667 
3 0.7069444444444445 0.328125 0.04722222222222222 0.052083333333333336 
3 0.8416666666666667 0.33645833333333336 0.1 0.05625 
3 0.9333333333333333 0.38229166666666664 0.06111111111111111 0.05625 
3 0.8770833333333333 0.37604166666666666 0.07916666666666666 0.06458333333333334 
3 0.7375 0.3145833333333333 0.04722222222222222 0.05 
