3 0.1701388888888889 0.11458333333333333 0.05416666666666667 0.04583333333333333 
3 0.8826388888888889 0.525 0.2125 0.18333333333333332 
3 0.20902777777777778 0.46875 0.23194444444444445 0.1875 
3 0.049305555555555554 0.284375 0.09583333333333334 0.09791666666666667 
5 0.01597222222222222 0.353125 0.029166666666666667 0.08125 
3 0.13055555555555556 0.11875 0.05277777777777778 0.05 
3 0.175 0.3072916666666667 0.15555555555555556 0.12291666666666666 
8 0.8416666666666667 0.6958333333333333 0.29444444444444445 0.23333333333333334 
3 0.41458333333333336 0.36666666666666664 0.25416666666666665 0.17083333333333334 
3 0.22847222222222222 0.11666666666666667 0.06805555555555555 0.05 
