3 0.8111111111111111 0.08958333333333333 0.05277777777777778 0.03333333333333333 
3 0.08958333333333333 0.15104166666666666 0.07083333333333333 0.035416666666666666 
3 0.8805555555555555 0.1375 0.06666666666666667 0.041666666666666664 
3 0.5090277777777777 0.146875 0.1375 0.08541666666666667 
3 0.14722222222222223 0.609375 0.2833333333333333 0.23125 
3 0.7625 0.058333333333333334 0.05 0.025 
3 0.8479166666666667 0.11458333333333333 0.04027777777777778 0.020833333333333332 
3 0.9472222222222222 0.13645833333333332 0.041666666666666664 0.022916666666666665 
3 0.2375 0.04583333333333333 0.027777777777777776 0.025 
3 0.32013888888888886 0.05 0.029166666666666667 0.029166666666666667 
3 0.4534722222222222 0.3927083333333333 0.30694444444444446 0.17291666666666666 
3 0.9090277777777778 0.10729166666666666 0.04583333333333333 0.022916666666666665 
3 0.7791666666666667 0.071875 0.030555555555555555 0.01875 
3 0.9701388888888889 0.153125 0.0375 0.03125 
