3 0.27847222222222223 0.3927083333333333 0.0875 0.07708333333333334 
3 0.3875 0.36875 0.08333333333333333 0.075 
3 0.46319444444444446 0.6729166666666667 0.19027777777777777 0.22083333333333333 
3 0.7541666666666667 0.2604166666666667 0.03611111111111111 0.0375 
3 0.8722222222222222 0.4239583333333333 0.06111111111111111 0.09375 
3 0.8722222222222222 0.5708333333333333 0.09166666666666666 0.17083333333333334 
6 0.0763888888888889 0.5239583333333333 0.14444444444444443 0.30625 
3 0.6333333333333333 0.24583333333333332 0.027777777777777776 0.029166666666666667 
3 0.45902777777777776 0.25416666666666665 0.04861111111111111 0.025 
3 0.8694444444444445 0.3375 0.05 0.07083333333333333 
