3 0.84375 0.3625 0.07361111111111111 0.0625 
3 0.9020833333333333 0.6145833333333334 0.16527777777777777 0.175 
3 0.6770833333333334 0.46770833333333334 0.1125 0.10208333333333333 
3 0.5951388888888889 0.31875 0.07361111111111111 0.04583333333333333 
3 0.6590277777777778 0.34375 0.043055555555555555 0.03333333333333333 
3 0.8090277777777778 0.5583333333333333 0.14305555555555555 0.14583333333333334 
3 0.5861111111111111 0.43125 0.11944444444444445 0.05416666666666667 
3 0.7284722222222222 0.5260416666666666 0.15416666666666667 0.12291666666666666 
3 0.6888888888888889 0.328125 0.05 0.03958333333333333 
3 0.9013888888888889 0.3770833333333333 0.07777777777777778 0.05416666666666667 
3 0.4048611111111111 0.465625 0.07083333333333333 0.06875 
6 0.9673611111111111 0.32395833333333335 0.05416666666666667 0.08541666666666667 
3 0.9347222222222222 0.39479166666666665 0.06388888888888888 0.07291666666666667 
3 0.5840277777777778 0.47291666666666665 0.14583333333333334 0.0875 
3 0.6368055555555555 0.37083333333333335 0.08194444444444444 0.04583333333333333 
3 0.9666666666666667 0.41354166666666664 0.05 0.07708333333333334 
5 0.9590277777777778 0.6833333333333333 0.07083333333333333 0.1625 
3 0.7583333333333333 0.3385416666666667 0.05277777777777778 0.04375 
3 0.80625 0.346875 0.04583333333333333 0.035416666666666666 
