3 0.575 0.29583333333333334 0.13333333333333333 0.07083333333333333 
3 0.6298611111111111 0.24375 0.09583333333333334 0.041666666666666664 
7 0.025 0.43854166666666666 0.013888888888888888 0.04791666666666667 
7 0.38958333333333334 0.49375 0.0375 0.10416666666666667 
2 0.24097222222222223 0.23229166666666667 0.2263888888888889 0.11875 
3 0.06180555555555556 0.303125 0.05416666666666667 0.035416666666666666 
3 0.20208333333333334 0.8385416666666666 0.2708333333333333 0.31875 
9 0.03263888888888889 0.6260416666666667 0.06527777777777778 0.21041666666666667 
7 0.18958333333333333 0.465625 0.02638888888888889 0.09375 
7 0.11875 0.4895833333333333 0.034722222222222224 0.0875 
3 0.46111111111111114 0.8125 0.19722222222222222 0.30833333333333335 
10 0.24305555555555555 0.259375 0.08888888888888889 0.04791666666666667 
