3 0.2076388888888889 0.08854166666666667 0.04583333333333333 0.035416666666666666 
3 0.2361111111111111 0.03854166666666667 0.027777777777777776 0.027083333333333334 
3 0.9680555555555556 0.16145833333333334 0.03611111111111111 0.03125 
3 0.9097222222222222 0.11145833333333334 0.05 0.03958333333333333 
3 0.7881944444444444 0.08229166666666667 0.05694444444444444 0.035416666666666666 
3 0.7631944444444444 0.057291666666666664 0.05694444444444444 0.01875 
3 0.8763888888888889 0.13541666666666666 0.06388888888888888 0.05 
3 0.1638888888888889 0.20104166666666667 0.11944444444444445 0.07291666666666667 
3 0.0875 0.15104166666666666 0.075 0.052083333333333336 
8 0.17569444444444443 0.4239583333333333 0.31805555555555554 0.20625 
