3 0.24097222222222223 0.041666666666666664 0.029166666666666667 0.020833333333333332 
3 0.7645833333333333 0.06354166666666666 0.04583333333333333 0.035416666666666666 
3 0.7895833333333333 0.08229166666666667 0.04583333333333333 0.03125 
3 0.8784722222222222 0.13854166666666667 0.0625 0.03958333333333333 
3 0.79375 0.37083333333333335 0.2152777777777778 0.1625 
3 0.3347222222222222 0.04583333333333333 0.027777777777777776 0.029166666666666667 
3 0.9694444444444444 0.16145833333333334 0.030555555555555555 0.022916666666666665 
5 0.015277777777777777 0.621875 0.027777777777777776 0.15208333333333332 
3 0.7263888888888889 0.041666666666666664 0.030555555555555555 0.029166666666666667 
3 0.9118055555555555 0.11041666666666666 0.04583333333333333 0.029166666666666667 
3 0.7145833333333333 0.075 0.04861111111111111 0.041666666666666664 
