3 0.9444444444444444 0.14270833333333333 0.030555555555555555 0.022916666666666665 
3 0.7861111111111111 0.07708333333333334 0.03888888888888889 0.020833333333333332 
3 0.9104166666666667 0.11354166666666667 0.04027777777777778 0.022916666666666665 
3 0.9715277777777778 0.15833333333333333 0.04027777777777778 0.029166666666666667 
3 0.2388888888888889 0.04583333333333333 0.030555555555555555 0.025 
3 0.9291666666666667 0.12916666666666668 0.027777777777777776 0.016666666666666666 
8 0.23194444444444445 0.6125 0.3888888888888889 0.26666666666666666 
8 0.12986111111111112 0.41875 0.25416666666666665 0.18333333333333332 
3 0.8513888888888889 0.11979166666666667 0.044444444444444446 0.022916666666666665 
3 0.8784722222222222 0.14479166666666668 0.05694444444444444 0.04375 
3 0.8138888888888889 0.09583333333333334 0.06111111111111111 0.03333333333333333 
3 0.08819444444444445 0.15625 0.07083333333333333 0.05 
