3 0.18819444444444444 0.240625 0.12916666666666668 0.07708333333333334 
3 0.17291666666666666 0.115625 0.04583333333333333 0.04375 
3 0.12916666666666668 0.12083333333333333 0.05 0.05 
3 0.23333333333333334 0.11145833333333334 0.08055555555555556 0.04375 
3 0.8715277777777778 0.5333333333333333 0.2263888888888889 0.19166666666666668 
3 0.6729166666666667 0.36354166666666665 0.20972222222222223 0.13125 
3 0.05 0.2864583333333333 0.09166666666666666 0.10625 
3 0.22847222222222222 0.32395833333333335 0.17916666666666667 0.11458333333333333 
5 0.018055555555555554 0.34375 0.03333333333333333 0.09166666666666666 
3 0.25416666666666665 0.48541666666666666 0.2638888888888889 0.2 
