3 0.8673611111111111 0.33645833333333336 0.05694444444444444 0.07708333333333334 
8 0.6305555555555555 0.221875 0.04722222222222222 0.052083333333333336 
3 0.5826388888888889 0.2552083333333333 0.043055555555555555 0.035416666666666666 
8 0.29583333333333334 0.43333333333333335 0.1388888888888889 0.1125 
3 0.8715277777777778 0.425 0.059722222222222225 0.1 
10 0.6152777777777778 0.209375 0.030555555555555555 0.035416666666666666 
3 0.525 0.284375 0.05555555555555555 0.05625 
6 0.3888888888888889 0.359375 0.058333333333333334 0.07291666666666667 
0 0.6944444444444444 0.18645833333333334 0.04722222222222222 0.06041666666666667 
3 0.8701388888888889 0.5645833333333333 0.09027777777777778 0.15416666666666667 
3 0.34930555555555554 0.5729166666666666 0.18194444444444444 0.1875 
3 0.075 0.6052083333333333 0.1388888888888889 0.14375 
