3 0.7006944444444444 0.340625 0.05416666666666667 0.052083333333333336 
3 0.5909722222222222 0.4041666666666667 0.12361111111111112 0.041666666666666664 
3 0.8215277777777777 0.5625 0.14305555555555555 0.12083333333333333 
3 0.6 0.3854166666666667 0.08333333333333333 0.03333333333333333 
3 0.25972222222222224 0.8145833333333333 0.19722222222222222 0.29583333333333334 
3 0.5819444444444445 0.3229166666666667 0.075 0.04583333333333333 
3 0.9416666666666667 0.6572916666666667 0.1111111111111111 0.19375 
3 0.8451388888888889 0.3614583333333333 0.08194444444444444 0.05625 
3 0.925 0.38645833333333335 0.075 0.07291666666666667 
3 0.7451388888888889 0.50625 0.15416666666666667 0.1375 
3 0.5861111111111111 0.4583333333333333 0.12222222222222222 0.0875 
3 0.6701388888888888 0.4864583333333333 0.1375 0.09791666666666667 
3 0.8965277777777778 0.5895833333333333 0.1486111111111111 0.15833333333333333 
