3 0.19027777777777777 0.7416666666666667 0.2222222222222222 0.225 
8 0.46944444444444444 0.24791666666666667 0.07777777777777778 0.05 
3 0.8729166666666667 0.39895833333333336 0.05694444444444444 0.09791666666666667 
3 0.7784722222222222 0.19791666666666666 0.0125 0.020833333333333332 
3 0.8020833333333334 0.203125 0.0125 0.027083333333333334 
3 0.86875 0.30520833333333336 0.034722222222222224 0.052083333333333336 
0 0.22847222222222222 0.5385416666666667 0.45416666666666666 0.5229166666666667 
3 0.8729166666666667 0.23020833333333332 0.04027777777777778 0.027083333333333334 
5 0.24166666666666667 0.946875 0.23055555555555557 0.09791666666666667 
3 0.9736111111111111 0.3375 0.03611111111111111 0.075 
3 0.8743055555555556 0.259375 0.029166666666666667 0.03958333333333333 
