3 0.9326388888888889 0.4010416666666667 0.06527777777777778 0.06875 
3 0.5826388888888889 0.43020833333333336 0.10416666666666667 0.06041666666666667 
3 0.33125 0.65625 0.14027777777777778 0.16666666666666666 
3 0.8444444444444444 0.3697916666666667 0.08333333333333333 0.06041666666666667 
5 0.9604166666666667 0.7072916666666667 0.07083333333333333 0.14791666666666667 
7 0.2861111111111111 0.42604166666666665 0.013888888888888888 0.03958333333333333 
3 0.4708333333333333 0.36666666666666664 0.044444444444444446 0.05416666666666667 
3 0.6881944444444444 0.33125 0.05416666666666667 0.05416666666666667 
3 0.8090277777777778 0.559375 0.14305555555555555 0.14375 
5 0.7611111111111111 0.3416666666666667 0.04722222222222222 0.041666666666666664 
3 0.8958333333333334 0.3885416666666667 0.06666666666666667 0.06041666666666667 
3 0.5805555555555556 0.4708333333333333 0.14166666666666666 0.0875 
5 0.8048611111111111 0.35520833333333335 0.04583333333333333 0.04375 
7 0.23472222222222222 0.4375 0.019444444444444445 0.05416666666666667 
3 0.8986111111111111 0.621875 0.16666666666666666 0.16458333333333333 
3 0.5993055555555555 0.321875 0.07083333333333333 0.04375 
3 0.6777777777777778 0.475 0.12777777777777777 0.09166666666666666 
3 0.7208333333333333 0.5291666666666667 0.14444444444444443 0.1125 
3 0.9659722222222222 0.425 0.05416666666666667 0.08333333333333333 
7 0.26458333333333334 0.44166666666666665 0.0125 0.04583333333333333 
