3 0.6027777777777777 0.06770833333333333 0.025 0.03125 
3 0.5118055555555555 0.6729166666666667 0.24305555555555555 0.3416666666666667 
2 0.49027777777777776 0.27708333333333335 0.3277777777777778 0.36666666666666664 
3 0.73125 0.15 0.04583333333333333 0.0625 
3 0.7090277777777778 0.18125 0.05416666666666667 0.0625 
3 0.7006944444444444 0.09166666666666666 0.029166666666666667 0.03333333333333333 
3 0.33402777777777776 0.178125 0.12638888888888888 0.10208333333333333 
3 0.49722222222222223 0.096875 0.06111111111111111 0.04791666666666667 
5 0.28194444444444444 0.9739583333333334 0.14166666666666666 0.04791666666666667 
3 0.5666666666666667 0.07291666666666667 0.05 0.04583333333333333 
3 0.05 0.3854166666666667 0.1 0.16666666666666666 
3 0.63125 0.37395833333333334 0.13472222222222222 0.17291666666666666 
3 0.6861111111111111 0.24895833333333334 0.1 0.11875 
3 0.675 0.06041666666666667 0.022222222222222223 0.029166666666666667 
3 0.44166666666666665 0.13333333333333333 0.1 0.06666666666666667 
3 0.16875 0.2635416666666667 0.14583333333333334 0.16875 
