5 0.0847953216374269 0.29605263157894735 0.04093567251461988 0.021929824561403508 
3 0.3347953216374269 0.42105263157894735 0.13157894736842105 0.15789473684210525 
5 0.9678362573099415 0.875 0.04678362573099415 0.19736842105263158 
8 0.8464912280701754 0.43859649122807015 0.17251461988304093 0.14912280701754385 
3 0.3961988304093567 0.2324561403508772 0.0847953216374269 0.043859649122807015 
5 0.7748538011695907 0.17763157894736842 0.017543859649122806 0.021929824561403508 
3 0.543859649122807 0.35964912280701755 0.15204678362573099 0.09649122807017543 
5 0.7339181286549707 0.17982456140350878 0.017543859649122806 0.017543859649122806 
3 0.21783625730994152 0.22587719298245615 0.049707602339181284 0.03070175438596491 
3 0.3084795321637427 0.6381578947368421 0.21929824561403508 0.2850877192982456 
5 0.04093567251461988 0.2412280701754386 0.03508771929824561 0.05263157894736842 
