5 0.49236111111111114 0.353125 0.05416666666666667 0.06041666666666667 
3 0.7611111111111111 0.34479166666666666 0.044444444444444446 0.035416666666666666 
3 0.7236111111111111 0.5322916666666667 0.14166666666666666 0.11458333333333333 
3 0.8951388888888889 0.3885416666666667 0.07361111111111111 0.05625 
3 0.80625 0.5604166666666667 0.15138888888888888 0.14166666666666666 
3 0.8409722222222222 0.3697916666666667 0.07361111111111111 0.05625 
3 0.6888888888888889 0.33541666666666664 0.05277777777777778 0.05416666666666667 
3 0.6777777777777778 0.47604166666666664 0.11388888888888889 0.08541666666666667 
3 0.6 0.32708333333333334 0.06666666666666667 0.0375 
3 0.9534722222222223 0.6989583333333333 0.07916666666666666 0.14375 
3 0.9319444444444445 0.40520833333333334 0.06388888888888888 0.06875 
3 0.5833333333333334 0.4270833333333333 0.09722222222222222 0.058333333333333334 
3 0.9013888888888889 0.621875 0.16111111111111112 0.16458333333333333 
3 0.9652777777777778 0.42291666666666666 0.05 0.07916666666666666 
3 0.33402777777777776 0.6427083333333333 0.1125 0.13125 
3 0.5791666666666667 0.4708333333333333 0.13333333333333333 0.09583333333333334 
3 0.03194444444444444 0.5395833333333333 0.05555555555555555 0.07083333333333333 
