3 0.8125 0.09479166666666666 0.06388888888888888 0.035416666666666666 
7 0.3034722222222222 0.13020833333333334 0.0125 0.04791666666666667 
7 0.29097222222222224 0.13333333333333333 0.009722222222222222 0.05 
3 0.9 0.10833333333333334 0.030555555555555555 0.020833333333333332 
3 0.8486111111111111 0.115625 0.03611111111111111 0.022916666666666665 
3 0.35347222222222224 0.05 0.03194444444444444 0.029166666666666667 
3 0.22013888888888888 0.0875 0.03194444444444444 0.0375 
3 0.9652777777777778 0.16041666666666668 0.03333333333333333 0.025 
3 0.9409722222222222 0.1375 0.034722222222222224 0.029166666666666667 
3 0.8763888888888889 0.140625 0.06666666666666667 0.04375 
3 0.16944444444444445 0.615625 0.3388888888888889 0.24375 
