3 0.36875 0.20729166666666668 0.07361111111111111 0.03958333333333333 
3 0.025 0.08645833333333333 0.04722222222222222 0.03125 
3 0.08611111111111111 0.10520833333333333 0.05 0.03958333333333333 
3 0.29791666666666666 0.190625 0.07361111111111111 0.03958333333333333 
10 0.5458333333333333 0.3 0.11666666666666667 0.075 
8 0.15208333333333332 0.12708333333333333 0.07083333333333333 0.04583333333333333 
3 0.8611111111111112 0.5104166666666666 0.07222222222222222 0.058333333333333334 
3 0.8020833333333334 0.459375 0.06805555555555555 0.04791666666666667 
3 0.34791666666666665 0.5135416666666667 0.27361111111111114 0.2604166666666667 
3 0.7048611111111112 0.40729166666666666 0.08194444444444444 0.05625 
3 0.2534722222222222 0.15416666666666667 0.059722222222222225 0.025 
