3 0.11527777777777778 0.340625 0.13055555555555556 0.20625 
3 0.33958333333333335 0.084375 0.08194444444444444 0.07708333333333334 
3 0.70625 0.16458333333333333 0.10416666666666667 0.06666666666666667 
3 0.6340277777777777 0.13125 0.09027777777777778 0.041666666666666664 
3 0.39305555555555555 0.04479166666666667 0.04722222222222222 0.052083333333333336 
3 0.6805555555555556 0.20729166666666668 0.2111111111111111 0.12291666666666666 
3 0.7611111111111111 0.421875 0.275 0.18958333333333333 
3 0.7194444444444444 0.30520833333333336 0.25 0.13125 
3 0.4270833333333333 0.022916666666666665 0.043055555555555555 0.03333333333333333 
10 0.6402777777777777 0.08645833333333333 0.19166666666666668 0.11458333333333333 
1 0.41875 0.46875 0.05416666666666667 0.17916666666666667 
3 0.21875 0.21145833333333333 0.10138888888888889 0.13125 
