3 0.9298611111111111 0.39375 0.05138888888888889 0.058333333333333334 
3 0.8375 0.565625 0.14444444444444443 0.15208333333333332 
3 0.6951388888888889 0.34479166666666666 0.04861111111111111 0.04375 
3 0.9229166666666667 0.628125 0.14305555555555555 0.16458333333333333 
2 0.36527777777777776 0.4239583333333333 0.1638888888888889 0.23541666666666666 
3 0.6125 0.39375 0.075 0.0625 
3 0.5854166666666667 0.45729166666666665 0.09305555555555556 0.08541666666666667 
3 0.5888888888888889 0.3229166666666667 0.075 0.04583333333333333 
3 0.8763888888888889 0.38645833333333335 0.06944444444444445 0.06458333333333334 
5 0.9756944444444444 0.7135416666666666 0.043055555555555555 0.09791666666666667 
3 0.8395833333333333 0.36041666666666666 0.10138888888888889 0.0625 
3 0.96875 0.4166666666666667 0.05138888888888889 0.08333333333333333 
3 0.6736111111111112 0.48125 0.12222222222222222 0.09583333333333334 
3 0.7263888888888889 0.328125 0.06944444444444445 0.05625 
3 0.7701388888888889 0.515625 0.1375 0.11458333333333333 
3 0.5840277777777778 0.42083333333333334 0.12638888888888888 0.07916666666666666 
