3 0.6604166666666667 0.484375 0.11527777777777778 0.10208333333333333 
3 0.8451388888888889 0.3625 0.07361111111111111 0.05416666666666667 
3 0.7027777777777777 0.340625 0.05 0.04791666666666667 
3 0.5944444444444444 0.409375 0.11666666666666667 0.035416666666666666 
3 0.7451388888888889 0.5083333333333333 0.1486111111111111 0.1375 
3 0.5770833333333333 0.3260416666666667 0.06527777777777778 0.04791666666666667 
3 0.5902777777777778 0.453125 0.10555555555555556 0.08125 
3 0.9236111111111112 0.384375 0.06944444444444445 0.06875 
3 0.9381944444444444 0.659375 0.1125 0.18541666666666667 
3 0.8166666666666667 0.5572916666666666 0.12777777777777777 0.12291666666666666 
3 0.4083333333333333 0.43125 0.058333333333333334 0.06666666666666667 
3 0.9 0.5833333333333334 0.14722222222222223 0.15 
