3 0.58125 0.4708333333333333 0.14583333333333334 0.08333333333333333 
3 0.6756944444444445 0.47708333333333336 0.11805555555555555 0.09583333333333334 
3 0.5791666666666667 0.42604166666666665 0.09722222222222222 0.06041666666666667 
7 0.4486111111111111 0.38229166666666664 0.030555555555555555 0.06458333333333334 
3 0.5347222222222222 0.34270833333333334 0.05277777777777778 0.06041666666666667 
3 0.8486111111111111 0.36770833333333336 0.07777777777777778 0.05625 
3 0.30416666666666664 0.7895833333333333 0.13333333333333333 0.19583333333333333 
3 0.6909722222222222 0.334375 0.059722222222222225 0.04375 
3 0.80625 0.5552083333333333 0.1486111111111111 0.13958333333333334 
3 0.7597222222222222 0.33958333333333335 0.05555555555555555 0.04583333333333333 
3 0.61875 0.3729166666666667 0.07083333333333333 0.04583333333333333 
3 0.9291666666666667 0.4010416666666667 0.06666666666666667 0.05625 
3 0.4152777777777778 0.44895833333333335 0.06666666666666667 0.07291666666666667 
3 0.8916666666666667 0.384375 0.06666666666666667 0.05625 
3 0.9659722222222222 0.33125 0.05138888888888889 0.05 
3 0.6694444444444444 0.2916666666666667 0.03333333333333333 0.029166666666666667 
5 0.9548611111111112 0.6833333333333333 0.07361111111111111 0.1625 
3 0.5888888888888889 0.3229166666666667 0.05555555555555555 0.04583333333333333 
3 0.8111111111111111 0.34791666666666665 0.05555555555555555 0.0375 
3 0.9659722222222222 0.41770833333333335 0.05138888888888889 0.07708333333333334 
3 0.8993055555555556 0.615625 0.17083333333333334 0.17291666666666666 
3 0.7263888888888889 0.5270833333333333 0.14444444444444443 0.11666666666666667 
