3 0.8277777777777777 0.634375 0.1638888888888889 0.18125 
3 0.7847222222222222 0.346875 0.06111111111111111 0.027083333333333334 
3 0.8381944444444445 0.3302083333333333 0.05138888888888889 0.022916666666666665 
7 0.24791666666666667 0.49270833333333336 0.018055555555555554 0.07291666666666667 
5 0.4166666666666667 0.28125 0.03888888888888889 0.05 
7 0.4201388888888889 0.90625 0.043055555555555555 0.15833333333333333 
3 0.5923611111111111 0.353125 0.04583333333333333 0.04791666666666667 
9 0.5381944444444444 0.2864583333333333 0.043055555555555555 0.05625 
3 0.8048611111111111 0.36041666666666666 0.06805555555555555 0.041666666666666664 
3 0.7347222222222223 0.32708333333333334 0.05555555555555555 0.0375 
3 0.8673611111111111 0.3416666666666667 0.034722222222222224 0.0375 
2 0.5340277777777778 0.49895833333333334 0.23472222222222222 0.33541666666666664 
7 0.28055555555555556 0.490625 0.016666666666666666 0.07291666666666667 
3 0.6680555555555555 0.44166666666666665 0.07777777777777778 0.09166666666666666 
