3 0.9694444444444444 0.4010416666666667 0.041666666666666664 0.07708333333333334 
3 0.6159722222222223 0.38125 0.0625 0.03333333333333333 
3 0.6743055555555556 0.46979166666666666 0.12361111111111112 0.09375 
3 0.5833333333333334 0.415625 0.11944444444444445 0.06458333333333334 
3 0.8416666666666667 0.5541666666666667 0.1388888888888889 0.14583333333333334 
3 0.8756944444444444 0.375 0.07083333333333333 0.0625 
3 0.9305555555555556 0.3854166666666667 0.058333333333333334 0.058333333333333334 
10 0.8375 0.35 0.09722222222222222 0.075 
3 0.5930555555555556 0.45208333333333334 0.10833333333333334 0.07916666666666666 
3 0.7006944444444444 0.3333333333333333 0.05138888888888889 0.05 
3 0.5840277777777778 0.31666666666666665 0.07916666666666666 0.041666666666666664 
3 0.32916666666666666 0.365625 0.058333333333333334 0.035416666666666666 
3 0.7694444444444445 0.509375 0.1361111111111111 0.12291666666666666 
5 0.9763888888888889 0.6833333333333333 0.03333333333333333 0.15 
3 0.3347222222222222 0.6510416666666666 0.12222222222222222 0.16875 
3 0.7354166666666667 0.3177083333333333 0.05138888888888889 0.052083333333333336 
3 0.9256944444444445 0.6166666666666667 0.14027777777777778 0.15833333333333333 
