3 0.5215277777777778 0.3072916666666667 0.08194444444444444 0.05625 
3 0.6895833333333333 0.38229166666666664 0.05694444444444444 0.035416666666666666 
3 0.20833333333333334 0.6958333333333333 0.4083333333333333 0.4791666666666667 
3 0.95625 0.5916666666666667 0.043055555555555555 0.041666666666666664 
3 0.8375 0.49375 0.058333333333333334 0.04583333333333333 
3 0.3784722222222222 0.22395833333333334 0.08194444444444444 0.06041666666666667 
3 0.14444444444444443 0.128125 0.05277777777777778 0.035416666666666666 
3 0.8868055555555555 0.5385416666666667 0.05138888888888889 0.04375 
3 0.2222222222222222 0.16354166666666667 0.06666666666666667 0.03958333333333333 
8 0.31805555555555554 0.18229166666666666 0.06944444444444445 0.035416666666666666 
3 0.7340277777777777 0.43020833333333336 0.07916666666666666 0.06458333333333334 
3 0.46875 0.25729166666666664 0.06805555555555555 0.035416666666666666 
3 0.10347222222222222 0.10729166666666666 0.04027777777777778 0.027083333333333334 
3 0.7881944444444444 0.640625 0.18194444444444444 0.19791666666666666 
3 0.04583333333333333 0.08958333333333333 0.03888888888888889 0.0375 
