3 0.28055555555555556 0.08645833333333333 0.07222222222222222 0.03125 
3 0.15069444444444444 0.165625 0.06805555555555555 0.052083333333333336 
3 0.7944444444444444 0.090625 0.13333333333333333 0.04791666666666667 
3 0.5958333333333333 0.06979166666666667 0.1361111111111111 0.04375 
3 0.37916666666666665 0.11354166666666667 0.11944444444444445 0.06458333333333334 
3 0.4527777777777778 0.06979166666666667 0.1 0.04791666666666667 
2 0.2652777777777778 0.6229166666666667 0.5305555555555556 0.5625 
3 0.2465277777777778 0.13229166666666667 0.10694444444444444 0.06875 
3 0.5666666666666667 0.109375 0.14166666666666666 0.07708333333333334 
3 0.08888888888888889 0.17916666666666667 0.05277777777777778 0.04583333333333333 
3 0.8395833333333333 0.15520833333333334 0.16527777777777777 0.08541666666666667 
