3 0.7013888888888888 0.384375 0.09166666666666666 0.06875 
3 0.9333333333333333 0.39791666666666664 0.06111111111111111 0.0625 
10 0.8361111111111111 0.36354166666666665 0.09722222222222222 0.07708333333333334 
3 0.40555555555555556 0.51875 0.08055555555555556 0.09583333333333334 
3 0.4722222222222222 0.3802083333333333 0.05555555555555555 0.04791666666666667 
3 0.5861111111111111 0.4635416666666667 0.09166666666666666 0.07291666666666667 
3 0.5833333333333334 0.434375 0.13055555555555556 0.07708333333333334 
3 0.6701388888888888 0.4875 0.12361111111111112 0.09583333333333334 
3 0.12291666666666666 0.84375 0.16805555555555557 0.22916666666666666 
3 0.8375 0.5708333333333333 0.14166666666666666 0.14583333333333334 
3 0.96875 0.42083333333333334 0.04583333333333333 0.075 
3 0.7666666666666667 0.525 0.13333333333333333 0.12083333333333333 
3 0.5791666666666667 0.3958333333333333 0.1111111111111111 0.0375 
5 0.9715277777777778 0.7 0.04027777777777778 0.15416666666666667 
7 0.44583333333333336 0.6791666666666667 0.05277777777777778 0.125 
3 0.9194444444444444 0.6333333333333333 0.1361111111111111 0.15416666666666667 
3 0.3597222222222222 0.7427083333333333 0.13333333333333333 0.21041666666666667 
3 0.4388888888888889 0.44583333333333336 0.06111111111111111 0.075 
3 0.8666666666666667 0.39166666666666666 0.06388888888888888 0.058333333333333334 
3 0.08611111111111111 0.49583333333333335 0.06111111111111111 0.07083333333333333 
3 0.5909722222222222 0.33125 0.0763888888888889 0.0375 
3 0.2875 0.41041666666666665 0.075 0.041666666666666664 
