3 0.9423611111111111 0.5697916666666667 0.04861111111111111 0.035416666666666666 
3 0.35208333333333336 0.5458333333333333 0.2986111111111111 0.25833333333333336 
3 0.5722222222222222 0.31875 0.075 0.041666666666666664 
3 0.8833333333333333 0.5354166666666667 0.058333333333333334 0.05 
3 0.1076388888888889 0.11770833333333333 0.04861111111111111 0.03958333333333333 
3 0.61875 0.3614583333333333 0.0763888888888889 0.05625 
8 0.8284722222222223 0.48125 0.07083333333333333 0.05 
10 0.36041666666666666 0.19791666666666666 0.07083333333333333 0.025 
3 0.030555555555555555 0.09479166666666666 0.04722222222222222 0.03125 
3 0.21944444444444444 0.15833333333333333 0.06111111111111111 0.05 
0 0.1125 0.09791666666666667 0.16944444444444445 0.09166666666666666 
3 0.3597222222222222 0.22395833333333334 0.075 0.04375 
8 0.9576388888888889 0.840625 0.0763888888888889 0.16458333333333333 
