3 0.9243055555555556 0.384375 0.07083333333333333 0.07291666666666667 
3 0.5798611111111112 0.33229166666666665 0.06805555555555555 0.04791666666666667 
3 0.4326388888888889 0.4375 0.059722222222222225 0.07916666666666666 
3 0.5909722222222222 0.41875 0.12916666666666668 0.04583333333333333 
3 0.8458333333333333 0.359375 0.08055555555555556 0.06041666666666667 
3 0.7472222222222222 0.5020833333333333 0.14722222222222223 0.12916666666666668 
3 0.7020833333333333 0.33958333333333335 0.05416666666666667 0.058333333333333334 
3 0.8208333333333333 0.5604166666666667 0.1388888888888889 0.11666666666666667 
3 0.6145833333333334 0.3885416666666667 0.06805555555555555 0.03125 
3 0.9423611111111111 0.6541666666666667 0.1125 0.1875 
3 0.66875 0.48333333333333334 0.11527777777777778 0.1 
3 0.5868055555555556 0.4635416666666667 0.11527777777777778 0.07708333333333334 
