2 0.11988304093567251 0.17982456140350878 0.06432748538011696 0.08771929824561403 
10 0.7339181286549707 0.34868421052631576 0.24561403508771928 0.18859649122807018 
3 0.4137426900584795 0.125 0.06725146198830409 0.05701754385964912 
3 0.3611111111111111 0.668859649122807 0.3128654970760234 0.40789473684210525 
3 0.716374269005848 0.45394736842105265 0.21637426900584794 0.18859649122807018 
8 0.21929824561403508 0.15570175438596492 0.05263157894736842 0.04824561403508772 
8 0.685672514619883 0.19736842105263158 0.12573099415204678 0.08771929824561403 
3 0.04532163742690058 0.21929824561403508 0.038011695906432746 0.07017543859649122 
8 0.8245614035087719 0.25219298245614036 0.14035087719298245 0.10087719298245613 
3 0.49415204678362573 0.13815789473684212 0.07017543859649122 0.04824561403508772 
