3 0.25069444444444444 0.115625 0.04027777777777778 0.035416666666666666 
3 0.06875 0.21979166666666666 0.03194444444444444 0.03125 
3 0.3388888888888889 0.07083333333333333 0.04722222222222222 0.03333333333333333 
3 0.27847222222222223 0.08854166666666667 0.02638888888888889 0.022916666666666665 
3 0.3034722222222222 0.075 0.03194444444444444 0.03333333333333333 
3 0.4486111111111111 0.20833333333333334 0.14722222222222223 0.11666666666666667 
3 0.2673611111111111 0.32916666666666666 0.13194444444444445 0.12916666666666668 
4 0.18125 0.12708333333333333 0.0125 0.025 
3 0.08263888888888889 0.23020833333333332 0.029166666666666667 0.04375 
8 0.1798611111111111 0.27395833333333336 0.09305555555555556 0.11458333333333333 
3 0.09166666666666666 0.17083333333333334 0.030555555555555555 0.041666666666666664 
3 0.8326388888888889 0.253125 0.1736111111111111 0.13958333333333334 
3 0.11944444444444445 0.24270833333333333 0.06111111111111111 0.08541666666666667 
3 0.12222222222222222 0.13333333333333333 0.030555555555555555 0.025 
