3 0.6888888888888889 0.32916666666666666 0.058333333333333334 0.04583333333333333 
3 0.9361111111111111 0.396875 0.06666666666666667 0.06458333333333334 
3 0.5993055555555555 0.32083333333333336 0.07083333333333333 0.05 
3 0.8083333333333333 0.5583333333333333 0.14444444444444443 0.14583333333333334 
3 0.9666666666666667 0.42083333333333334 0.05 0.075 
3 0.9618055555555556 0.6885416666666667 0.06805555555555555 0.13958333333333334 
3 0.6784722222222223 0.46979166666666666 0.11805555555555555 0.09791666666666667 
3 0.8965277777777778 0.6177083333333333 0.1597222222222222 0.16041666666666668 
3 0.51875 0.31979166666666664 0.06805555555555555 0.03958333333333333 
3 0.4152777777777778 0.46875 0.075 0.07916666666666666 
3 0.2388888888888889 0.8083333333333333 0.19722222222222222 0.2791666666666667 
3 0.8055555555555556 0.353125 0.044444444444444446 0.052083333333333336 
3 0.5875 0.4270833333333333 0.10833333333333334 0.058333333333333334 
3 0.7625 0.33541666666666664 0.044444444444444446 0.04583333333333333 
3 0.8395833333333333 0.37083333333333335 0.06527777777777778 0.0625 
3 0.7229166666666667 0.5270833333333333 0.1375 0.10833333333333334 
3 0.5784722222222223 0.4739583333333333 0.14305555555555555 0.08541666666666667 
3 0.89375 0.38333333333333336 0.0625 0.058333333333333334 
