7 0.7722222222222223 0.21979166666666666 0.022222222222222223 0.07708333333333334 
1 0.6027777777777777 0.225 0.027777777777777776 0.10833333333333334 
1 0.5548611111111111 0.278125 0.04861111111111111 0.10625 
7 0.7354166666666667 0.33229166666666665 0.04861111111111111 0.16041666666666668 
7 0.45902777777777776 0.21041666666666667 0.02638888888888889 0.08333333333333333 
7 0.7013888888888888 0.23958333333333334 0.027777777777777776 0.10416666666666667 
7 0.8236111111111111 0.296875 0.041666666666666664 0.10208333333333333 
3 0.4840277777777778 0.17395833333333333 0.05138888888888889 0.05625 
1 0.5888888888888889 0.5708333333333333 0.10277777777777777 0.25416666666666665 
7 0.49583333333333335 0.5677083333333334 0.09166666666666666 0.26875 
