3 0.027777777777777776 0.08854166666666667 0.05 0.04375 
3 0.25277777777777777 0.17291666666666666 0.06388888888888888 0.0375 
3 0.4423611111111111 0.253125 0.0625 0.05625 
8 0.9284722222222223 0.55625 0.05416666666666667 0.07083333333333333 
8 0.8409722222222222 0.49270833333333336 0.07083333333333333 0.06041666666666667 
3 0.6388888888888888 0.36875 0.04722222222222222 0.04583333333333333 
3 0.13541666666666666 0.12395833333333334 0.06805555555555555 0.03958333333333333 
3 0.7041666666666667 0.39479166666666665 0.06666666666666667 0.06875 
3 0.5472222222222223 0.303125 0.05277777777777778 0.03958333333333333 
8 0.36944444444444446 0.5208333333333334 0.375 0.3625 
