3 0.33958333333333335 0.07395833333333333 0.04027777777777778 0.027083333333333334 
3 0.2986111111111111 0.07604166666666666 0.03333333333333333 0.027083333333333334 
3 0.04236111111111111 0.21666666666666667 0.009722222222222222 0.025 
8 0.18263888888888888 0.2677083333333333 0.10416666666666667 0.09791666666666667 
3 0.28055555555555556 0.08958333333333333 0.027777777777777776 0.025 
3 0.06527777777777778 0.225 0.016666666666666666 0.0375 
3 0.08888888888888889 0.23125 0.03333333333333333 0.05416666666666667 
3 0.25277777777777777 0.11979166666666667 0.041666666666666664 0.027083333333333334 
8 0.6104166666666667 0.290625 0.25416666666666665 0.17291666666666666 
3 0.12013888888888889 0.23958333333333334 0.06527777777777778 0.07083333333333333 
