3 0.5833333333333334 0.42291666666666666 0.13055555555555556 0.07083333333333333 
3 0.5888888888888889 0.45208333333333334 0.10277777777777777 0.075 
3 0.8388888888888889 0.3572916666666667 0.09444444444444444 0.06458333333333334 
3 0.93125 0.39791666666666664 0.0625 0.058333333333333334 
3 0.73125 0.3260416666666667 0.043055555555555555 0.05625 
3 0.76875 0.5208333333333334 0.14305555555555555 0.12083333333333333 
3 0.5770833333333333 0.3875 0.1125 0.0375 
3 0.8326388888888889 0.5677083333333334 0.14583333333333334 0.14375 
3 0.6979166666666666 0.346875 0.04027777777777778 0.04791666666666667 
3 0.6722222222222223 0.4791666666666667 0.13055555555555556 0.0875 
3 0.9194444444444444 0.6260416666666667 0.1388888888888889 0.15208333333333332 
3 0.25763888888888886 0.41041666666666665 0.07083333333333333 0.05416666666666667 
3 0.8743055555555556 0.3875 0.08194444444444444 0.058333333333333334 
3 0.46111111111111114 0.37916666666666665 0.041666666666666664 0.05416666666666667 
10 0.3236111111111111 0.6385416666666667 0.15833333333333333 0.21458333333333332 
3 0.9666666666666667 0.42083333333333334 0.04722222222222222 0.07916666666666666 
5 0.9715277777777778 0.6916666666666667 0.04027777777777778 0.16666666666666666 
3 0.5805555555555556 0.321875 0.058333333333333334 0.04791666666666667 
