3 0.8986111111111111 0.5822916666666667 0.14722222222222223 0.16041666666666668 
7 0.7965277777777777 0.4083333333333333 0.018055555555555554 0.05 
3 0.8131944444444444 0.5572916666666666 0.12638888888888888 0.13541666666666666 
7 0.8138888888888889 0.43020833333333336 0.011111111111111112 0.022916666666666665 
3 0.8458333333333333 0.3645833333333333 0.08611111111111111 0.04583333333333333 
3 0.74375 0.5010416666666667 0.15416666666666667 0.13958333333333334 
3 0.5770833333333333 0.32083333333333336 0.06527777777777778 0.05416666666666667 
3 0.6638888888888889 0.478125 0.12777777777777777 0.09791666666666667 
3 0.9270833333333334 0.384375 0.06805555555555555 0.06041666666666667 
3 0.5861111111111111 0.41354166666666664 0.12222222222222222 0.05625 
3 0.3402777777777778 0.63125 0.10833333333333334 0.15 
3 0.9430555555555555 0.6541666666666667 0.1111111111111111 0.175 
3 0.7013888888888888 0.34375 0.05277777777777778 0.03333333333333333 
3 0.5868055555555556 0.4552083333333333 0.10694444444444444 0.08541666666666667 
