3 0.6104166666666667 0.18541666666666667 0.04027777777777778 0.025 
3 0.6375 0.240625 0.058333333333333334 0.035416666666666666 
10 0.28125 0.21770833333333334 0.06527777777777778 0.04791666666666667 
7 0.38958333333333334 0.3885416666666667 0.009722222222222222 0.06041666666666667 
3 0.17430555555555555 0.23125 0.05416666666666667 0.0375 
7 0.37430555555555556 0.3572916666666667 0.02361111111111111 0.06458333333333334 
3 0.6020833333333333 0.37604166666666666 0.08472222222222223 0.052083333333333336 
3 0.7340277777777777 0.26875 0.059722222222222225 0.05416666666666667 
7 0.3715277777777778 0.36875 0.018055555555555554 0.08333333333333333 
3 0.6277777777777778 0.24270833333333333 0.06388888888888888 0.04791666666666667 
3 0.5520833333333334 0.21354166666666666 0.07083333333333333 0.03958333333333333 
2 0.43194444444444446 0.6572916666666667 0.8611111111111112 0.6729166666666667 
3 0.5986111111111111 0.38125 0.09722222222222222 0.0625 
3 0.7340277777777777 0.2635416666666667 0.0625 0.052083333333333336 
