3 0.48055555555555557 0.6114583333333333 0.3861111111111111 0.22708333333333333 
3 0.7368055555555556 0.20208333333333334 0.1486111111111111 0.0875 
3 0.6534722222222222 0.15833333333333333 0.13472222222222222 0.07083333333333333 
3 0.375 0.40208333333333335 0.2833333333333333 0.175 
5 0.9673611111111111 0.22395833333333334 0.034722222222222224 0.052083333333333336 
8 0.03611111111111111 0.23645833333333333 0.06388888888888888 0.06041666666666667 
3 0.9145833333333333 0.11458333333333333 0.05138888888888889 0.0375 
3 0.09305555555555556 0.159375 0.07222222222222222 0.05625 
3 0.7951388888888888 0.084375 0.059722222222222225 0.035416666666666666 
3 0.8784722222222222 0.13854166666666667 0.059722222222222225 0.04375 
