3 0.24444444444444444 0.2125 0.03888888888888889 0.0375 
3 0.22569444444444445 0.1875 0.034722222222222224 0.029166666666666667 
3 0.49930555555555556 0.21458333333333332 0.0875 0.06666666666666667 
2 0.5604166666666667 0.5395833333333333 0.5458333333333333 0.6041666666666666 
10 0.5819444444444445 0.24270833333333333 0.11666666666666667 0.08541666666666667 
3 0.27569444444444446 0.178125 0.0375 0.03125 
5 0.07916666666666666 0.7625 0.1527777777777778 0.21666666666666667 
3 0.2916666666666667 0.23229166666666667 0.06111111111111111 0.05625 
3 0.2152777777777778 0.2375 0.05555555555555555 0.0625 
3 0.6868055555555556 0.35 0.18194444444444444 0.12083333333333333 
5 0.034722222222222224 0.490625 0.06388888888888888 0.11041666666666666 
