3 0.15 0.6354166666666666 0.3 0.25 
3 0.7930555555555555 0.08125 0.05 0.025 
3 0.2152777777777778 0.14270833333333333 0.08333333333333333 0.05625 
3 0.23819444444444443 0.0375 0.02638888888888889 0.025 
3 0.7951388888888888 0.378125 0.2152777777777778 0.16458333333333333 
3 0.9131944444444444 0.11145833333333334 0.04027777777777778 0.03125 
3 0.8763888888888889 0.13541666666666666 0.05555555555555555 0.04583333333333333 
3 0.7645833333333333 0.0625 0.043055555555555555 0.029166666666666667 
3 0.9701388888888889 0.15625 0.03194444444444444 0.03333333333333333 
3 0.23472222222222222 0.18541666666666667 0.1388888888888889 0.0875 
5 0.03611111111111111 0.4625 0.07222222222222222 0.1125 
3 0.21458333333333332 0.09270833333333334 0.0375 0.035416666666666666 
