3 0.4701388888888889 0.22395833333333334 0.02361111111111111 0.027083333333333334 
3 0.9319444444444445 0.284375 0.03611111111111111 0.027083333333333334 
2 0.8652777777777778 0.24270833333333333 0.058333333333333334 0.052083333333333336 
3 0.26666666666666666 0.28229166666666666 0.09444444444444444 0.04791666666666667 
3 0.26180555555555557 0.21770833333333334 0.034722222222222224 0.03958333333333333 
3 0.9034722222222222 0.26875 0.018055555555555554 0.020833333333333332 
3 0.41944444444444445 0.30520833333333336 0.06388888888888888 0.07708333333333334 
0 0.8 0.6822916666666666 0.3861111111111111 0.6270833333333333 
2 0.8729166666666667 0.32708333333333334 0.1763888888888889 0.12083333333333333 
3 0.09513888888888888 0.26979166666666665 0.03194444444444444 0.035416666666666666 
5 0.44583333333333336 0.18958333333333333 0.022222222222222223 0.029166666666666667 
3 0.02361111111111111 0.28541666666666665 0.03888888888888889 0.0375 
8 0.15069444444444444 0.8322916666666667 0.2902777777777778 0.33125 
