7 0.2590277777777778 0.4635416666666667 0.015277777777777777 0.06041666666666667 
3 0.8986111111111111 0.3541666666666667 0.044444444444444446 0.025 
3 0.8 0.36354166666666665 0.06666666666666667 0.022916666666666665 
3 0.54375 0.30520833333333336 0.03194444444444444 0.01875 
3 0.5715277777777777 0.33541666666666664 0.04583333333333333 0.041666666666666664 
3 0.8659722222222223 0.34791666666666665 0.05138888888888889 0.025 
3 0.7458333333333333 0.3416666666666667 0.058333333333333334 0.025 
7 0.27361111111111114 0.390625 0.008333333333333333 0.04375 
7 0.2902777777777778 0.4083333333333333 0.011111111111111112 0.04583333333333333 
7 0.11041666666666666 0.7614583333333333 0.034722222222222224 0.13125 
7 0.30694444444444446 0.40625 0.011111111111111112 0.041666666666666664 
3 0.8333333333333334 0.334375 0.03611111111111111 0.01875 
3 0.9305555555555556 0.3729166666666667 0.03611111111111111 0.016666666666666666 
3 0.6319444444444444 0.396875 0.06944444444444445 0.06875 
2 0.7215277777777778 0.7041666666666667 0.5097222222222222 0.5791666666666667 
3 0.7277777777777777 0.32708333333333334 0.044444444444444446 0.025 
7 0.4152777777777778 0.9052083333333333 0.06666666666666667 0.17708333333333334 
3 0.8576388888888888 0.6197916666666666 0.13194444444444445 0.15625 
3 0.7722222222222223 0.3541666666666667 0.058333333333333334 0.029166666666666667 
2 0.3972222222222222 0.365625 0.08611111111111111 0.14375 
