3 0.1763888888888889 0.14270833333333333 0.06666666666666667 0.06458333333333334 
3 0.7604166666666666 0.057291666666666664 0.04583333333333333 0.027083333333333334 
3 0.9694444444444444 0.16145833333333334 0.03888888888888889 0.035416666666666666 
3 0.8798611111111111 0.1375 0.06805555555555555 0.04583333333333333 
3 0.9118055555555555 0.109375 0.04027777777777778 0.035416666666666666 
3 0.7902777777777777 0.08229166666666667 0.05 0.03958333333333333 
3 0.24444444444444444 0.06875 0.041666666666666664 0.0375 
3 0.4666666666666667 0.3020833333333333 0.21666666666666667 0.1625 
3 0.08819444444444445 0.153125 0.07361111111111111 0.04791666666666667 
3 0.8465277777777778 0.06979166666666667 0.05138888888888889 0.03125 
3 0.7430555555555556 0.17708333333333334 0.11388888888888889 0.06666666666666667 
