7 0.7805555555555556 0.28958333333333336 0.044444444444444446 0.1375 
1 0.38680555555555557 0.3260416666666667 0.05138888888888889 0.15625 
7 0.5270833333333333 0.175 0.015277777777777777 0.058333333333333334 
7 0.7125 0.134375 0.011111111111111112 0.03125 
3 0.4791666666666667 0.17395833333333333 0.058333333333333334 0.05625 
1 0.5652777777777778 0.19791666666666666 0.022222222222222223 0.06666666666666667 
7 0.8194444444444444 0.48854166666666665 0.075 0.26458333333333334 
7 0.5152777777777777 0.18020833333333333 0.013888888888888888 0.05625 
7 0.7326388888888888 0.13854166666666667 0.006944444444444444 0.035416666666666666 
7 0.7270833333333333 0.14166666666666666 0.009722222222222222 0.0375 
