3 0.6569444444444444 0.35208333333333336 0.044444444444444446 0.0375 
3 0.7319444444444444 0.33125 0.04722222222222222 0.05416666666666667 
3 0.9715277777777778 0.7020833333333333 0.04861111111111111 0.15416666666666667 
3 0.9194444444444444 0.6302083333333334 0.14166666666666666 0.16041666666666668 
3 0.6763888888888889 0.48333333333333334 0.1361111111111111 0.09583333333333334 
3 0.3486111111111111 0.6354166666666666 0.1111111111111111 0.14583333333333334 
3 0.76875 0.5239583333333333 0.1486111111111111 0.13125 
3 0.5895833333333333 0.45729166666666665 0.09305555555555556 0.08541666666666667 
10 0.5916666666666667 0.3229166666666667 0.07222222222222222 0.05 
3 0.875 0.390625 0.08888888888888889 0.06458333333333334 
3 0.6972222222222222 0.3489583333333333 0.05 0.04791666666666667 
3 0.9673611111111111 0.42083333333333334 0.05416666666666667 0.0875 
3 0.8381944444444445 0.5708333333333333 0.15416666666666667 0.15 
10 0.9479166666666666 0.321875 0.07916666666666666 0.06041666666666667 
3 0.5854166666666667 0.4322916666666667 0.12638888888888888 0.08958333333333333 
3 0.9340277777777778 0.40208333333333335 0.06805555555555555 0.0625 
3 0.8381944444444445 0.36041666666666666 0.10138888888888889 0.07916666666666666 
3 0.25833333333333336 0.4125 0.07777777777777778 0.05 
3 0.5784722222222223 0.3927083333333333 0.11527777777777778 0.04791666666666667 
