3 0.6597222222222222 0.48125 0.125 0.1 
10 0.38055555555555554 0.584375 0.14166666666666666 0.22708333333333333 
3 0.9229166666666667 0.3875 0.07083333333333333 0.075 
3 0.8465277777777778 0.3614583333333333 0.07916666666666666 0.05625 
3 0.7451388888888889 0.503125 0.15694444444444444 0.13958333333333334 
5 0.9423611111111111 0.6614583333333334 0.10416666666666667 0.17708333333333334 
3 0.8993055555555556 0.5885416666666666 0.15138888888888888 0.16458333333333333 
3 0.5770833333333333 0.328125 0.07361111111111111 0.052083333333333336 
3 0.7006944444444444 0.340625 0.0625 0.06458333333333334 
3 0.6048611111111111 0.3854166666666667 0.07916666666666666 0.03333333333333333 
3 0.5833333333333334 0.4552083333333333 0.11388888888888889 0.08958333333333333 
3 0.8173611111111111 0.5614583333333333 0.13472222222222222 0.13125 
3 0.15416666666666667 0.8322916666666667 0.17222222222222222 0.2520833333333333 
3 0.5916666666666667 0.4114583333333333 0.13055555555555556 0.052083333333333336 
