3 0.7701388888888889 0.5052083333333334 0.14305555555555555 0.12291666666666666 
3 0.9673611111111111 0.40520833333333334 0.04027777777777778 0.08125 
3 0.6097222222222223 0.37916666666666665 0.06111111111111111 0.041666666666666664 
3 0.58125 0.31666666666666665 0.07361111111111111 0.05 
3 0.8680555555555556 0.3770833333333333 0.058333333333333334 0.0625 
3 0.8388888888888889 0.346875 0.09722222222222222 0.06875 
3 0.9256944444444445 0.6177083333333333 0.14305555555555555 0.16041666666666668 
7 0.7631944444444444 0.4 0.02361111111111111 0.0625 
3 0.9319444444444445 0.3885416666666667 0.06388888888888888 0.05625 
3 0.7333333333333333 0.3229166666666667 0.04722222222222222 0.04583333333333333 
3 0.6916666666666667 0.3302083333333333 0.05555555555555555 0.04791666666666667 
3 0.8395833333333333 0.553125 0.1375 0.13958333333333334 
3 0.5895833333333333 0.4479166666666667 0.09861111111111111 0.08333333333333333 
3 0.5847222222222223 0.41354166666666664 0.11944444444444445 0.06458333333333334 
3 0.66875 0.465625 0.11805555555555555 0.08958333333333333 
3 0.4111111111111111 0.4239583333333333 0.06666666666666667 0.07708333333333334 
