6 0.43680555555555556 0.14895833333333333 0.0763888888888889 0.035416666666666666 
0 0.09513888888888888 0.340625 0.18472222222222223 0.28541666666666665 
7 0.5194444444444445 0.7447916666666666 0.06666666666666667 0.17291666666666666 
0 0.2833333333333333 0.16979166666666667 0.03888888888888889 0.06041666666666667 
3 0.3388888888888889 0.2 0.025 0.025 
0 0.28055555555555556 0.178125 0.05 0.05625 
3 0.34097222222222223 0.20208333333333334 0.029166666666666667 0.020833333333333332 
3 0.3277777777777778 0.23229166666666667 0.03333333333333333 0.04375 
0 0.4375 0.14375 0.08055555555555556 0.0375 
3 0.3284722222222222 0.23958333333333334 0.0375 0.04583333333333333 
