3 0.8854166666666666 0.35208333333333336 0.029166666666666667 0.025 
7 0.3958333333333333 0.9333333333333333 0.05277777777777778 0.12916666666666668 
3 0.8305555555555556 0.334375 0.044444444444444446 0.027083333333333334 
3 0.7916666666666666 0.3697916666666667 0.06111111111111111 0.03125 
7 0.24375 0.5635416666666667 0.020833333333333332 0.09791666666666667 
3 0.5923611111111111 0.4895833333333333 0.09305555555555556 0.09583333333333334 
3 0.7756944444444445 0.35104166666666664 0.05416666666666667 0.03125 
3 0.5631944444444444 0.328125 0.02638888888888889 0.035416666666666666 
2 0.38680555555555557 0.40625 0.09583333333333334 0.17083333333333334 
3 0.7284722222222222 0.33125 0.04583333333333333 0.025 
3 0.8645833333333334 0.34479166666666666 0.04583333333333333 0.027083333333333334 
3 0.5451388888888888 0.396875 0.05138888888888889 0.06875 
2 0.41388888888888886 0.33229166666666665 0.07777777777777778 0.08541666666666667 
2 0.475 0.328125 0.07777777777777778 0.09791666666666667 
7 0.2423611111111111 0.4708333333333333 0.029166666666666667 0.08333333333333333 
3 0.7520833333333333 0.340625 0.04027777777777778 0.022916666666666665 
7 0.42777777777777776 0.8395833333333333 0.05277777777777778 0.16666666666666666 
3 0.73125 0.759375 0.2013888888888889 0.24791666666666667 
