3 0.9708333333333333 0.15625 0.03611111111111111 0.029166666666666667 
3 0.40694444444444444 0.15833333333333333 0.1361111111111111 0.075 
3 0.88125 0.14166666666666666 0.06527777777777778 0.05 
3 0.8326388888888889 0.19270833333333334 0.10138888888888889 0.05625 
3 0.7916666666666666 0.08645833333333333 0.06111111111111111 0.027083333333333334 
3 0.08958333333333333 0.140625 0.07916666666666666 0.07291666666666667 
3 0.2361111111111111 0.0375 0.027777777777777776 0.020833333333333332 
3 0.7916666666666666 0.4 0.2361111111111111 0.1875 
3 0.7631944444444444 0.057291666666666664 0.05416666666666667 0.03125 
3 0.9118055555555555 0.115625 0.043055555555555555 0.035416666666666666 
3 0.6020833333333333 0.19791666666666666 0.15694444444444444 0.09166666666666666 
3 0.225 0.12604166666666666 0.05 0.05625 
