3 0.8548611111111111 0.12708333333333333 0.04861111111111111 0.0375 
3 0.8791666666666667 0.2 0.09166666666666666 0.08333333333333333 
8 0.5680555555555555 0.059375 0.07222222222222222 0.06041666666666667 
3 0.5930555555555556 0.12291666666666666 0.1111111111111111 0.07083333333333333 
3 0.4513888888888889 0.084375 0.09722222222222222 0.07291666666666667 
3 0.9506944444444444 0.12708333333333333 0.02361111111111111 0.03333333333333333 
3 0.7479166666666667 0.13645833333333332 0.07361111111111111 0.05625 
3 0.6875 0.17291666666666666 0.10833333333333334 0.06666666666666667 
3 0.6736111111111112 0.09583333333333334 0.06111111111111111 0.05 
3 0.85625 0.21979166666666666 0.059722222222222225 0.08541666666666667 
3 0.5340277777777778 0.11041666666666666 0.0625 0.05 
10 0.4284722222222222 0.08020833333333334 0.1125 0.07708333333333334 
3 0.9152777777777777 0.178125 0.06388888888888888 0.07708333333333334 
3 0.7784722222222222 0.1375 0.07361111111111111 0.0625 
2 0.6847222222222222 0.509375 0.6194444444444445 0.76875 
10 0.49375 0.09479166666666666 0.10972222222222222 0.06875 
3 0.8083333333333333 0.12604166666666666 0.075 0.05625 
3 0.8930555555555556 0.125 0.041666666666666664 0.0375 
3 0.8958333333333334 0.18020833333333333 0.07777777777777778 0.07708333333333334 
3 0.7041666666666667 0.13958333333333334 0.08888888888888889 0.0625 
3 0.9173611111111111 0.13020833333333334 0.029166666666666667 0.04375 
3 0.9354166666666667 0.12604166666666666 0.02638888888888889 0.035416666666666666 
3 0.7798611111111111 0.21979166666666666 0.09027777777777778 0.09375 
