3 0.5958333333333333 0.3260416666666667 0.08611111111111111 0.04791666666666667 
3 0.9666666666666667 0.415625 0.05 0.08541666666666667 
3 0.8375 0.36041666666666666 0.09166666666666666 0.075 
3 0.7673611111111112 0.5197916666666667 0.14305555555555555 0.12291666666666666 
7 0.1951388888888889 0.4625 0.018055555555555554 0.041666666666666664 
3 0.7326388888888888 0.32708333333333334 0.04027777777777778 0.05 
3 0.7 0.34479166666666666 0.05 0.05625 
7 0.5076388888888889 0.7677083333333333 0.05416666666666667 0.14375 
7 0.4708333333333333 0.7270833333333333 0.03888888888888889 0.13333333333333333 
3 0.4388888888888889 0.44375 0.06666666666666667 0.08333333333333333 
3 0.5854166666666667 0.4322916666666667 0.12916666666666668 0.08125 
3 0.2513888888888889 0.32395833333333335 0.03888888888888889 0.035416666666666666 
7 0.5069444444444444 0.6260416666666667 0.03611111111111111 0.10625 
3 0.3111111111111111 0.490625 0.07777777777777778 0.08541666666666667 
7 0.27847222222222223 0.43645833333333334 0.015277777777777777 0.04375 
3 0.38472222222222224 0.5208333333333334 0.10555555555555556 0.1125 
3 0.6736111111111112 0.48020833333333335 0.13333333333333333 0.09791666666666667 
3 0.8673611111111111 0.39166666666666666 0.07916666666666666 0.0625 
3 0.48194444444444445 0.3802083333333333 0.06944444444444445 0.06458333333333334 
3 0.36875 0.7229166666666667 0.12916666666666668 0.22083333333333333 
3 0.8347222222222223 0.5697916666666667 0.14722222222222223 0.15208333333333332 
7 0.25277777777777777 0.4479166666666667 0.013888888888888888 0.0375 
3 0.9243055555555556 0.403125 0.06527777777777778 0.05625 
3 0.22291666666666668 0.6395833333333333 0.11805555555555555 0.12083333333333333 
3 0.9201388888888888 0.628125 0.14305555555555555 0.15625 
7 0.30486111111111114 0.42604166666666665 0.015277777777777777 0.04375 
3 0.9722222222222222 0.7052083333333333 0.044444444444444446 0.14375 
7 0.225 0.453125 0.013888888888888888 0.03125 
3 0.5902777777777778 0.46145833333333336 0.10555555555555556 0.07708333333333334 
5 0.3013888888888889 0.9697916666666667 0.1388888888888889 0.05625 
3 0.575 0.390625 0.1111111111111111 0.03958333333333333 
