3 0.9013888888888889 0.61875 0.16111111111111112 0.15833333333333333 
3 0.8444444444444444 0.365625 0.08333333333333333 0.06875 
3 0.6909722222222222 0.3302083333333333 0.0625 0.052083333333333336 
3 0.9305555555555556 0.396875 0.058333333333333334 0.06458333333333334 
3 0.9666666666666667 0.41354166666666664 0.05555555555555555 0.06875 
7 0.5423611111111111 0.34479166666666666 0.015277777777777777 0.05625 
3 0.5805555555555556 0.46979166666666666 0.14166666666666666 0.08958333333333333 
3 0.9590277777777778 0.690625 0.06805555555555555 0.14791666666666667 
3 0.5819444444444445 0.428125 0.10277777777777777 0.06458333333333334 
3 0.2673611111111111 0.3875 0.07083333333333333 0.05 
7 0.22916666666666666 0.44583333333333336 0.019444444444444445 0.041666666666666664 
3 0.7243055555555555 0.5260416666666666 0.14305555555555555 0.11875 
7 0.29305555555555557 0.421875 0.008333333333333333 0.04791666666666667 
3 0.6 0.32083333333333336 0.075 0.04583333333333333 
3 0.27152777777777776 0.8322916666666667 0.20694444444444443 0.30625 
7 0.2569444444444444 0.43645833333333334 0.019444444444444445 0.06041666666666667 
3 0.6784722222222223 0.4708333333333333 0.12361111111111112 0.09166666666666666 
3 0.8118055555555556 0.559375 0.14027777777777778 0.13958333333333334 
3 0.8930555555555556 0.37916666666666665 0.06944444444444445 0.058333333333333334 
