3 0.09861111111111111 0.30625 0.12222222222222222 0.09166666666666666 
3 0.13958333333333334 0.21875 0.10138888888888889 0.06666666666666667 
3 0.3875 0.16666666666666666 0.05555555555555555 0.041666666666666664 
2 0.1798611111111111 0.5916666666666667 0.3541666666666667 0.6458333333333334 
9 0.24444444444444444 0.084375 0.05 0.03958333333333333 
3 0.5631944444444444 0.15833333333333333 0.04027777777777778 0.025 
3 0.8375 0.9135416666666667 0.3055555555555556 0.16875 
3 0.47847222222222224 0.165625 0.05416666666666667 0.03958333333333333 
3 0.3034722222222222 0.24375 0.1125 0.07083333333333333 
5 0.425 0.10833333333333334 0.030555555555555555 0.025 
3 0.35694444444444445 0.13333333333333333 0.058333333333333334 0.03333333333333333 
3 0.47847222222222224 0.134375 0.043055555555555555 0.027083333333333334 
3 0.5340277777777778 0.13229166666666667 0.0375 0.027083333333333334 
3 0.43333333333333335 0.19375 0.05555555555555555 0.05 
0 0.10972222222222222 0.13229166666666667 0.21666666666666667 0.12291666666666666 
3 0.2708333333333333 0.21041666666666667 0.09166666666666666 0.0625 
