3 0.45416666666666666 0.2635416666666667 0.07222222222222222 0.052083333333333336 
9 0.2777777777777778 0.4270833333333333 0.55 0.5833333333333334 
8 0.2708333333333333 0.165625 0.05 0.027083333333333334 
3 0.17777777777777778 0.13125 0.030555555555555555 0.0125 
3 0.8201388888888889 0.48333333333333334 0.08194444444444444 0.06666666666666667 
3 0.19444444444444445 0.14895833333333333 0.044444444444444446 0.027083333333333334 
3 0.9298611111111111 0.5625 0.05694444444444444 0.07083333333333333 
3 0.6902777777777778 0.39166666666666666 0.06944444444444445 0.058333333333333334 
8 0.6090277777777777 0.34270833333333334 0.12083333333333333 0.08541666666666667 
8 0.4215277777777778 0.22395833333333334 0.08194444444444444 0.03958333333333333 
3 0.3020833333333333 0.19583333333333333 0.07083333333333333 0.041666666666666664 
