3 0.9430555555555555 0.13645833333333332 0.030555555555555555 0.027083333333333334 
3 0.7868055555555555 0.07708333333333334 0.05138888888888889 0.029166666666666667 
3 0.9680555555555556 0.16041666666666668 0.03611111111111111 0.03333333333333333 
3 0.90625 0.11041666666666666 0.029166666666666667 0.025 
3 0.23333333333333334 0.18645833333333334 0.13333333333333333 0.08125 
3 0.9465277777777777 0.40520833333333334 0.08194444444444444 0.12291666666666666 
3 0.8854166666666666 0.6 0.21805555555555556 0.22083333333333333 
3 0.8763888888888889 0.13958333333333334 0.06111111111111111 0.041666666666666664 
3 0.23819444444444443 0.042708333333333334 0.029166666666666667 0.022916666666666665 
3 0.08958333333333333 0.15416666666666667 0.07916666666666666 0.04583333333333333 
3 0.7611111111111111 0.06145833333333333 0.04722222222222222 0.03125 
3 0.85 0.115625 0.03333333333333333 0.022916666666666665 
3 0.8118055555555556 0.09166666666666666 0.059722222222222225 0.0375 
