3 0.6708333333333333 0.4791666666666667 0.11666666666666667 0.09166666666666666 
3 0.9291666666666667 0.39479166666666665 0.05555555555555555 0.05625 
3 0.9784722222222222 0.6885416666666667 0.04027777777777778 0.13125 
3 0.5868055555555556 0.3229166666666667 0.07361111111111111 0.0375 
3 0.7 0.34270833333333334 0.044444444444444446 0.04791666666666667 
3 0.8375 0.5614583333333333 0.1388888888888889 0.15208333333333332 
3 0.8388888888888889 0.353125 0.09444444444444444 0.07708333333333334 
3 0.8708333333333333 0.3854166666666667 0.075 0.05416666666666667 
3 0.6097222222222223 0.39375 0.075 0.05 
3 0.73125 0.32395833333333335 0.04583333333333333 0.04375 
3 0.5881944444444445 0.4510416666666667 0.08472222222222223 0.07708333333333334 
2 0.1527777777777778 0.7729166666666667 0.30277777777777776 0.45 
3 0.7715277777777778 0.5135416666666667 0.13472222222222222 0.12708333333333333 
3 0.9208333333333333 0.61875 0.1361111111111111 0.1625 
3 0.5805555555555556 0.4197916666666667 0.12222222222222222 0.06041666666666667 
3 0.9666666666666667 0.41354166666666664 0.05 0.08125 
