3 0.47847222222222224 0.2875 0.20694444444444443 0.12083333333333333 
3 0.1701388888888889 0.31979166666666664 0.1625 0.11458333333333333 
5 0.044444444444444446 0.22395833333333334 0.08611111111111111 0.06875 
3 0.15069444444444444 0.45 0.19305555555555556 0.1625 
3 0.8180555555555555 0.7020833333333333 0.30277777777777776 0.2375 
8 0.13194444444444445 0.11875 0.05277777777777778 0.05 
3 0.5777777777777777 0.43645833333333334 0.29444444444444445 0.18125 
5 0.9645833333333333 0.5625 0.06527777777777778 0.125 
3 0.03125 0.29375 0.0625 0.08333333333333333 
3 0.175 0.11458333333333333 0.05555555555555555 0.041666666666666664 
