3 0.7326388888888888 0.321875 0.05416666666666667 0.04791666666666667 
3 0.4173611111111111 0.42604166666666665 0.05694444444444444 0.06875 
3 0.9208333333333333 0.6197916666666666 0.14166666666666666 0.16041666666666668 
10 0.8381944444444445 0.3489583333333333 0.09861111111111111 0.06041666666666667 
3 0.8729166666666667 0.3770833333333333 0.07361111111111111 0.05416666666666667 
3 0.5819444444444445 0.415625 0.125 0.06875 
3 0.6694444444444444 0.47291666666666665 0.125 0.0875 
3 0.9319444444444445 0.38645833333333335 0.06388888888888888 0.052083333333333336 
3 0.5930555555555556 0.44479166666666664 0.10555555555555556 0.07291666666666667 
3 0.9673611111111111 0.40625 0.04861111111111111 0.09583333333333334 
3 0.6986111111111111 0.334375 0.06111111111111111 0.04791666666666667 
3 0.6076388888888888 0.3875 0.07361111111111111 0.05 
3 0.5847222222222223 0.315625 0.06944444444444445 0.04375 
5 0.9722222222222222 0.6916666666666667 0.05277777777777778 0.13333333333333333 
3 0.76875 0.509375 0.14027777777777778 0.11458333333333333 
3 0.8354166666666667 0.55625 0.14583333333333334 0.14166666666666666 
