8 0.23958333333333334 0.041666666666666664 0.029166666666666667 0.020833333333333332 
3 0.8743055555555556 0.13854166666666667 0.059722222222222225 0.03958333333333333 
3 0.8777777777777778 0.13645833333333332 0.06666666666666667 0.052083333333333336 
3 0.7909722222222222 0.075 0.04861111111111111 0.0375 
8 0.45555555555555555 0.5833333333333334 0.41944444444444445 0.25416666666666665 
3 0.24930555555555556 0.08958333333333333 0.04027777777777778 0.0375 
3 0.9138888888888889 0.11041666666666666 0.04722222222222222 0.025 
3 0.034722222222222224 0.18125 0.06388888888888888 0.0625 
3 0.25 0.09166666666666666 0.05 0.041666666666666664 
3 0.08958333333333333 0.15 0.05138888888888889 0.0375 
