9 0.2638888888888889 0.096875 0.16111111111111112 0.14375 
3 0.6013888888888889 0.075 0.10833333333333334 0.075 
3 0.7333333333333333 0.134375 0.14444444444444443 0.09375 
2 0.27361111111111114 0.5895833333333333 0.5388888888888889 0.5416666666666666 
3 0.13194444444444445 0.165625 0.06388888888888888 0.05625 
3 0.9298611111111111 0.18020833333333333 0.11527777777777778 0.08958333333333333 
3 0.7798611111111111 0.09895833333333333 0.12916666666666668 0.08125 
3 0.4201388888888889 0.08229166666666667 0.11527777777777778 0.06875 
3 0.12708333333333333 0.140625 0.05416666666666667 0.04375 
3 0.5 0.11145833333333334 0.15833333333333333 0.08125 
