3 0.6604166666666667 0.2375 0.043055555555555555 0.029166666666666667 
3 0.31319444444444444 0.29791666666666666 0.06527777777777778 0.04583333333333333 
2 0.8833333333333333 0.359375 0.225 0.18958333333333333 
3 0.7409722222222223 0.2677083333333333 0.05694444444444444 0.03125 
3 0.6493055555555556 0.2625 0.05138888888888889 0.0375 
3 0.4708333333333333 0.23229166666666667 0.022222222222222223 0.027083333333333334 
3 0.6215277777777778 0.23645833333333333 0.0375 0.01875 
5 0.024305555555555556 0.28958333333333336 0.04583333333333333 0.058333333333333334 
9 0.5708333333333333 0.21041666666666667 0.06666666666666667 0.05416666666666667 
3 0.14791666666666667 0.8885416666666667 0.2013888888888889 0.21458333333333332 
