3 0.027777777777777776 0.2875 0.05277777777777778 0.075 
3 0.013194444444444444 0.5020833333333333 0.02361111111111111 0.1 
3 0.06597222222222222 0.40208333333333335 0.12638888888888888 0.14583333333333334 
3 0.02847222222222222 0.228125 0.05416666666666667 0.05625 
3 0.4618055555555556 0.559375 0.3458333333333333 0.27291666666666664 
3 0.18055555555555555 0.14791666666666667 0.07222222222222222 0.07083333333333333 
3 0.13194444444444445 0.12291666666666666 0.058333333333333334 0.058333333333333334 
3 0.6263888888888889 0.43854166666666666 0.28888888888888886 0.20208333333333334 
3 0.20694444444444443 0.3177083333333333 0.17777777777777778 0.12291666666666666 
3 0.34444444444444444 0.2677083333333333 0.1638888888888889 0.11041666666666666 
