3 0.05138888888888889 0.278125 0.09444444444444444 0.09791666666666667 
3 0.2604166666666667 0.33645833333333336 0.19027777777777777 0.13125 
3 0.3263888888888889 0.5145833333333333 0.30277777777777776 0.22083333333333333 
3 0.23333333333333334 0.11354166666666667 0.07777777777777778 0.04791666666666667 
5 0.9701388888888889 0.5739583333333333 0.04027777777777778 0.08958333333333333 
5 0.03194444444444444 0.3645833333333333 0.06111111111111111 0.1125 
10 0.13055555555555556 0.12083333333333333 0.04722222222222222 0.05 
3 0.3951388888888889 0.275 0.19583333333333333 0.10833333333333334 
3 0.925 0.4666666666666667 0.125 0.12083333333333333 
3 0.175 0.11458333333333333 0.05277777777777778 0.0375 
