3 0.9194444444444444 0.621875 0.14722222222222223 0.15625 
7 0.4847222222222222 0.4947916666666667 0.030555555555555555 0.08958333333333333 
7 0.4423611111111111 0.5135416666666667 0.03194444444444444 0.10208333333333333 
5 0.6229166666666667 0.26875 0.020833333333333332 0.041666666666666664 
5 0.2534722222222222 0.32395833333333335 0.04583333333333333 0.03125 
3 0.5270833333333333 0.3302083333333333 0.04861111111111111 0.035416666666666666 
3 0.8659722222222223 0.390625 0.07083333333333333 0.05625 
3 0.5777777777777777 0.3885416666666667 0.10555555555555556 0.04375 
3 0.8395833333333333 0.3572916666666667 0.10416666666666667 0.06041666666666667 
3 0.2590277777777778 0.4125 0.0875 0.04583333333333333 
3 0.8354166666666667 0.5677083333333334 0.14583333333333334 0.13541666666666666 
3 0.6770833333333334 0.4864583333333333 0.12916666666666668 0.09791666666666667 
3 0.5930555555555556 0.45729166666666665 0.10277777777777777 0.07291666666666667 
3 0.9354166666666667 0.4 0.06527777777777778 0.05416666666666667 
4 0.2965277777777778 0.7770833333333333 0.05694444444444444 0.15 
3 0.10972222222222222 0.4375 0.027777777777777776 0.04583333333333333 
5 0.9722222222222222 0.69375 0.05277777777777778 0.15416666666666667 
3 0.5972222222222222 0.31979166666666664 0.07777777777777778 0.04375 
3 0.9659722222222222 0.425 0.04861111111111111 0.0875 
3 0.7305555555555555 0.32916666666666666 0.05555555555555555 0.05 
3 0.5819444444444445 0.42604166666666665 0.11944444444444445 0.06458333333333334 
3 0.7659722222222223 0.5177083333333333 0.13472222222222222 0.11875 
3 0.6986111111111111 0.3385416666666667 0.04722222222222222 0.052083333333333336 
