3 0.10380116959064327 0.23684210526315788 0.038011695906432746 0.05263157894736842 
3 0.26608187134502925 0.23684210526315788 0.06432748538011696 0.043859649122807015 
3 0.6505847953216374 0.22149122807017543 0.038011695906432746 0.039473684210526314 
8 0.4166666666666667 0.23464912280701755 0.09649122807017543 0.039473684210526314 
3 0.21198830409356725 0.19736842105263158 0.038011695906432746 0.03508771929824561 
8 0.1476608187134503 0.43640350877192985 0.12573099415204678 0.17105263157894737 
3 0.06725146198830409 0.2236842105263158 0.023391812865497075 0.017543859649122806 
9 0.8508771929824561 0.25 0.15789473684210525 0.10526315789473684 
3 0.2733918128654971 0.3706140350877193 0.1023391812865497 0.10087719298245613 
3 0.043859649122807015 0.2543859649122807 0.029239766081871343 0.03508771929824561 
