5 0.041666666666666664 0.634375 0.08055555555555556 0.21875 
3 0.4597222222222222 0.8177083333333334 0.18888888888888888 0.3104166666666667 
2 0.08888888888888889 0.3333333333333333 0.175 0.20416666666666666 
5 0.19027777777777777 0.334375 0.058333333333333334 0.05625 
3 0.5361111111111111 0.23229166666666667 0.08888888888888889 0.035416666666666666 
1 0.8048611111111111 0.45208333333333334 0.03194444444444444 0.10833333333333334 
3 0.825 0.2635416666666667 0.06111111111111111 0.035416666666666666 
7 0.1527777777777778 0.49583333333333335 0.030555555555555555 0.10416666666666667 
7 0.36666666666666664 0.5 0.030555555555555555 0.125 
7 0.18680555555555556 0.5395833333333333 0.034722222222222224 0.11666666666666667 
7 0.34791666666666665 0.565625 0.04027777777777778 0.11875 
7 0.9645833333333333 0.7166666666666667 0.0625 0.14166666666666666 
7 0.5229166666666667 0.51875 0.02638888888888889 0.1125 
7 0.6263888888888889 0.4510416666666667 0.030555555555555555 0.09375 
3 0.7333333333333333 0.23333333333333334 0.08055555555555556 0.0375 
3 0.2048611111111111 0.2635416666666667 0.05416666666666667 0.03958333333333333 
3 0.28888888888888886 0.25833333333333336 0.08333333333333333 0.05 
3 0.5298611111111111 0.2989583333333333 0.12638888888888888 0.06875 
7 0.5694444444444444 0.50625 0.044444444444444446 0.12083333333333333 
3 0.8048611111111111 0.3416666666666667 0.12083333333333333 0.06666666666666667 
3 0.94375 0.2791666666666667 0.05138888888888889 0.0375 
7 0.21180555555555555 0.46458333333333335 0.04027777777777778 0.09166666666666666 
3 0.6666666666666666 0.246875 0.06111111111111111 0.03958333333333333 
