3 0.8076388888888889 0.35 0.04583333333333333 0.04583333333333333 
3 0.58125 0.475 0.14027777777777778 0.08333333333333333 
3 0.8076388888888889 0.553125 0.1486111111111111 0.14375 
3 0.8993055555555556 0.6177083333333333 0.17083333333333334 0.17291666666666666 
3 0.5875 0.4270833333333333 0.11388888888888889 0.05 
3 0.3347222222222222 0.6333333333333333 0.10555555555555556 0.1625 
3 0.1125 0.44375 0.044444444444444446 0.04583333333333333 
3 0.96875 0.4114583333333333 0.05416666666666667 0.06875 
3 0.6784722222222223 0.46979166666666666 0.11527777777777778 0.09375 
3 0.725 0.5239583333333333 0.14166666666666666 0.11458333333333333 
3 0.6909722222222222 0.33229166666666665 0.04861111111111111 0.052083333333333336 
3 0.6034722222222222 0.3229166666666667 0.07361111111111111 0.041666666666666664 
3 0.8451388888888889 0.3645833333333333 0.07916666666666666 0.075 
3 0.7583333333333333 0.33645833333333336 0.05555555555555555 0.04375 
3 0.8965277777777778 0.37916666666666665 0.06805555555555555 0.0625 
3 0.9694444444444444 0.3260416666666667 0.05277777777777778 0.04791666666666667 
3 0.9402777777777778 0.39375 0.06388888888888888 0.0625 
3 0.9590277777777778 0.6927083333333334 0.0763888888888889 0.17291666666666666 
