3 0.7784722222222222 0.11666666666666667 0.06527777777777778 0.05 
1 0.5520833333333334 0.20520833333333333 0.05138888888888889 0.10625 
3 0.8243055555555555 0.11145833333333334 0.034722222222222224 0.03125 
3 0.9416666666666667 0.22291666666666668 0.041666666666666664 0.07083333333333333 
3 0.18194444444444444 0.10416666666666667 0.08055555555555556 0.09166666666666666 
3 0.9194444444444444 0.26979166666666665 0.058333333333333334 0.08958333333333333 
1 0.40069444444444446 0.21875 0.06527777777777778 0.14166666666666666 
3 0.8159722222222222 0.15625 0.0625 0.06666666666666667 
5 0.011805555555555555 0.4041666666666667 0.015277777777777777 0.1125 
3 0.18125 0.014583333333333334 0.05138888888888889 0.029166666666666667 
3 0.88125 0.17916666666666667 0.05138888888888889 0.06666666666666667 
3 0.3819444444444444 0.06770833333333333 0.09444444444444444 0.07291666666666667 
3 0.25277777777777777 0.03229166666666667 0.05555555555555555 0.04791666666666667 
3 0.71875 0.13229166666666667 0.0875 0.06458333333333334 
3 0.12638888888888888 0.08541666666666667 0.05555555555555555 0.0625 
3 0.3020833333333333 0.051041666666666666 0.0625 0.04791666666666667 
