3 0.5819444444444445 0.43020833333333336 0.1 0.06041666666666667 
3 0.5770833333333333 0.48333333333333334 0.12916666666666668 0.0875 
3 0.9576388888888889 0.6864583333333333 0.06527777777777778 0.15208333333333332 
3 0.7638888888888888 0.340625 0.058333333333333334 0.03958333333333333 
3 0.30833333333333335 0.7510416666666667 0.15833333333333333 0.21041666666666667 
3 0.9638888888888889 0.41770833333333335 0.05 0.07708333333333334 
3 0.9013888888888889 0.6166666666666667 0.16666666666666666 0.17083333333333334 
3 0.8020833333333334 0.35208333333333336 0.043055555555555555 0.0375 
3 0.9673611111111111 0.3302083333333333 0.05138888888888889 0.04791666666666667 
3 0.7298611111111111 0.53125 0.14583333333333334 0.125 
3 0.6881944444444444 0.334375 0.06805555555555555 0.04791666666666667 
3 0.5972222222222222 0.3260416666666667 0.06666666666666667 0.04375 
3 0.8083333333333333 0.5625 0.15 0.15 
3 0.8430555555555556 0.365625 0.07222222222222222 0.05625 
3 0.8888888888888888 0.3885416666666667 0.05555555555555555 0.04791666666666667 
3 0.10347222222222222 0.4395833333333333 0.034722222222222224 0.05 
3 0.6784722222222223 0.475 0.11527777777777778 0.07916666666666666 
3 0.9298611111111111 0.39791666666666664 0.05694444444444444 0.058333333333333334 
