3 0.7722222222222223 0.23854166666666668 0.025 0.03125 
3 0.6131944444444445 0.3260416666666667 0.07083333333333333 0.06041666666666667 
3 0.6840277777777778 0.2625 0.0375 0.029166666666666667 
3 0.08402777777777778 0.5958333333333333 0.15694444444444444 0.18333333333333332 
3 0.48541666666666666 0.4270833333333333 0.12638888888888888 0.1125 
3 0.8756944444444444 0.396875 0.05138888888888889 0.08958333333333333 
3 0.9680555555555556 0.3229166666666667 0.03888888888888889 0.05416666666666667 
3 0.7402777777777778 0.29583333333333334 0.044444444444444446 0.05416666666666667 
3 0.8715277777777778 0.3 0.04027777777777778 0.04583333333333333 
3 0.7381944444444445 0.21875 0.020833333333333332 0.020833333333333332 
3 0.2652777777777778 0.8989583333333333 0.2861111111111111 0.19375 
