3 0.38819444444444445 0.2552083333333333 0.0375 0.07291666666666667 
3 0.49027777777777776 0.16354166666666667 0.03888888888888889 0.035416666666666666 
3 0.3451388888888889 0.16979166666666667 0.029166666666666667 0.03958333333333333 
3 0.6020833333333333 0.6197916666666666 0.10138888888888889 0.17708333333333334 
3 0.3548611111111111 0.11666666666666667 0.02361111111111111 0.029166666666666667 
3 0.4013888888888889 0.11354166666666667 0.025 0.01875 
3 0.5666666666666667 0.22291666666666668 0.05 0.058333333333333334 
3 0.34930555555555554 0.6916666666666667 0.08472222222222223 0.21666666666666667 
3 0.23541666666666666 0.6104166666666667 0.09027777777777778 0.19583333333333333 
3 0.5131944444444444 0.121875 0.03194444444444444 0.027083333333333334 
3 0.4652777777777778 0.09166666666666666 0.027777777777777776 0.03333333333333333 
