3 0.5881944444444445 0.31875 0.06805555555555555 0.04583333333333333 
3 0.8361111111111111 0.5635416666666667 0.14444444444444443 0.14791666666666667 
3 0.5854166666666667 0.4166666666666667 0.11527777777777778 0.06666666666666667 
3 0.96875 0.41354166666666664 0.043055555555555555 0.06875 
3 0.8763888888888889 0.3854166666666667 0.075 0.0625 
3 0.6986111111111111 0.3385416666666667 0.04722222222222222 0.04791666666666667 
3 0.93125 0.3958333333333333 0.06527777777777778 0.05 
3 0.7354166666666667 0.32395833333333335 0.04027777777777778 0.05625 
3 0.59375 0.453125 0.10416666666666667 0.07291666666666667 
3 0.6125 0.38645833333333335 0.06944444444444445 0.04375 
3 0.6756944444444445 0.4791666666666667 0.12361111111111112 0.09583333333333334 
3 0.7694444444444445 0.5197916666666667 0.1388888888888889 0.11875 
3 0.9243055555555556 0.6270833333333333 0.1375 0.175 
3 0.8402777777777778 0.35833333333333334 0.1 0.0625 
2 0.16041666666666668 0.75625 0.3125 0.4791666666666667 
3 0.9770833333333333 0.7052083333333333 0.0375 0.10625 
