3 0.9680555555555556 0.159375 0.03333333333333333 0.03125 
3 0.45902777777777776 0.39375 0.30972222222222223 0.17083333333333334 
5 0.2375 0.040625 0.025 0.01875 
3 0.2513888888888889 0.057291666666666664 0.027777777777777776 0.03125 
3 0.8833333333333333 0.13854166666666667 0.06666666666666667 0.03958333333333333 
3 0.7888888888888889 0.08229166666666667 0.044444444444444446 0.035416666666666666 
3 0.08819444444444445 0.153125 0.07361111111111111 0.04791666666666667 
3 0.21388888888888888 0.084375 0.04722222222222222 0.03125 
3 0.8472222222222222 0.071875 0.03611111111111111 0.03125 
3 0.9125 0.11354166666666667 0.044444444444444446 0.027083333333333334 
3 0.75625 0.06041666666666667 0.0375 0.020833333333333332 
