3 0.4354166666666667 0.5875 0.39305555555555555 0.2708333333333333 
3 0.9472222222222222 0.13541666666666666 0.030555555555555555 0.016666666666666666 
3 0.7840277777777778 0.07916666666666666 0.04583333333333333 0.025 
3 0.9652777777777778 0.16041666666666668 0.03888888888888889 0.029166666666666667 
3 0.9097222222222222 0.11145833333333334 0.03888888888888889 0.027083333333333334 
3 0.85625 0.22083333333333333 0.10972222222222222 0.08333333333333333 
3 0.8763888888888889 0.13958333333333334 0.06388888888888888 0.05 
3 0.09027777777777778 0.15 0.075 0.05 
3 0.8479166666666667 0.115625 0.043055555555555555 0.027083333333333334 
3 0.8180555555555555 0.09166666666666666 0.06944444444444445 0.029166666666666667 
3 0.7618055555555555 0.059375 0.04861111111111111 0.027083333333333334 
3 0.23333333333333334 0.046875 0.03611111111111111 0.035416666666666666 
