3 0.8638888888888889 0.30625 0.15833333333333333 0.12083333333333333 
8 0.1763888888888889 0.26875 0.10555555555555556 0.1125 
3 0.3368055555555556 0.07291666666666667 0.043055555555555555 0.03333333333333333 
3 0.0625 0.22395833333333334 0.025 0.035416666666666666 
3 0.3055555555555556 0.07083333333333333 0.025 0.025 
3 0.25069444444444444 0.11770833333333333 0.043055555555555555 0.035416666666666666 
3 0.2791666666666667 0.08645833333333333 0.030555555555555555 0.027083333333333334 
3 0.2673611111111111 0.325 0.11805555555555555 0.12916666666666668 
3 0.12152777777777778 0.23125 0.06805555555555555 0.06666666666666667 
3 0.07916666666666666 0.23333333333333334 0.027777777777777776 0.05 
3 0.5506944444444445 0.17291666666666666 0.12916666666666668 0.07083333333333333 
3 0.04583333333333333 0.21458333333333332 0.022222222222222223 0.029166666666666667 
3 0.21875 0.125 0.020833333333333332 0.029166666666666667 
