3 0.7861111111111111 0.3541666666666667 0.06111111111111111 0.03333333333333333 
3 0.5847222222222223 0.34791666666666665 0.041666666666666664 0.058333333333333334 
7 0.2604166666666667 0.4510416666666667 0.018055555555555554 0.06041666666666667 
2 0.5145833333333333 0.34479166666666666 0.09027777777777778 0.17708333333333334 
3 0.6479166666666667 0.4166666666666667 0.07083333333333333 0.06666666666666667 
3 0.9076388888888889 0.3645833333333333 0.043055555555555555 0.041666666666666664 
3 0.8041666666666667 0.3697916666666667 0.06111111111111111 0.027083333333333334 
7 0.3173611111111111 0.4166666666666667 0.009722222222222222 0.06666666666666667 
3 0.7611111111111111 0.3416666666666667 0.05 0.025 
3 0.8375 0.3375 0.03333333333333333 0.029166666666666667 
10 0.6229166666666667 0.6385416666666667 0.14027777777777778 0.16458333333333333 
3 0.9444444444444444 0.3802083333333333 0.03333333333333333 0.03125 
7 0.15625 0.86875 0.07083333333333333 0.1875 
5 0.8423611111111111 0.94375 0.24861111111111112 0.10833333333333334 
7 0.3034722222222222 0.4114583333333333 0.0125 0.052083333333333336 
3 0.8770833333333333 0.35 0.043055555555555555 0.029166666666666667 
3 0.8472222222222222 0.5979166666666667 0.14722222222222223 0.16666666666666666 
