3 0.39444444444444443 0.04583333333333333 0.04722222222222222 0.04583333333333333 
3 0.5194444444444445 0.15833333333333333 0.08333333333333333 0.1 
2 0.22152777777777777 0.60625 0.44305555555555554 0.7833333333333333 
3 0.2152777777777778 0.20625 0.10555555555555556 0.10416666666666667 
3 0.3368055555555556 0.08333333333333333 0.07916666666666666 0.07083333333333333 
3 0.6333333333333333 0.13125 0.09722222222222222 0.05416666666666667 
3 0.42569444444444443 0.019791666666666666 0.04583333333333333 0.027083333333333334 
3 0.3284722222222222 0.15208333333333332 0.08472222222222223 0.1 
10 0.6395833333333333 0.08645833333333333 0.18472222222222223 0.10625 
3 0.1597222222222222 0.371875 0.14722222222222223 0.24791666666666667 
3 0.6743055555555556 0.18645833333333334 0.18194444444444444 0.11041666666666666 
3 0.10625 0.3458333333333333 0.11805555555555555 0.18333333333333332 
3 0.6395833333333333 0.023958333333333335 0.08194444444444444 0.03125 
3 0.7604166666666666 0.4239583333333333 0.30694444444444446 0.21458333333333332 
