3 0.8118055555555556 0.08958333333333333 0.06805555555555555 0.029166666666666667 
3 0.9118055555555555 0.11041666666666666 0.04861111111111111 0.025 
3 0.7701388888888889 0.0625 0.05694444444444444 0.029166666666666667 
5 0.9708333333333333 0.15416666666666667 0.030555555555555555 0.03333333333333333 
3 0.08680555555555555 0.15208333333333332 0.07916666666666666 0.0625 
3 0.7826388888888889 0.07291666666666667 0.05138888888888889 0.016666666666666666 
3 0.5034722222222222 0.5739583333333333 0.3541666666666667 0.22291666666666668 
3 0.9097222222222222 0.15833333333333333 0.075 0.05416666666666667 
5 0.9444444444444444 0.13229166666666667 0.03888888888888889 0.027083333333333334 
3 0.2375 0.040625 0.03333333333333333 0.03125 
3 0.8791666666666667 0.13229166666666667 0.06666666666666667 0.03125 
3 0.8534722222222222 0.115625 0.04583333333333333 0.022916666666666665 
