3 0.08541666666666667 0.15833333333333333 0.07916666666666666 0.05416666666666667 
3 0.8555555555555555 0.11666666666666667 0.05 0.029166666666666667 
3 0.9402777777777778 0.134375 0.03611111111111111 0.03125 
3 0.9638888888888889 0.153125 0.03611111111111111 0.035416666666666666 
3 0.6048611111111111 0.39375 0.28194444444444444 0.15833333333333333 
3 0.8798611111111111 0.13854166666666667 0.059722222222222225 0.04375 
3 0.7833333333333333 0.078125 0.041666666666666664 0.022916666666666665 
3 0.9118055555555555 0.11041666666666666 0.043055555555555555 0.029166666666666667 
3 0.09166666666666666 0.16666666666666666 0.075 0.05 
3 0.8152777777777778 0.09166666666666666 0.06388888888888888 0.041666666666666664 
3 0.49930555555555556 0.6354166666666666 0.39861111111111114 0.2375 
