3 0.17222222222222222 0.2625 0.15 0.175 
3 0.5166666666666667 0.6739583333333333 0.2388888888888889 0.34791666666666665 
3 0.3298611111111111 0.175 0.11805555555555555 0.09166666666666666 
3 0.6881944444444444 0.2520833333333333 0.09861111111111111 0.11666666666666667 
3 0.4222222222222222 0.13020833333333334 0.075 0.07708333333333334 
3 0.49722222222222223 0.10208333333333333 0.06666666666666667 0.05 
3 0.6902777777777778 0.042708333333333334 0.03611111111111111 0.04375 
3 0.6055555555555555 0.06979166666666667 0.03333333333333333 0.03125 
3 0.6541666666666667 0.07708333333333334 0.044444444444444446 0.03333333333333333 
3 0.5541666666666667 0.07916666666666666 0.04722222222222222 0.05 
5 0.2826388888888889 0.971875 0.15138888888888888 0.04375 
3 0.75 0.10833333333333334 0.025 0.0375 
3 0.049305555555555554 0.384375 0.09861111111111111 0.16875 
3 0.6277777777777778 0.37395833333333334 0.13333333333333333 0.19375 
1 0.5555555555555556 0.31666666666666665 0.05 0.12083333333333333 
3 0.7097222222222223 0.18333333333333332 0.058333333333333334 0.05416666666666667 
3 0.7229166666666667 0.15625 0.05138888888888889 0.05 
3 0.7423611111111111 0.128125 0.043055555555555555 0.03125 
