3 0.21875 0.7322916666666667 0.23472222222222222 0.24791666666666667 
3 0.059722222222222225 0.6177083333333333 0.11944444444444445 0.15208333333333332 
3 0.8680555555555556 0.3333333333333333 0.04722222222222222 0.07916666666666666 
3 0.8756944444444444 0.42604166666666665 0.06527777777777778 0.09791666666666667 
3 0.6770833333333334 0.36875 0.07916666666666666 0.07916666666666666 
3 0.6111111111111112 0.23854166666666668 0.04722222222222222 0.03958333333333333 
5 0.7784722222222222 0.22708333333333333 0.03194444444444444 0.03333333333333333 
3 0.4625 0.25416666666666665 0.05 0.029166666666666667 
3 0.8736111111111111 0.5708333333333333 0.1 0.17916666666666667 
5 0.024305555555555556 0.5770833333333333 0.0375 0.0875 
