3 0.9381944444444444 0.21770833333333334 0.04027777777777778 0.03958333333333333 
3 0.3784722222222222 0.06979166666666667 0.09027777777777778 0.08125 
3 0.9236111111111112 0.26458333333333334 0.05555555555555555 0.08333333333333333 
3 0.8222222222222222 0.109375 0.044444444444444446 0.03958333333333333 
3 0.30277777777777776 0.051041666666666666 0.06666666666666667 0.06458333333333334 
1 0.225 0.8354166666666667 0.17222222222222222 0.20416666666666666 
3 0.2513888888888889 0.030208333333333334 0.05555555555555555 0.05625 
5 0.20069444444444445 0.022916666666666665 0.04861111111111111 0.041666666666666664 
3 0.7722222222222223 0.11770833333333333 0.05 0.06041666666666667 
3 0.7138888888888889 0.12708333333333333 0.075 0.0625 
