3 0.8527777777777777 0.5072916666666667 0.06666666666666667 0.05625 
3 0.9451388888888889 0.5770833333333333 0.04583333333333333 0.05 
3 0.17291666666666666 0.12708333333333333 0.0375 0.0375 
3 0.8097222222222222 0.4583333333333333 0.044444444444444446 0.0375 
5 0.04027777777777778 0.07916666666666666 0.075 0.06666666666666667 
3 0.41875 0.23541666666666666 0.05416666666666667 0.0375 
3 0.28194444444444444 0.165625 0.05 0.022916666666666665 
8 0.4895833333333333 0.28020833333333334 0.10416666666666667 0.06458333333333334 
3 0.3104166666666667 0.19270833333333334 0.0763888888888889 0.04375 
8 0.2923611111111111 0.609375 0.43194444444444446 0.40625 
3 0.2125 0.15520833333333334 0.05555555555555555 0.035416666666666666 
3 0.6493055555555556 0.371875 0.08472222222222223 0.06041666666666667 
8 0.11597222222222223 0.11770833333333333 0.06527777777777778 0.03958333333333333 
