3 0.225 0.15729166666666666 0.06111111111111111 0.03958333333333333 
3 0.825 0.475 0.05277777777777778 0.041666666666666664 
8 0.32569444444444445 0.17708333333333334 0.09861111111111111 0.041666666666666664 
8 0.36527777777777776 0.5270833333333333 0.4222222222222222 0.3458333333333333 
5 0.9694444444444444 0.5927083333333333 0.05 0.05625 
8 0.36319444444444443 0.21770833333333334 0.09583333333333334 0.052083333333333336 
6 0.08125 0.334375 0.1625 0.21875 
3 0.13402777777777777 0.11770833333333333 0.0625 0.04375 
3 0.6944444444444444 0.39791666666666664 0.06666666666666667 0.0625 
3 0.2076388888888889 0.31354166666666666 0.1625 0.13125 
8 0.8861111111111111 0.5229166666666667 0.08888888888888889 0.07916666666666666 
3 0.05763888888888889 0.090625 0.04861111111111111 0.03958333333333333 
3 0.5604166666666667 0.32083333333333336 0.09027777777777778 0.07083333333333333 
