3 0.0798611111111111 0.15104166666666666 0.05416666666666667 0.03958333333333333 
3 0.7618055555555555 0.05520833333333333 0.04583333333333333 0.022916666666666665 
3 0.14722222222222223 0.6322916666666667 0.29444444444444445 0.20625 
3 0.9097222222222222 0.115625 0.03611111111111111 0.035416666666666666 
3 0.8784722222222222 0.1375 0.06527777777777778 0.05 
3 0.7965277777777777 0.078125 0.034722222222222224 0.03958333333333333 
3 0.019444444444444445 0.17291666666666666 0.03333333333333333 0.03333333333333333 
3 0.23958333333333334 0.040625 0.03194444444444444 0.022916666666666665 
3 0.9388888888888889 0.240625 0.08888888888888889 0.05625 
3 0.7520833333333333 0.078125 0.0375 0.035416666666666666 
3 0.9673611111111111 0.16041666666666668 0.0375 0.025 
