3 0.8763888888888889 0.13958333333333334 0.06388888888888888 0.041666666666666664 
3 0.4798611111111111 0.38333333333333336 0.2763888888888889 0.175 
3 0.9652777777777778 0.15729166666666666 0.03888888888888889 0.035416666666666666 
3 0.5486111111111112 0.19270833333333334 0.16666666666666666 0.08541666666666667 
3 0.8451388888888889 0.11354166666666667 0.0375 0.03125 
3 0.8868055555555555 0.5625 0.20416666666666666 0.225 
3 0.8333333333333334 0.18645833333333334 0.1 0.06041666666666667 
8 0.23819444444444443 0.042708333333333334 0.029166666666666667 0.027083333333333334 
3 0.8131944444444444 0.09166666666666666 0.06805555555555555 0.0375 
3 0.07152777777777777 0.1625 0.07083333333333333 0.058333333333333334 
