1 0.03125 0.45625 0.059722222222222225 0.10416666666666667 
3 0.6055555555555555 0.06770833333333333 0.03888888888888889 0.03958333333333333 
3 0.7263888888888889 0.05625 0.022222222222222223 0.029166666666666667 
1 0.1361111111111111 0.34375 0.04722222222222222 0.12083333333333333 
10 0.17083333333333334 0.2604166666666667 0.15 0.1625 
3 0.7506944444444444 0.115625 0.02638888888888889 0.035416666666666666 
1 0.37083333333333335 0.16979166666666667 0.044444444444444446 0.07291666666666667 
3 0.4201388888888889 0.13125 0.07916666666666666 0.075 
3 0.6875 0.23333333333333334 0.06944444444444445 0.09583333333333334 
5 0.28541666666666665 0.9729166666666667 0.1486111111111111 0.04583333333333333 
3 0.6930555555555555 0.090625 0.03888888888888889 0.035416666666666666 
3 0.5125 0.671875 0.2361111111111111 0.34791666666666665 
1 0.0875 0.40729166666666666 0.05 0.08958333333333333 
1 0.19583333333333333 0.296875 0.05277777777777778 0.10625 
1 0.3236111111111111 0.196875 0.027777777777777776 0.08125 
3 0.39166666666666666 0.2625 0.1388888888888889 0.13333333333333333 
1 0.2673611111111111 0.25729166666666664 0.043055555555555555 0.08125 
3 0.6368055555555555 0.08229166666666667 0.0375 0.03125 
3 0.4930555555555556 0.09583333333333334 0.075 0.058333333333333334 
3 0.5638888888888889 0.07708333333333334 0.05 0.04583333333333333 
3 0.04722222222222222 0.371875 0.09444444444444444 0.14791666666666667 
1 0.22708333333333333 0.2708333333333333 0.04583333333333333 0.09166666666666666 
1 0.29375 0.221875 0.04027777777777778 0.08958333333333333 
3 0.725 0.15104166666666666 0.044444444444444446 0.04791666666666667 
3 0.7069444444444445 0.17916666666666667 0.05277777777777778 0.0625 
3 0.63125 0.39791666666666664 0.14305555555555555 0.17916666666666667 
