3 0.5930555555555556 0.43125 0.11944444444444445 0.06666666666666667 
3 0.6763888888888889 0.475 0.12222222222222222 0.1125 
3 0.8104166666666667 0.5614583333333333 0.14027777777777778 0.15625 
3 0.5847222222222223 0.475 0.14166666666666666 0.0875 
3 0.7680555555555556 0.33229166666666665 0.05555555555555555 0.06458333333333334 
3 0.9673611111111111 0.4197916666666667 0.05416666666666667 0.08125 
3 0.6875 0.328125 0.058333333333333334 0.04791666666666667 
3 0.8944444444444445 0.38229166666666664 0.06388888888888888 0.06458333333333334 
3 0.8444444444444444 0.36875 0.08888888888888889 0.07083333333333333 
3 0.6 0.325 0.06944444444444445 0.05416666666666667 
4 0.18958333333333333 0.7375 0.0763888888888889 0.13333333333333333 
3 0.8993055555555556 0.621875 0.15416666666666667 0.17291666666666666 
3 0.7284722222222222 0.5260416666666666 0.14583333333333334 0.11458333333333333 
3 0.8159722222222222 0.35 0.06527777777777778 0.0625 
5 0.9590277777777778 0.696875 0.0763888888888889 0.16875 
3 0.9368055555555556 0.3958333333333333 0.07083333333333333 0.07083333333333333 
