3 0.3548611111111111 0.053125 0.029166666666666667 0.027083333333333334 
3 0.85 0.11770833333333333 0.041666666666666664 0.03125 
3 0.96875 0.23541666666666666 0.034722222222222224 0.041666666666666664 
3 0.8875 0.5885416666666666 0.19722222222222222 0.20208333333333334 
3 0.9659722222222222 0.16041666666666668 0.04027777777777778 0.029166666666666667 
3 0.8756944444444444 0.13645833333333332 0.0625 0.04375 
3 0.9076388888888889 0.240625 0.09583333333333334 0.07708333333333334 
3 0.8069444444444445 0.09166666666666666 0.06111111111111111 0.03333333333333333 
3 0.9465277777777777 0.134375 0.04027777777777778 0.027083333333333334 
3 0.21944444444444444 0.08958333333333333 0.03333333333333333 0.0375 
3 0.9083333333333333 0.11458333333333333 0.041666666666666664 0.029166666666666667 
