3 0.3277777777777778 0.5177083333333333 0.30277777777777776 0.22291666666666668 
3 0.13125 0.121875 0.04861111111111111 0.052083333333333336 
3 0.030555555555555555 0.371875 0.06111111111111111 0.11875 
3 0.23055555555555557 0.11354166666666667 0.08333333333333333 0.04791666666666667 
3 0.17152777777777778 0.11458333333333333 0.05138888888888889 0.04583333333333333 
3 0.40694444444444444 0.275 0.18888888888888888 0.10416666666666667 
3 0.2611111111111111 0.33958333333333335 0.19166666666666668 0.12916666666666668 
3 0.93125 0.4666666666666667 0.11805555555555555 0.10416666666666667 
3 0.04791666666666667 0.28229166666666666 0.09583333333333334 0.10208333333333333 
5 0.9708333333333333 0.5854166666666667 0.03888888888888889 0.125 
