3 0.6159722222222223 0.06770833333333333 0.0375 0.022916666666666665 
3 0.7138888888888889 0.20104166666666667 0.058333333333333334 0.06041666666666667 
3 0.5590277777777778 0.19479166666666667 0.09583333333333334 0.08125 
10 0.7229166666666667 0.153125 0.059722222222222225 0.052083333333333336 
3 0.4909722222222222 0.10208333333333333 0.07083333333333333 0.058333333333333334 
3 0.6840277777777778 0.2625 0.09583333333333334 0.11666666666666667 
5 0.07013888888888889 0.8510416666666667 0.14027777777777778 0.28958333333333336 
3 0.74375 0.10729166666666666 0.03194444444444444 0.03125 
3 0.4791666666666667 0.6916666666666667 0.25555555555555554 0.3625 
3 0.4152777777777778 0.13333333333333333 0.08333333333333333 0.075 
3 0.06180555555555556 0.3875 0.12361111111111112 0.19166666666666668 
3 0.5631944444444444 0.084375 0.05138888888888889 0.04375 
3 0.6277777777777778 0.36875 0.13055555555555556 0.15833333333333333 
3 0.20694444444444443 0.2635416666666667 0.15555555555555556 0.14791666666666667 
1 0.5152777777777777 0.3625 0.044444444444444446 0.14166666666666666 
5 0.28194444444444444 0.9697916666666667 0.14166666666666666 0.05625 
