5 0.022222222222222223 0.20208333333333334 0.041666666666666664 0.05416666666666667 
3 0.22916666666666666 0.08125 0.044444444444444446 0.0375 
5 0.052083333333333336 0.17604166666666668 0.05694444444444444 0.05625 
3 0.17916666666666667 0.10625 0.03611111111111111 0.025 
5 0.9701388888888889 0.534375 0.05694444444444444 0.18125 
8 0.4326388888888889 0.11875 0.0625 0.05416666666666667 
3 0.6694444444444444 0.878125 0.6194444444444445 0.23541666666666666 
2 0.6319444444444444 0.27291666666666664 0.49722222222222223 0.25416666666666665 
5 0.08402777777777778 0.85 0.16805555555555557 0.29583333333333334 
8 0.24027777777777778 0.16458333333333333 0.12222222222222222 0.08333333333333333 
3 0.09444444444444444 0.14583333333333334 0.06666666666666667 0.05 
3 0.12569444444444444 0.12291666666666666 0.05138888888888889 0.03333333333333333 
3 0.4756944444444444 0.08020833333333334 0.04861111111111111 0.035416666666666666 
