8 0.6871345029239766 0.19078947368421054 0.1286549707602339 0.07456140350877193 
3 0.09941520467836257 0.17763157894736842 0.03508771929824561 0.04824561403508772 
3 0.49415204678362573 0.13815789473684212 0.07017543859649122 0.03070175438596491 
3 0.13596491228070176 0.14035087719298245 0.038011695906432746 0.03508771929824561 
8 0.8260233918128655 0.25 0.13157894736842105 0.08771929824561403 
3 0.18859649122807018 0.17982456140350878 0.05555555555555555 0.05263157894736842 
8 0.47514619883040937 0.2916666666666667 0.20175438596491227 0.14473684210526316 
3 0.29385964912280704 0.5482456140350878 0.2309941520467836 0.2894736842105263 
3 0.05555555555555555 0.22807017543859648 0.029239766081871343 0.03508771929824561 
8 0.7207602339181286 0.34649122807017546 0.24269005847953215 0.17543859649122806 
