7 0.4875 0.13125 0.013888888888888888 0.0375 
3 0.17152777777777778 0.37083333333333335 0.10694444444444444 0.14583333333333334 
3 0.42986111111111114 0.075 0.018055555555555554 0.020833333333333332 
3 0.4305555555555556 0.09791666666666667 0.025 0.025 
5 0.013194444444444444 0.728125 0.020833333333333332 0.09375 
1 0.4027777777777778 0.38333333333333336 0.044444444444444446 0.10833333333333334 
3 0.2722222222222222 0.246875 0.05555555555555555 0.06875 
7 0.3541666666666667 0.11875 0.005555555555555556 0.016666666666666666 
3 0.3020833333333333 0.20208333333333334 0.05416666666666667 0.058333333333333334 
3 0.23125 0.29583333333333334 0.06805555555555555 0.09583333333333334 
1 0.4013888888888889 0.5208333333333334 0.04722222222222222 0.17083333333333334 
