2 0.46111111111111114 0.4114583333333333 0.13055555555555556 0.18125 
3 0.5333333333333333 0.2916666666666667 0.025 0.016666666666666666 
3 0.7881944444444444 0.35833333333333334 0.07083333333333333 0.0375 
2 0.6402777777777777 0.32916666666666666 0.07222222222222222 0.07916666666666666 
5 0.47708333333333336 0.26145833333333335 0.0375 0.04791666666666667 
3 0.5680555555555555 0.340625 0.030555555555555555 0.03958333333333333 
3 0.5006944444444444 0.3229166666666667 0.029166666666666667 0.03333333333333333 
3 0.7520833333333333 0.5125 0.11527777777777778 0.11666666666666667 
3 0.9076388888888889 0.3625 0.04027777777777778 0.025 
3 0.7902777777777777 0.9041666666666667 0.25 0.18333333333333332 
