3 0.9680555555555556 0.41770833333333335 0.05 0.08958333333333333 
3 0.5729166666666666 0.38958333333333334 0.10416666666666667 0.05 
7 0.6201388888888889 0.33541666666666664 0.018055555555555554 0.05416666666666667 
3 0.4131944444444444 0.46041666666666664 0.07083333333333333 0.07916666666666666 
3 0.9305555555555556 0.4041666666666667 0.06944444444444445 0.058333333333333334 
3 0.7354166666666667 0.325 0.04861111111111111 0.05416666666666667 
3 0.25833333333333336 0.4125 0.07777777777777778 0.05 
3 0.5881944444444445 0.4552083333333333 0.09583333333333334 0.08125 
3 0.6979166666666666 0.34375 0.05694444444444444 0.05 
3 0.8326388888888889 0.35833333333333334 0.09861111111111111 0.07916666666666666 
7 0.25069444444444444 0.4010416666666667 0.015277777777777777 0.052083333333333336 
3 0.6743055555555556 0.48333333333333334 0.12916666666666668 0.09583333333333334 
3 0.5840277777777778 0.3229166666666667 0.05694444444444444 0.05 
3 0.8354166666666667 0.5708333333333333 0.14027777777777778 0.14583333333333334 
3 0.9215277777777777 0.6333333333333333 0.14027777777777778 0.16666666666666666 
3 0.8743055555555556 0.3885416666666667 0.0875 0.06458333333333334 
3 0.7715277777777778 0.521875 0.14027777777777778 0.12291666666666666 
10 0.9479166666666666 0.32083333333333336 0.07916666666666666 0.058333333333333334 
3 0.9722222222222222 0.7010416666666667 0.044444444444444446 0.12708333333333333 
3 0.5805555555555556 0.43020833333333336 0.11944444444444445 0.09375 
