7 0.19027777777777777 0.31145833333333334 0.03611111111111111 0.09375 
10 0.6652777777777777 0.05520833333333333 0.041666666666666664 0.04791666666666667 
3 0.6243055555555556 0.4010416666666667 0.12638888888888888 0.18958333333333333 
3 0.41458333333333336 0.13854166666666667 0.07916666666666666 0.06041666666666667 
3 0.3326388888888889 0.921875 0.27361111111111114 0.14791666666666667 
3 0.04722222222222222 0.36354166666666665 0.09166666666666666 0.12291666666666666 
7 0.8006944444444445 0.22604166666666667 0.02361111111111111 0.06875 
3 0.7263888888888889 0.16666666666666666 0.05277777777777778 0.075 
3 0.5125 0.6760416666666667 0.24444444444444444 0.36041666666666666 
3 0.3055555555555556 0.1875 0.125 0.10416666666666667 
3 0.6708333333333333 0.2833333333333333 0.08888888888888889 0.12916666666666668 
3 0.5631944444444444 0.078125 0.05138888888888889 0.04375 
3 0.49027777777777776 0.103125 0.06944444444444445 0.06458333333333334 
3 0.06736111111111111 0.49895833333333334 0.13472222222222222 0.25625 
3 0.7104166666666667 0.22083333333333333 0.05416666666666667 0.07916666666666666 
4 0.5229166666666667 0.34375 0.043055555555555555 0.125 
3 0.6055555555555555 0.07083333333333333 0.022222222222222223 0.029166666666666667 
