3 0.034027777777777775 0.23541666666666666 0.059722222222222225 0.0625 
3 0.8763888888888889 0.13958333333333334 0.06388888888888888 0.05 
3 0.8958333333333334 0.38645833333333335 0.15833333333333333 0.12708333333333333 
3 0.8763888888888889 0.5895833333333333 0.23333333333333334 0.2 
3 0.94375 0.134375 0.034722222222222224 0.03125 
3 0.7826388888888889 0.07604166666666666 0.043055555555555555 0.027083333333333334 
3 0.08888888888888889 0.15625 0.07222222222222222 0.05 
3 0.9659722222222222 0.15625 0.0375 0.029166666666666667 
3 0.8222222222222222 0.09166666666666666 0.075 0.03333333333333333 
3 0.9111111111111111 0.11041666666666666 0.044444444444444446 0.03333333333333333 
3 0.8506944444444444 0.11770833333333333 0.043055555555555555 0.022916666666666665 
3 0.7583333333333333 0.06041666666666667 0.044444444444444446 0.029166666666666667 
