3 0.6736111111111112 0.4822916666666667 0.13055555555555556 0.08958333333333333 
10 0.8361111111111111 0.3614583333333333 0.09444444444444444 0.06458333333333334 
3 0.8333333333333334 0.5677083333333334 0.14166666666666666 0.13958333333333334 
3 0.7347222222222223 0.33125 0.03888888888888889 0.04583333333333333 
5 0.15208333333333332 0.43333333333333335 0.04583333333333333 0.0375 
5 0.11527777777777778 0.42604166666666665 0.03888888888888889 0.052083333333333336 
3 0.9333333333333333 0.39895833333333336 0.06388888888888888 0.052083333333333336 
3 0.5791666666666667 0.38958333333333334 0.10555555555555556 0.04583333333333333 
3 0.6979166666666666 0.34270833333333334 0.043055555555555555 0.04375 
3 0.2590277777777778 0.41354166666666664 0.07083333333333333 0.04375 
3 0.5868055555555556 0.45208333333333334 0.09305555555555556 0.07083333333333333 
3 0.5756944444444444 0.41354166666666664 0.1125 0.04791666666666667 
3 0.5930555555555556 0.32395833333333335 0.07222222222222222 0.03958333333333333 
3 0.8701388888888889 0.3885416666666667 0.08194444444444444 0.05625 
3 0.9694444444444444 0.4197916666666667 0.05 0.08125 
3 0.7680555555555556 0.521875 0.1388888888888889 0.12291666666666666 
3 0.4173611111111111 0.43854166666666666 0.06805555555555555 0.06458333333333334 
3 0.91875 0.6260416666666667 0.1375 0.14791666666666667 
5 0.08680555555555555 0.42604166666666665 0.020833333333333332 0.03125 
