3 0.14181286549707603 0.21929824561403508 0.05555555555555555 0.07017543859649122 
3 0.4956140350877193 0.13596491228070176 0.07309941520467836 0.043859649122807015 
8 0.827485380116959 0.25 0.1286549707602339 0.09649122807017543 
8 0.30701754385964913 0.3157894736842105 0.18128654970760233 0.18421052631578946 
3 0.21637426900584794 0.4692982456140351 0.1695906432748538 0.21929824561403508 
3 0.4239766081871345 0.2807017543859649 0.15789473684210525 0.12280701754385964 
5 0.16666666666666666 0.1600877192982456 0.05263157894736842 0.05701754385964912 
8 0.25877192982456143 0.16447368421052633 0.07894736842105263 0.06578947368421052 
3 0.04824561403508772 0.22149122807017543 0.038011695906432746 0.05701754385964912 
8 0.685672514619883 0.18859649122807018 0.12573099415204678 0.07017543859649122 
