3 0.9402777777777778 0.6583333333333333 0.11388888888888889 0.17916666666666667 
3 0.5916666666666667 0.41354166666666664 0.11944444444444445 0.03958333333333333 
3 0.9263888888888889 0.38645833333333335 0.06944444444444445 0.07291666666666667 
3 0.5777777777777777 0.3302083333333333 0.06666666666666667 0.04375 
3 0.8159722222222222 0.5635416666666667 0.13194444444444445 0.11875 
3 0.5868055555555556 0.45416666666666666 0.1125 0.08333333333333333 
10 0.34652777777777777 0.6114583333333333 0.1125 0.14791666666666667 
7 0.37222222222222223 0.37395833333333334 0.011111111111111112 0.04375 
3 0.9013888888888889 0.5895833333333333 0.14444444444444443 0.1625 
3 0.84375 0.365625 0.07916666666666666 0.06041666666666667 
3 0.7006944444444444 0.34479166666666666 0.05416666666666667 0.04375 
3 0.6555555555555556 0.48020833333333335 0.11666666666666667 0.08958333333333333 
7 0.08263888888888889 0.453125 0.015277777777777777 0.05625 
3 0.7430555555555556 0.5104166666666666 0.15555555555555556 0.14583333333333334 
3 0.6083333333333333 0.390625 0.06666666666666667 0.027083333333333334 
