2 0.6451388888888889 0.5927083333333333 0.31527777777777777 0.45625 
3 0.9347222222222222 0.3625 0.03611111111111111 0.041666666666666664 
3 0.4847222222222222 0.29583333333333334 0.022222222222222223 0.03333333333333333 
3 0.9020833333333333 0.35520833333333335 0.04861111111111111 0.03125 
3 0.8395833333333333 0.33229166666666665 0.04027777777777778 0.03125 
3 0.7104166666666667 0.31875 0.04027777777777778 0.03333333333333333 
3 0.7986111111111112 0.36875 0.05555555555555555 0.041666666666666664 
7 0.24791666666666667 0.5666666666666667 0.0375 0.12916666666666668 
3 0.8652777777777778 0.3416666666666667 0.03333333333333333 0.029166666666666667 
3 0.9756944444444444 0.39895833333333336 0.02361111111111111 0.035416666666666666 
2 0.40347222222222223 0.303125 0.043055555555555555 0.07291666666666667 
3 0.7354166666666667 0.32395833333333335 0.05416666666666667 0.03125 
7 0.2652777777777778 0.459375 0.019444444444444445 0.06875 
3 0.50625 0.325 0.034722222222222224 0.03333333333333333 
3 0.7895833333333333 0.5333333333333333 0.12916666666666668 0.15 
3 0.5631944444444444 0.321875 0.0375 0.04791666666666667 
2 0.39166666666666666 0.3958333333333333 0.08611111111111111 0.15833333333333333 
3 0.7680555555555556 0.3489583333333333 0.05 0.04791666666666667 
3 0.5333333333333333 0.290625 0.027777777777777776 0.027083333333333334 
