3 0.04583333333333333 0.24166666666666667 0.09166666666666666 0.075 
3 0.8729166666666667 0.5822916666666667 0.2263888888888889 0.23125 
3 0.8784722222222222 0.134375 0.05694444444444444 0.052083333333333336 
3 0.7506944444444444 0.06041666666666667 0.02638888888888889 0.025 
3 0.625 0.40729166666666666 0.2861111111111111 0.16875 
3 0.96875 0.16041666666666668 0.034722222222222224 0.029166666666666667 
3 0.029861111111111113 0.171875 0.05694444444444444 0.05625 
3 0.20625 0.08854166666666667 0.034722222222222224 0.03125 
3 0.2388888888888889 0.041666666666666664 0.03611111111111111 0.025 
3 0.7861111111111111 0.07395833333333333 0.03611111111111111 0.022916666666666665 
3 0.17430555555555555 0.14895833333333333 0.07361111111111111 0.05625 
3 0.9104166666666667 0.11354166666666667 0.04861111111111111 0.035416666666666666 
