2 0.5125 0.55625 0.29444444444444445 0.3958333333333333 
3 0.75625 0.33645833333333336 0.043055555555555555 0.027083333333333334 
3 0.9590277777777778 0.771875 0.07361111111111111 0.18125 
3 0.8826388888888889 0.3489583333333333 0.05138888888888889 0.027083333333333334 
3 0.9111111111111111 0.3614583333333333 0.03888888888888889 0.035416666666666666 
3 0.9784722222222222 0.3927083333333333 0.02638888888888889 0.01875 
3 0.5666666666666667 0.33645833333333336 0.03888888888888889 0.03125 
3 0.7791666666666667 0.353125 0.058333333333333334 0.035416666666666666 
7 0.23680555555555555 0.453125 0.015277777777777777 0.07708333333333334 
3 0.9402777777777778 0.37604166666666666 0.027777777777777776 0.022916666666666665 
3 0.6513888888888889 0.40625 0.07777777777777778 0.08333333333333333 
3 0.8159722222222222 0.37083333333333335 0.04861111111111111 0.029166666666666667 
