3 0.7277777777777777 0.271875 0.06388888888888888 0.05625 
3 0.5694444444444444 0.2125 0.06944444444444445 0.025 
3 0.6729166666666667 0.8427083333333333 0.2791666666666667 0.30625 
7 0.8291666666666667 0.34791666666666665 0.016666666666666666 0.058333333333333334 
10 0.2875 0.2125 0.075 0.04583333333333333 
3 0.6590277777777778 0.25 0.059722222222222225 0.0375 
7 0.6222222222222222 0.3885416666666667 0.030555555555555555 0.08125 
3 0.6229166666666667 0.23645833333333333 0.06805555555555555 0.03958333333333333 
7 0.80625 0.33229166666666665 0.015277777777777777 0.06041666666666667 
5 0.9701388888888889 0.37604166666666666 0.03194444444444444 0.06041666666666667 
