3 0.36180555555555555 0.6072916666666667 0.38472222222222224 0.21458333333333332 
3 0.7958333333333333 0.075 0.06111111111111111 0.029166666666666667 
3 0.9701388888888889 0.159375 0.04583333333333333 0.03958333333333333 
3 0.7625 0.057291666666666664 0.04722222222222222 0.03125 
3 0.7743055555555556 0.37604166666666666 0.20972222222222223 0.14375 
3 0.9111111111111111 0.10833333333333334 0.03888888888888889 0.025 
3 0.08541666666666667 0.15104166666666666 0.07361111111111111 0.04791666666666667 
3 0.9055555555555556 0.15729166666666666 0.07777777777777778 0.06041666666666667 
3 0.8215277777777777 0.08958333333333333 0.07083333333333333 0.029166666666666667 
3 0.8534722222222222 0.1125 0.04583333333333333 0.03333333333333333 
3 0.94375 0.13229166666666667 0.043055555555555555 0.035416666666666666 
3 0.8736111111111111 0.13229166666666667 0.06388888888888888 0.035416666666666666 
