5 0.9458333333333333 0.63125 0.09722222222222222 0.15 
10 0.9097222222222222 0.8697916666666666 0.15833333333333333 0.24375 
3 0.38263888888888886 0.03854166666666667 0.059722222222222225 0.03125 
3 0.5701388888888889 0.09166666666666666 0.05694444444444444 0.058333333333333334 
3 0.17291666666666666 0.059375 0.04861111111111111 0.035416666666666666 
3 0.23819444444444443 0.03958333333333333 0.04583333333333333 0.03333333333333333 
3 0.06458333333333334 0.2635416666666667 0.09583333333333334 0.07708333333333334 
5 0.9347222222222222 0.5 0.1111111111111111 0.12083333333333333 
8 0.27291666666666664 0.03125 0.04027777777777778 0.029166666666666667 
3 0.3104166666666667 0.027083333333333334 0.0375 0.020833333333333332 
3 0.015277777777777777 0.15208333333333332 0.027777777777777776 0.04583333333333333 
3 0.38263888888888886 0.221875 0.1375 0.10625 
3 0.22430555555555556 0.07083333333333333 0.034722222222222224 0.0375 
3 0.2263888888888889 0.10520833333333333 0.07777777777777778 0.04375 
1 0.6361111111111111 0.25729166666666664 0.03333333333333333 0.10625 
3 0.8909722222222223 0.35104166666666664 0.1597222222222222 0.12291666666666666 
8 0.21180555555555555 0.05 0.0375 0.03333333333333333 
