3 0.5180555555555556 0.34791666666666665 0.06111111111111111 0.04583333333333333 
3 0.8743055555555556 0.39479166666666665 0.09027777777777778 0.06041666666666667 
3 0.8361111111111111 0.365625 0.09722222222222222 0.07291666666666667 
3 0.5861111111111111 0.4322916666666667 0.13055555555555556 0.08125 
3 0.5805555555555556 0.3875 0.11666666666666667 0.0375 
3 0.8354166666666667 0.5729166666666666 0.14027777777777778 0.14166666666666666 
3 0.7715277777777778 0.5229166666666667 0.14305555555555555 0.12083333333333333 
3 0.9354166666666667 0.4041666666666667 0.06527777777777778 0.05416666666666667 
3 0.6986111111111111 0.34375 0.04722222222222222 0.041666666666666664 
3 0.96875 0.421875 0.05416666666666667 0.08125 
3 0.9736111111111111 0.7072916666666667 0.04722222222222222 0.14375 
3 0.5930555555555556 0.45625 0.10277777777777777 0.07083333333333333 
3 0.5875 0.3260416666666667 0.08611111111111111 0.04375 
3 0.30069444444444443 0.6708333333333333 0.12638888888888888 0.175 
3 0.7347222222222223 0.3333333333333333 0.05 0.041666666666666664 
3 0.675 0.48541666666666666 0.13333333333333333 0.09583333333333334 
3 0.9229166666666667 0.6375 0.14583333333333334 0.16666666666666666 
