3 0.7590277777777777 0.33958333333333335 0.05416666666666667 0.041666666666666664 
3 0.6631944444444444 0.4791666666666667 0.13472222222222222 0.1 
3 0.9236111111111112 0.38333333333333336 0.06388888888888888 0.06666666666666667 
3 0.5895833333333333 0.45 0.11805555555555555 0.0875 
3 0.9416666666666667 0.6520833333333333 0.11388888888888889 0.1875 
3 0.8972222222222223 0.5833333333333334 0.14722222222222223 0.15416666666666667 
3 0.8430555555555556 0.36041666666666666 0.08611111111111111 0.058333333333333334 
3 0.7958333333333333 0.3541666666666667 0.05277777777777778 0.05 
3 0.2625 0.8739583333333333 0.18611111111111112 0.24791666666666667 
3 0.8166666666666667 0.5614583333333333 0.1361111111111111 0.12708333333333333 
3 0.6277777777777778 0.39479166666666665 0.03888888888888889 0.01875 
3 0.6958333333333333 0.3416666666666667 0.058333333333333334 0.041666666666666664 
3 0.5791666666666667 0.32708333333333334 0.07222222222222222 0.04583333333333333 
3 0.6020833333333333 0.3802083333333333 0.06527777777777778 0.03125 
3 0.95 0.4114583333333333 0.06944444444444445 0.08125 
3 0.80625 0.31145833333333334 0.07083333333333333 0.03125 
3 0.7423611111111111 0.5052083333333334 0.15138888888888888 0.14375 
3 0.5895833333333333 0.4041666666666667 0.12361111111111112 0.0375 
