3 0.9069444444444444 0.178125 0.06388888888888888 0.07708333333333334 
3 0.08333333333333333 0.14583333333333334 0.03611111111111111 0.041666666666666664 
3 0.8847222222222222 0.196875 0.06944444444444445 0.09791666666666667 
2 0.41388888888888886 0.584375 0.6333333333333333 0.8270833333333333 
3 0.7069444444444445 0.09270833333333334 0.05555555555555555 0.04375 
3 0.7520833333333333 0.14375 0.07916666666666666 0.07083333333333333 
3 0.6888888888888889 0.16666666666666666 0.11388888888888889 0.09583333333333334 
10 0.49236111111111114 0.096875 0.1125 0.07708333333333334 
3 0.8020833333333334 0.12395833333333334 0.06805555555555555 0.052083333333333336 
3 0.8270833333333333 0.20833333333333334 0.10694444444444444 0.09166666666666666 
3 0.45069444444444445 0.08333333333333333 0.09027777777777778 0.07083333333333333 
3 0.7784722222222222 0.1375 0.06527777777777778 0.058333333333333334 
5 0.5618055555555556 0.12604166666666666 0.06805555555555555 0.09791666666666667 
3 0.5340277777777778 0.07083333333333333 0.05694444444444444 0.05 
10 0.8791666666666667 0.12083333333333333 0.05555555555555555 0.05 
3 0.9166666666666666 0.16875 0.07222222222222222 0.06666666666666667 
8 0.56875 0.053125 0.07083333333333333 0.04791666666666667 
3 0.8590277777777777 0.13541666666666666 0.03194444444444444 0.04583333333333333 
3 0.1284722222222222 0.18645833333333334 0.04861111111111111 0.06458333333333334 
3 0.8666666666666667 0.19895833333333332 0.10833333333333334 0.09375 
3 0.525 0.115625 0.058333333333333334 0.06458333333333334 
3 0.7791666666666667 0.21770833333333334 0.09722222222222222 0.08541666666666667 
10 0.425 0.07395833333333333 0.10833333333333334 0.07708333333333334 
