3 0.5305555555555556 0.28125 0.025 0.029166666666666667 
3 0.34652777777777777 0.30833333333333335 0.043055555555555555 0.03333333333333333 
2 0.4895833333333333 0.5416666666666666 0.2652777777777778 0.38333333333333336 
3 0.5722222222222222 0.33645833333333336 0.03888888888888889 0.03958333333333333 
3 0.7479166666666667 0.49895833333333334 0.10416666666666667 0.12291666666666666 
3 0.9381944444444444 0.3541666666666667 0.03194444444444444 0.029166666666666667 
3 0.6222222222222222 0.3854166666666667 0.06111111111111111 0.0625 
3 0.9048611111111111 0.34479166666666666 0.029166666666666667 0.027083333333333334 
3 0.5493055555555556 0.30520833333333336 0.03194444444444444 0.035416666666666666 
7 0.2777777777777778 0.39791666666666664 0.022222222222222223 0.09583333333333334 
3 0.5027777777777778 0.30520833333333336 0.027777777777777776 0.03125 
