3 0.8659722222222223 0.33958333333333335 0.04861111111111111 0.07083333333333333 
3 0.4909722222222222 0.309375 0.07083333333333333 0.06458333333333334 
3 0.8694444444444445 0.4239583333333333 0.06666666666666667 0.09791666666666667 
3 0.8659722222222223 0.23958333333333334 0.04583333333333333 0.025 
3 0.29930555555555555 0.596875 0.20972222222222223 0.18541666666666667 
3 0.875 0.571875 0.09444444444444444 0.16875 
9 0.6145833333333334 0.2625 0.12361111111111112 0.1125 
3 0.20069444444444445 0.5020833333333333 0.13472222222222222 0.12916666666666668 
3 0.29097222222222224 0.31979166666666664 0.06527777777777778 0.04791666666666667 
0 0.6361111111111111 0.37604166666666666 0.24166666666666667 0.33125 
