3 0.19722222222222222 0.146875 0.06388888888888888 0.04375 
10 0.27708333333333335 0.17083333333333334 0.06805555555555555 0.020833333333333332 
3 0.3215277777777778 0.20208333333333334 0.07361111111111111 0.04583333333333333 
3 0.19444444444444445 0.153125 0.06666666666666667 0.04375 
3 0.7111111111111111 0.41458333333333336 0.07777777777777778 0.07083333333333333 
8 0.6715277777777777 0.365625 0.05416666666666667 0.03125 
3 0.8229166666666666 0.6791666666666667 0.16805555555555557 0.17083333333333334 
3 0.8229166666666666 0.47708333333333336 0.0625 0.029166666666666667 
3 0.42777777777777776 0.240625 0.07777777777777778 0.03125 
8 0.6694444444444444 0.371875 0.05 0.04375 
3 0.8222222222222222 0.475 0.05555555555555555 0.020833333333333332 
3 0.8423611111111111 0.5104166666666666 0.05694444444444444 0.04583333333333333 
8 0.2923611111111111 0.4979166666666667 0.4652777777777778 0.425 
8 0.034027777777777775 0.07291666666666667 0.0625 0.05 
3 0.4708333333333333 0.278125 0.075 0.052083333333333336 
10 0.28125 0.17291666666666666 0.059722222222222225 0.0375 
3 0.8451388888888889 0.5197916666666667 0.059722222222222225 0.06458333333333334 
3 0.46875 0.28125 0.07083333333333333 0.041666666666666664 
3 0.42916666666666664 0.23958333333333334 0.07222222222222222 0.041666666666666664 
