3 0.8708333333333333 0.390625 0.06944444444444445 0.052083333333333336 
3 0.43680555555555556 0.440625 0.0625 0.06875 
3 0.8347222222222223 0.35833333333333334 0.09444444444444444 0.07916666666666666 
3 0.5868055555555556 0.46041666666666664 0.08194444444444444 0.06666666666666667 
3 0.4166666666666667 0.37083333333333335 0.044444444444444446 0.04583333333333333 
3 0.9347222222222222 0.40208333333333335 0.05555555555555555 0.058333333333333334 
3 0.8368055555555556 0.5666666666666667 0.14027777777777778 0.14583333333333334 
3 0.36944444444444446 0.7125 0.12777777777777777 0.19583333333333333 
5 0.28125 0.953125 0.1763888888888889 0.08541666666666667 
7 0.08055555555555556 0.7916666666666666 0.04722222222222222 0.10416666666666667 
5 0.975 0.709375 0.041666666666666664 0.13541666666666666 
3 0.6993055555555555 0.3375 0.04861111111111111 0.05416666666666667 
3 0.75625 0.5197916666666667 0.1125 0.11875 
3 0.5819444444444445 0.32395833333333335 0.05555555555555555 0.04375 
7 0.61875 0.3375 0.009722222222222222 0.041666666666666664 
3 0.5763888888888888 0.42604166666666665 0.11388888888888889 0.07291666666666667 
3 0.6715277777777777 0.48333333333333334 0.12361111111111112 0.09166666666666666 
7 0.3159722222222222 0.41458333333333336 0.009722222222222222 0.03333333333333333 
3 0.9694444444444444 0.42291666666666666 0.044444444444444446 0.08333333333333333 
3 0.7340277777777777 0.32916666666666666 0.0375 0.05416666666666667 
3 0.9222222222222223 0.6302083333333334 0.1388888888888889 0.15208333333333332 
3 0.38819444444444445 0.521875 0.10138888888888889 0.09791666666666667 
