3 0.6784722222222223 0.1 0.04861111111111111 0.04583333333333333 
3 0.6368055555555555 0.053125 0.043055555555555555 0.035416666666666666 
3 0.44583333333333336 0.023958333333333335 0.06944444444444445 0.027083333333333334 
3 0.5451388888888888 0.10416666666666667 0.07083333333333333 0.06666666666666667 
3 0.5979166666666667 0.20416666666666666 0.10138888888888889 0.0875 
3 0.29305555555555557 0.028125 0.041666666666666664 0.035416666666666666 
3 0.19722222222222222 0.12083333333333333 0.09444444444444444 0.05416666666666667 
3 0.2986111111111111 0.07604166666666666 0.07777777777777778 0.052083333333333336 
3 0.26944444444444443 0.042708333333333334 0.05 0.027083333333333334 
3 0.23194444444444445 0.057291666666666664 0.05 0.03125 
5 0.8868055555555555 0.9052083333333333 0.21805555555555556 0.18125 
3 0.2326388888888889 0.041666666666666664 0.0625 0.029166666666666667 
3 0.7027777777777777 0.065625 0.03333333333333333 0.027083333333333334 
3 0.6652777777777777 0.035416666666666666 0.027777777777777776 0.025 
3 0.34444444444444444 0.05416666666666667 0.07777777777777778 0.03333333333333333 
4 0.6284722222222222 0.309375 0.034722222222222224 0.09791666666666667 
3 0.26805555555555555 0.028125 0.05 0.022916666666666665 
3 0.2013888888888889 0.784375 0.3138888888888889 0.41458333333333336 
3 0.029861111111111113 0.18541666666666667 0.05694444444444444 0.07916666666666666 
3 0.4666666666666667 0.16979166666666667 0.10833333333333334 0.08541666666666667 
3 0.15902777777777777 0.41458333333333336 0.20416666666666666 0.26666666666666666 
3 0.8951388888888889 0.353125 0.1597222222222222 0.15208333333333332 
3 0.5916666666666667 0.08125 0.03888888888888889 0.04583333333333333 
