3 0.2902777777777778 0.178125 0.044444444444444446 0.035416666666666666 
3 0.06458333333333334 0.10104166666666667 0.04583333333333333 0.035416666666666666 
3 0.58125 0.32916666666666666 0.08472222222222223 0.05416666666666667 
8 0.31527777777777777 0.5208333333333334 0.3388888888888889 0.2875 
3 0.1527777777777778 0.13229166666666667 0.06111111111111111 0.04375 
3 0.9354166666666667 0.5666666666666667 0.06527777777777778 0.06666666666666667 
3 0.23402777777777778 0.1625 0.07083333333333333 0.0375 
3 0.8166666666666667 0.48333333333333334 0.08888888888888889 0.075 
3 0.4527777777777778 0.2604166666666667 0.07777777777777778 0.058333333333333334 
3 0.34305555555555556 0.2125 0.06111111111111111 0.0375 
3 0.6986111111111111 0.4010416666666667 0.09444444444444444 0.07291666666666667 
