3 0.9090277777777778 0.1125 0.04027777777777778 0.03333333333333333 
3 0.48125 0.596875 0.38472222222222224 0.26458333333333334 
3 0.23680555555555555 0.042708333333333334 0.029166666666666667 0.027083333333333334 
3 0.8138888888888889 0.08958333333333333 0.058333333333333334 0.03333333333333333 
3 0.08680555555555555 0.153125 0.07361111111111111 0.05625 
3 0.8451388888888889 0.11666666666666667 0.0375 0.025 
3 0.9409722222222222 0.13645833333333332 0.029166666666666667 0.027083333333333334 
3 0.9680555555555556 0.159375 0.03611111111111111 0.035416666666666666 
3 0.7638888888888888 0.06145833333333333 0.04722222222222222 0.027083333333333334 
3 0.78125 0.078125 0.034722222222222224 0.027083333333333334 
3 0.8777777777777778 0.1375 0.06111111111111111 0.04583333333333333 
3 0.6645833333333333 0.18854166666666666 0.1625 0.08541666666666667 
