3 0.7173611111111111 0.0625 0.043055555555555555 0.03333333333333333 
3 0.5138888888888888 0.121875 0.13055555555555556 0.08958333333333333 
8 0.5243055555555556 0.040625 0.08194444444444444 0.03958333333333333 
3 0.36180555555555555 0.046875 0.05694444444444444 0.03125 
3 0.8208333333333333 0.121875 0.03333333333333333 0.052083333333333336 
3 0.7583333333333333 0.08020833333333334 0.06111111111111111 0.04791666666666667 
2 0.4361111111111111 0.6802083333333333 0.8722222222222222 0.6354166666666666 
3 0.24097222222222223 0.14166666666666666 0.12083333333333333 0.075 
3 0.4027777777777778 0.042708333333333334 0.03611111111111111 0.03125 
3 0.5291666666666667 0.07604166666666666 0.09444444444444444 0.04791666666666667 
