3 0.7673611111111112 0.3458333333333333 0.05416666666666667 0.029166666666666667 
3 0.7236111111111111 0.32708333333333334 0.05 0.0375 
5 0.41875 0.27708333333333335 0.029166666666666667 0.05 
7 0.15486111111111112 0.7375 0.06527777777777778 0.15 
2 0.4722222222222222 0.4875 0.225 0.32083333333333336 
3 0.5277777777777778 0.28229166666666666 0.022222222222222223 0.027083333333333334 
3 0.49583333333333335 0.25833333333333336 0.016666666666666666 0.016666666666666666 
3 0.7076388888888889 0.7177083333333333 0.16527777777777777 0.21041666666666667 
3 0.3416666666666667 0.30520833333333336 0.03333333333333333 0.035416666666666666 
3 0.9256944444444445 0.7083333333333334 0.12916666666666668 0.20833333333333334 
3 0.8256944444444444 0.30625 0.020833333333333332 0.020833333333333332 
3 0.5111111111111111 0.26875 0.019444444444444445 0.016666666666666666 
10 0.9708333333333333 0.38125 0.03333333333333333 0.020833333333333332 
3 0.64375 0.41875 0.07916666666666666 0.075 
3 0.7569444444444444 0.33541666666666664 0.058333333333333334 0.0375 
8 0.8569444444444444 0.3177083333333333 0.06944444444444445 0.03125 
3 0.5465277777777777 0.303125 0.03194444444444444 0.035416666666666666 
7 0.2743055555555556 0.4979166666666667 0.03194444444444444 0.09583333333333334 
3 0.8986111111111111 0.3541666666666667 0.03888888888888889 0.025 
7 0.17083333333333334 0.5864583333333333 0.027777777777777776 0.09791666666666667 
3 0.4736111111111111 0.2552083333333333 0.019444444444444445 0.014583333333333334 
3 0.8 0.35104166666666664 0.06666666666666667 0.022916666666666665 
3 0.8041666666666667 0.303125 0.03888888888888889 0.022916666666666665 
