3 0.58125 0.3302083333333333 0.07361111111111111 0.03958333333333333 
3 0.8479166666666667 0.36666666666666664 0.07916666666666666 0.05416666666666667 
3 0.6506944444444445 0.371875 0.034722222222222224 0.03958333333333333 
3 0.5819444444444445 0.4552083333333333 0.10555555555555556 0.09375 
3 0.7020833333333333 0.34270833333333334 0.05416666666666667 0.04791666666666667 
3 0.21319444444444444 0.40208333333333335 0.07361111111111111 0.0375 
3 0.6645833333333333 0.4822916666666667 0.12638888888888888 0.08958333333333333 
3 0.4027777777777778 0.3625 0.06666666666666667 0.0375 
3 0.8006944444444445 0.35625 0.05694444444444444 0.04583333333333333 
3 0.9236111111111112 0.39375 0.058333333333333334 0.075 
3 0.45902777777777776 0.39375 0.0625 0.058333333333333334 
5 0.9833333333333333 0.44479166666666664 0.019444444444444445 0.06041666666666667 
3 0.8236111111111111 0.5604166666666667 0.1361111111111111 0.1125 
3 0.7604166666666666 0.34479166666666666 0.0375 0.03958333333333333 
3 0.3215277777777778 0.671875 0.12916666666666668 0.16458333333333333 
3 0.9409722222222222 0.65625 0.09861111111111111 0.19166666666666668 
3 0.5923611111111111 0.4083333333333333 0.12916666666666668 0.04583333333333333 
3 0.8993055555555556 0.5916666666666667 0.14305555555555555 0.15833333333333333 
3 0.7465277777777778 0.5104166666666666 0.15694444444444444 0.1375 
3 0.9618055555555556 0.4125 0.06805555555555555 0.07916666666666666 
