3 0.4361111111111111 0.43125 0.06666666666666667 0.075 
3 0.7569444444444444 0.37604166666666666 0.075 0.04375 
3 0.8180555555555555 0.5625 0.13333333333333333 0.11666666666666667 
3 0.9604166666666667 0.334375 0.06805555555555555 0.04791666666666667 
7 0.6701388888888888 0.31875 0.0125 0.041666666666666664 
3 0.95625 0.46145833333333336 0.07361111111111111 0.08125 
8 0.9416666666666667 0.6583333333333333 0.10277777777777777 0.175 
3 0.8451388888888889 0.3645833333333333 0.08194444444444444 0.05 
3 0.6034722222222222 0.38958333333333334 0.04583333333333333 0.029166666666666667 
3 0.925 0.38333333333333336 0.06666666666666667 0.06666666666666667 
3 0.5791666666666667 0.32708333333333334 0.06944444444444445 0.04583333333333333 
3 0.30972222222222223 0.815625 0.16111111111111112 0.23541666666666666 
3 0.7423611111111111 0.50625 0.15416666666666667 0.13333333333333333 
3 0.5875 0.453125 0.10833333333333334 0.08541666666666667 
4 0.3486111111111111 0.4354166666666667 0.027777777777777776 0.0625 
3 0.6645833333333333 0.48125 0.13472222222222222 0.1 
3 0.5902777777777778 0.41354166666666664 0.13055555555555556 0.052083333333333336 
3 0.8972222222222223 0.5885416666666666 0.14722222222222223 0.16458333333333333 
3 0.6986111111111111 0.3375 0.05277777777777778 0.04583333333333333 
