3 0.7666666666666667 0.521875 0.1361111111111111 0.12291666666666666 
3 0.9284722222222223 0.39895833333333336 0.0625 0.06458333333333334 
3 0.6958333333333333 0.34375 0.05 0.05 
3 0.5854166666666667 0.45729166666666665 0.09027777777777778 0.08125 
3 0.2923611111111111 0.40520833333333334 0.07916666666666666 0.052083333333333336 
3 0.5798611111111112 0.4239583333333333 0.12916666666666668 0.06875 
3 0.22708333333333333 0.8770833333333333 0.14305555555555555 0.2375 
5 0.96875 0.6979166666666666 0.04583333333333333 0.125 
3 0.9243055555555556 0.6291666666666667 0.14305555555555555 0.16666666666666666 
3 0.9680555555555556 0.42291666666666666 0.041666666666666664 0.07916666666666666 
3 0.6701388888888888 0.4791666666666667 0.12083333333333333 0.0875 
3 0.4826388888888889 0.3729166666666667 0.06527777777777778 0.058333333333333334 
3 0.8708333333333333 0.38645833333333335 0.08055555555555556 0.06458333333333334 
3 0.8319444444444445 0.5697916666666667 0.1361111111111111 0.14791666666666667 
3 0.5895833333333333 0.31979166666666664 0.07083333333333333 0.052083333333333336 
3 0.3784722222222222 0.546875 0.1125 0.12291666666666666 
3 0.8402777777777778 0.3625 0.08055555555555556 0.07916666666666666 
3 0.4395833333333333 0.44375 0.06805555555555555 0.075 
