3 0.85 0.11041666666666666 0.041666666666666664 0.025 
3 0.23541666666666666 0.03854166666666667 0.029166666666666667 0.03125 
3 0.0875 0.15104166666666666 0.08055555555555556 0.06041666666666667 
3 0.9430555555555555 0.13229166666666667 0.03888888888888889 0.027083333333333334 
3 0.7902777777777777 0.36354166666666665 0.2111111111111111 0.16458333333333333 
3 0.8784722222222222 0.13854166666666667 0.06527777777777778 0.04375 
3 0.1701388888888889 0.6322916666666667 0.30972222222222223 0.21458333333333332 
3 0.96875 0.15416666666666667 0.04027777777777778 0.029166666666666667 
3 0.8138888888888889 0.08645833333333333 0.06388888888888888 0.03125 
3 0.017361111111111112 0.18333333333333332 0.03194444444444444 0.041666666666666664 
3 0.7784722222222222 0.075 0.043055555555555555 0.03333333333333333 
3 0.9097222222222222 0.10625 0.04722222222222222 0.029166666666666667 
