3 0.7055555555555556 0.04479166666666667 0.030555555555555555 0.03958333333333333 
3 0.4097222222222222 0.017708333333333333 0.07777777777777778 0.035416666666666666 
3 0.25416666666666665 0.025 0.05277777777777778 0.029166666666666667 
3 0.29305555555555557 0.065625 0.06944444444444445 0.04791666666666667 
3 0.20902777777777778 0.04895833333333333 0.034722222222222224 0.03125 
3 0.34097222222222223 0.035416666666666666 0.059722222222222225 0.029166666666666667 
2 0.3541666666666667 0.5177083333333333 0.5777777777777777 0.7854166666666667 
10 0.4847222222222222 0.121875 0.1111111111111111 0.09791666666666667 
3 0.21875 0.3541666666666667 0.1597222222222222 0.20416666666666666 
3 0.8826388888888889 0.9020833333333333 0.21805555555555556 0.19166666666666668 
3 0.5763888888888888 0.07083333333333333 0.058333333333333334 0.04583333333333333 
3 0.1701388888888889 0.06666666666666667 0.059722222222222225 0.025 
3 0.8951388888888889 0.33645833333333336 0.1625 0.13541666666666666 
3 0.21597222222222223 0.09583333333333334 0.08194444444444444 0.04583333333333333 
3 0.6361111111111111 0.036458333333333336 0.030555555555555555 0.027083333333333334 
3 0.8020833333333334 0.12916666666666668 0.09027777777777778 0.05416666666666667 
