3 0.6388888888888888 0.278125 0.025 0.027083333333333334 
3 0.6006944444444444 0.321875 0.0763888888888889 0.04791666666666667 
3 0.725 0.5291666666666667 0.14722222222222223 0.11666666666666667 
7 0.2652777777777778 0.4375 0.016666666666666666 0.05416666666666667 
3 0.8020833333333334 0.353125 0.04027777777777778 0.04375 
3 0.93125 0.4041666666666667 0.05694444444444444 0.06666666666666667 
10 0.4027777777777778 0.49270833333333336 0.08055555555555556 0.10208333333333333 
3 0.8965277777777778 0.6177083333333333 0.16805555555555557 0.17291666666666666 
3 0.8069444444444445 0.5572916666666666 0.14722222222222223 0.14791666666666667 
3 0.9645833333333333 0.421875 0.05138888888888889 0.07291666666666667 
3 0.6569444444444444 0.37395833333333334 0.044444444444444446 0.05625 
3 0.7576388888888889 0.33958333333333335 0.05694444444444444 0.05416666666666667 
3 0.6895833333333333 0.33125 0.05694444444444444 0.05416666666666667 
3 0.6118055555555556 0.275 0.02638888888888889 0.029166666666666667 
3 0.11319444444444444 0.4114583333333333 0.029166666666666667 0.035416666666666666 
3 0.8472222222222222 0.36770833333333336 0.08611111111111111 0.06041666666666667 
3 0.5791666666666667 0.4739583333333333 0.14444444444444443 0.09375 
7 0.6076388888888888 0.2947916666666667 0.0125 0.01875 
3 0.95625 0.7104166666666667 0.07361111111111111 0.15833333333333333 
3 0.5861111111111111 0.42916666666666664 0.10833333333333334 0.058333333333333334 
7 0.28194444444444444 0.43020833333333336 0.013888888888888888 0.052083333333333336 
3 0.6770833333333334 0.471875 0.12361111111111112 0.09791666666666667 
3 0.89375 0.38645833333333335 0.06805555555555555 0.06041666666666667 
7 0.24444444444444444 0.4375 0.016666666666666666 0.058333333333333334 
