3 0.6131944444444445 0.37916666666666665 0.04861111111111111 0.058333333333333334 
3 0.6965277777777777 0.45208333333333334 0.08194444444444444 0.08333333333333333 
3 0.9430555555555555 0.75625 0.09444444444444444 0.2 
2 0.5395833333333333 0.30416666666666664 0.04861111111111111 0.07083333333333333 
3 0.7784722222222222 0.35625 0.05416666666666667 0.03333333333333333 
2 0.43472222222222223 0.44895833333333335 0.15555555555555556 0.20625 
3 0.9444444444444444 0.37916666666666665 0.044444444444444446 0.029166666666666667 
2 0.6027777777777777 0.30833333333333335 0.07777777777777778 0.075 
3 0.7534722222222222 0.340625 0.043055555555555555 0.022916666666666665 
3 0.5826388888888889 0.3489583333333333 0.043055555555555555 0.04791666666666667 
3 0.9131944444444444 0.36354166666666665 0.04861111111111111 0.027083333333333334 
3 0.7347222222222223 0.3302083333333333 0.041666666666666664 0.022916666666666665 
3 0.7083333333333334 0.78125 0.18611111111111112 0.25833333333333336 
3 0.8173611111111111 0.375 0.05694444444444444 0.0375 
