9 0.6256944444444444 0.37083333333333335 0.11527777777777778 0.17083333333333334 
2 0.6013888888888889 0.6125 0.3472222222222222 0.4875 
3 0.55625 0.33958333333333335 0.03194444444444444 0.0375 
3 0.80625 0.36770833333333336 0.06805555555555555 0.035416666666666666 
3 0.7708333333333334 0.3489583333333333 0.05555555555555555 0.035416666666666666 
3 0.9458333333333333 0.3875 0.03888888888888889 0.03333333333333333 
3 0.7493055555555556 0.3385416666666667 0.04583333333333333 0.022916666666666665 
7 0.26458333333333334 0.465625 0.018055555555555554 0.06041666666666667 
3 0.9736111111111111 0.40208333333333335 0.03333333333333333 0.05 
7 0.28888888888888886 0.43125 0.019444444444444445 0.05416666666666667 
3 0.7354166666666667 0.32916666666666666 0.059722222222222225 0.029166666666666667 
5 0.9555555555555556 0.7677083333333333 0.07222222222222222 0.17708333333333334 
3 0.5388888888888889 0.309375 0.025 0.027083333333333334 
7 0.32430555555555557 0.6322916666666667 0.034722222222222224 0.15208333333333332 
3 0.93125 0.3729166666666667 0.03194444444444444 0.029166666666666667 
