3 0.6965277777777777 0.33645833333333336 0.059722222222222225 0.052083333333333336 
3 0.7381944444444445 0.3177083333333333 0.04861111111111111 0.06458333333333334 
3 0.9298611111111111 0.38958333333333334 0.059722222222222225 0.05 
5 0.9729166666666667 0.696875 0.043055555555555555 0.11041666666666666 
3 0.76875 0.5104166666666666 0.1375 0.12083333333333333 
3 0.8722222222222222 0.38125 0.06944444444444445 0.0625 
3 0.9694444444444444 0.41041666666666665 0.041666666666666664 0.08333333333333333 
3 0.6722222222222223 0.478125 0.12777777777777777 0.09791666666666667 
10 0.8347222222222223 0.35 0.09444444444444444 0.075 
3 0.5847222222222223 0.32395833333333335 0.075 0.04375 
3 0.9229166666666667 0.6260416666666667 0.14027777777777778 0.16458333333333333 
3 0.6166666666666667 0.3854166666666667 0.06666666666666667 0.041666666666666664 
3 0.5909722222222222 0.45208333333333334 0.0875 0.07916666666666666 
3 0.8347222222222223 0.5572916666666666 0.1388888888888889 0.14791666666666667 
10 0.25069444444444444 0.859375 0.2013888888888889 0.27291666666666664 
3 0.5909722222222222 0.415625 0.12083333333333333 0.08125 
