3 0.7701388888888889 0.5177083333333333 0.14027777777777778 0.11875 
3 0.7340277777777777 0.328125 0.05138888888888889 0.052083333333333336 
3 0.5944444444444444 0.31979166666666664 0.08055555555555556 0.04791666666666667 
3 0.5881944444444445 0.459375 0.09027777777777778 0.07291666666666667 
3 0.9694444444444444 0.41770833333333335 0.04722222222222222 0.08541666666666667 
3 0.8694444444444445 0.3875 0.06388888888888888 0.0625 
3 0.6729166666666667 0.478125 0.13472222222222222 0.10625 
3 0.5791666666666667 0.38958333333333334 0.11666666666666667 0.05416666666666667 
3 0.9243055555555556 0.6302083333333334 0.14027777777777778 0.16041666666666668 
3 0.8375 0.5697916666666667 0.14444444444444443 0.13958333333333334 
4 0.37222222222222223 0.6010416666666667 0.05277777777777778 0.11041666666666666 
10 0.10486111111111111 0.4197916666666667 0.03194444444444444 0.04791666666666667 
3 0.26180555555555557 0.415625 0.07361111111111111 0.052083333333333336 
3 0.5784722222222223 0.4270833333333333 0.12638888888888888 0.08333333333333333 
5 0.975 0.70625 0.03611111111111111 0.125 
3 0.8375 0.3625 0.10555555555555556 0.07083333333333333 
3 0.6986111111111111 0.3458333333333333 0.058333333333333334 0.058333333333333334 
3 0.46319444444444446 0.38125 0.04583333333333333 0.06666666666666667 
3 0.9305555555555556 0.396875 0.05555555555555555 0.05625 
3 0.13333333333333333 0.43854166666666666 0.05555555555555555 0.03958333333333333 
