3 0.8756944444444444 0.14166666666666666 0.06805555555555555 0.04583333333333333 
3 0.9715277777777778 0.38645833333333335 0.029166666666666667 0.07708333333333334 
3 0.22361111111111112 0.0875 0.030555555555555555 0.041666666666666664 
3 0.2388888888888889 0.04895833333333333 0.022222222222222223 0.01875 
3 0.9097222222222222 0.11041666666666666 0.03888888888888889 0.025 
3 0.13125 0.6041666666666666 0.25972222222222224 0.19583333333333333 
3 0.9729166666666667 0.159375 0.03194444444444444 0.03958333333333333 
3 0.8416666666666667 0.11458333333333333 0.03611111111111111 0.016666666666666666 
3 0.9472222222222222 0.553125 0.08055555555555556 0.16458333333333333 
3 0.8152777777777778 0.096875 0.05555555555555555 0.03125 
3 0.8423611111111111 0.071875 0.04583333333333333 0.027083333333333334 
3 0.35625 0.051041666666666666 0.034722222222222224 0.035416666666666666 
