3 0.3263888888888889 0.31666666666666665 0.03888888888888889 0.04583333333333333 
3 0.48541666666666666 0.2947916666666667 0.04027777777777778 0.027083333333333334 
3 0.12569444444444444 0.396875 0.07361111111111111 0.08125 
3 0.16111111111111112 0.515625 0.10833333333333334 0.10625 
3 0.4583333333333333 0.2760416666666667 0.03611111111111111 0.03125 
2 0.75625 0.39375 0.25416666666666665 0.20416666666666666 
3 0.5368055555555555 0.3104166666666667 0.05416666666666667 0.041666666666666664 
3 0.4236111111111111 0.26875 0.019444444444444445 0.020833333333333332 
5 0.41180555555555554 0.24583333333333332 0.0375 0.03333333333333333 
3 0.2833333333333333 0.27395833333333336 0.019444444444444445 0.01875 
