8 0.16527777777777777 0.590625 0.33055555555555555 0.28125 
3 0.9659722222222222 0.15520833333333334 0.034722222222222224 0.022916666666666665 
3 0.9479166666666666 0.22395833333333334 0.07083333333333333 0.052083333333333336 
3 0.017361111111111112 0.18229166666666666 0.034722222222222224 0.03125 
3 0.3541666666666667 0.04895833333333333 0.025 0.022916666666666665 
3 0.9048611111111111 0.109375 0.034722222222222224 0.022916666666666665 
3 0.8763888888888889 0.13541666666666666 0.06111111111111111 0.04583333333333333 
3 0.23402777777777778 0.04479166666666667 0.020833333333333332 0.03125 
3 0.21805555555555556 0.08958333333333333 0.030555555555555555 0.04583333333333333 
3 0.8458333333333333 0.12083333333333333 0.030555555555555555 0.029166666666666667 
3 0.6444444444444445 0.20520833333333333 0.14722222222222223 0.07708333333333334 
3 0.6319444444444444 0.39895833333333336 0.2861111111111111 0.16041666666666668 
3 0.8131944444444444 0.090625 0.05694444444444444 0.03125 
