3 0.8541666666666666 0.19895833333333332 0.09166666666666666 0.10208333333333333 
3 0.9173611111111111 0.17395833333333333 0.05694444444444444 0.06875 
8 0.5680555555555555 0.052083333333333336 0.06111111111111111 0.05416666666666667 
2 0.6708333333333333 0.478125 0.65 0.6979166666666666 
3 0.6944444444444444 0.14375 0.11388888888888889 0.075 
3 0.8888888888888888 0.18541666666666667 0.07222222222222222 0.06666666666666667 
5 0.5208333333333334 0.128125 0.10833333333333334 0.06458333333333334 
3 0.1125 0.09791666666666667 0.025 0.020833333333333332 
3 0.9541666666666667 0.21875 0.044444444444444446 0.0625 
3 0.4513888888888889 0.07708333333333334 0.09166666666666666 0.06666666666666667 
9 0.19791666666666666 0.10833333333333334 0.13472222222222222 0.14583333333333334 
3 0.8840277777777777 0.2 0.07361111111111111 0.0875 
3 0.6354166666666666 0.17916666666666667 0.12638888888888888 0.08333333333333333 
3 0.6944444444444444 0.16458333333333333 0.07222222222222222 0.075 
3 0.5354166666666667 0.06145833333333333 0.07361111111111111 0.035416666666666666 
10 0.4965277777777778 0.09166666666666666 0.10138888888888889 0.058333333333333334 
3 0.7756944444444445 0.21770833333333334 0.09861111111111111 0.09375 
7 0.8104166666666667 0.24895833333333334 0.02361111111111111 0.07291666666666667 
3 0.5708333333333333 0.10520833333333333 0.058333333333333334 0.06041666666666667 
10 0.43333333333333335 0.06458333333333334 0.08055555555555556 0.0625 
3 0.8215277777777777 0.20520833333333333 0.11527777777777778 0.09791666666666667 
