3 0.5833333333333334 0.47604166666666664 0.14444444444444443 0.08541666666666667 
3 0.3458333333333333 0.6364583333333333 0.1111111111111111 0.16041666666666668 
3 0.46111111111111114 0.371875 0.044444444444444446 0.052083333333333336 
3 0.8951388888888889 0.38333333333333336 0.06527777777777778 0.07083333333333333 
7 0.22569444444444445 0.4510416666666667 0.009722222222222222 0.035416666666666666 
7 0.24027777777777778 0.4427083333333333 0.011111111111111112 0.035416666666666666 
7 0.2625 0.43645833333333334 0.016666666666666666 0.04375 
3 0.7625 0.33958333333333335 0.05 0.04583333333333333 
3 0.96875 0.42083333333333334 0.059722222222222225 0.08333333333333333 
3 0.4222222222222222 0.43854166666666666 0.06666666666666667 0.07708333333333334 
3 0.6944444444444444 0.33125 0.06111111111111111 0.05 
3 0.8076388888888889 0.5625 0.14583333333333334 0.14166666666666666 
3 0.8104166666666667 0.35520833333333335 0.05416666666666667 0.04375 
3 0.8444444444444444 0.36666666666666664 0.07777777777777778 0.05416666666666667 
3 0.7284722222222222 0.5302083333333333 0.14583333333333334 0.11041666666666666 
3 0.5875 0.425 0.1111111111111111 0.0625 
3 0.6006944444444444 0.321875 0.07361111111111111 0.04791666666666667 
7 0.2847222222222222 0.425 0.016666666666666666 0.041666666666666664 
3 0.8993055555555556 0.6208333333333333 0.17083333333333334 0.17083333333333334 
3 0.6770833333333334 0.47291666666666665 0.12083333333333333 0.09166666666666666 
3 0.9590277777777778 0.69375 0.06805555555555555 0.16666666666666666 
3 0.6527777777777778 0.35520833333333335 0.041666666666666664 0.04375 
3 0.9388888888888889 0.4 0.075 0.07083333333333333 
