3 0.8104166666666667 0.5583333333333333 0.14583333333333334 0.14583333333333334 
3 0.9569444444444445 0.6916666666666667 0.06944444444444445 0.15833333333333333 
3 0.5909722222222222 0.42916666666666664 0.11805555555555555 0.05416666666666667 
3 0.5805555555555556 0.46875 0.14722222222222223 0.0875 
3 0.8986111111111111 0.6177083333333333 0.1638888888888889 0.16458333333333333 
3 0.8097222222222222 0.3489583333333333 0.044444444444444446 0.04791666666666667 
3 0.7277777777777777 0.5229166666666667 0.14166666666666666 0.11666666666666667 
4 0.2965277777777778 0.771875 0.06527777777777778 0.15208333333333332 
3 0.8458333333333333 0.36354166666666665 0.075 0.06041666666666667 
3 0.6958333333333333 0.33125 0.05277777777777778 0.0375 
3 0.7618055555555555 0.34270833333333334 0.05138888888888889 0.04791666666666667 
3 0.9673611111111111 0.421875 0.05138888888888889 0.08125 
3 0.6791666666666667 0.471875 0.11666666666666667 0.08958333333333333 
3 0.8972222222222223 0.3854166666666667 0.06666666666666667 0.05416666666666667 
3 0.9291666666666667 0.40520833333333334 0.044444444444444446 0.04791666666666667 
3 0.5993055555555555 0.31979166666666664 0.07083333333333333 0.04791666666666667 
3 0.6027777777777777 0.4322916666666667 0.03333333333333333 0.00625 
