3 0.5277777777777778 0.25416666666666665 0.06111111111111111 0.05416666666666667 
8 0.6034722222222222 0.240625 0.059722222222222225 0.052083333333333336 
3 0.7180555555555556 0.31979166666666664 0.05555555555555555 0.06458333333333334 
3 0.7041666666666667 0.24895833333333334 0.041666666666666664 0.04375 
0 0.6861111111111111 0.19166666666666668 0.06388888888888888 0.07083333333333333 
6 0.16527777777777777 0.521875 0.12777777777777777 0.13125 
9 0.7951388888888888 0.19583333333333333 0.029166666666666667 0.041666666666666664 
8 0.052083333333333336 0.6291666666666667 0.10416666666666667 0.15 
3 0.2388888888888889 0.29375 0.05555555555555555 0.04583333333333333 
3 0.8729166666666667 0.5729166666666666 0.10138888888888889 0.18333333333333332 
10 0.12361111111111112 0.325 0.075 0.05416666666666667 
3 0.8694444444444445 0.4239583333333333 0.07222222222222222 0.10625 
3 0.5465277777777777 0.27708333333333335 0.059722222222222225 0.041666666666666664 
3 0.5458333333333333 0.3614583333333333 0.08888888888888889 0.07708333333333334 
3 0.36736111111111114 0.8239583333333333 0.3013888888888889 0.34791666666666665 
3 0.7722222222222223 0.19166666666666668 0.022222222222222223 0.025 
8 0.43680555555555556 0.240625 0.07361111111111111 0.04791666666666667 
3 0.4201388888888889 0.35 0.0875 0.0875 
3 0.8652777777777778 0.33541666666666664 0.058333333333333334 0.07916666666666666 
