7 0.98125 0.47708333333333336 0.029166666666666667 0.08333333333333333 
7 0.7340277777777777 0.4375 0.020833333333333332 0.1 
3 0.7951388888888888 0.25833333333333336 0.0763888888888889 0.03333333333333333 
7 0.34652777777777777 0.4375 0.029166666666666667 0.09166666666666666 
7 0.8847222222222222 0.7739583333333333 0.05277777777777778 0.16875 
5 0.35 0.9854166666666667 0.125 0.025 
3 0.4930555555555556 0.24479166666666666 0.08888888888888889 0.04375 
7 0.7493055555555556 0.4666666666666667 0.02361111111111111 0.0875 
7 0.8347222222222223 0.8104166666666667 0.05 0.175 
7 0.8381944444444445 0.44166666666666665 0.018055555555555554 0.0625 
7 0.3326388888888889 0.45625 0.02638888888888889 0.075 
7 0.8354166666666667 0.4083333333333333 0.015277777777777777 0.0375 
2 0.9298611111111111 0.25104166666666666 0.11527777777777778 0.08958333333333333 
3 0.46041666666666664 0.8114583333333333 0.19027777777777777 0.3020833333333333 
9 0.03194444444444444 0.6177083333333333 0.06388888888888888 0.18958333333333333 
3 0.7277777777777777 0.24479166666666666 0.06388888888888888 0.03125 
2 0.2152777777777778 0.3072916666666667 0.37777777777777777 0.22708333333333333 
3 0.40902777777777777 0.3125 0.02361111111111111 0.04583333333333333 
7 0.4284722222222222 0.58125 0.04027777777777778 0.12083333333333333 
