3 0.5895833333333333 0.409375 0.12083333333333333 0.06458333333333334 
3 0.6020833333333333 0.45 0.1375 0.08333333333333333 
5 0.17847222222222223 0.39895833333333336 0.0763888888888889 0.06041666666666667 
10 0.4125 0.34479166666666666 0.09722222222222222 0.06041666666666667 
3 0.3402777777777778 0.47708333333333336 0.06111111111111111 0.0875 
7 0.47708333333333336 0.42916666666666664 0.020833333333333332 0.08333333333333333 
3 0.7444444444444445 0.49895833333333334 0.15555555555555556 0.14375 
3 0.43194444444444446 0.43020833333333336 0.05277777777777778 0.07708333333333334 
3 0.8229166666666666 0.5604166666666667 0.14027777777777778 0.1125 
10 0.6013888888888889 0.30104166666666665 0.09722222222222222 0.05625 
