3 0.8048611111111111 0.48125 0.25972222222222224 0.16666666666666666 
3 0.32013888888888886 0.34270833333333334 0.21805555555555556 0.13958333333333334 
3 0.1875 0.14791666666666667 0.05 0.058333333333333334 
3 0.8451388888888889 0.68125 0.29305555555555557 0.24166666666666667 
5 0.17847222222222223 0.11875 0.059722222222222225 0.05 
5 0.0125 0.353125 0.019444444444444445 0.05625 
3 0.24444444444444444 0.75 0.41944444444444445 0.4041666666666667 
3 0.24861111111111112 0.47604166666666664 0.25277777777777777 0.19791666666666666 
3 0.04513888888888889 0.2947916666666667 0.08472222222222223 0.08541666666666667 
3 0.13541666666666666 0.11979166666666667 0.059722222222222225 0.052083333333333336 
3 0.4861111111111111 0.3 0.2388888888888889 0.12083333333333333 
