8 0.5020833333333333 0.2864583333333333 0.09583333333333334 0.06875 
3 0.35347222222222224 0.20208333333333334 0.0625 0.04583333333333333 
3 0.09652777777777778 0.10729166666666666 0.05138888888888889 0.027083333333333334 
3 0.6354166666666666 0.3302083333333333 0.0763888888888889 0.06458333333333334 
8 0.3194444444444444 0.5 0.3472222222222222 0.30833333333333335 
3 0.7597222222222222 0.43854166666666666 0.06944444444444445 0.04375 
3 0.18472222222222223 0.134375 0.05277777777777778 0.03958333333333333 
3 0.8618055555555556 0.5052083333333334 0.043055555555555555 0.05625 
5 0.03958333333333333 0.22916666666666666 0.07083333333333333 0.10416666666666667 
3 0.5701388888888889 0.321875 0.04583333333333333 0.04375 
8 0.2722222222222222 0.17291666666666666 0.08055555555555556 0.041666666666666664 
