3 0.7895833333333333 0.075 0.05694444444444444 0.0375 
3 0.1527777777777778 0.6666666666666666 0.3055555555555556 0.225 
3 0.8861111111111111 0.096875 0.027777777777777776 0.027083333333333334 
3 0.8791666666666667 0.13854166666666667 0.06388888888888888 0.04791666666666667 
3 0.8118055555555556 0.09479166666666666 0.05694444444444444 0.03125 
3 0.8347222222222223 0.19479166666666667 0.10277777777777777 0.06458333333333334 
3 0.08611111111111111 0.15520833333333334 0.075 0.04791666666666667 
3 0.9416666666666667 0.1375 0.03611111111111111 0.0375 
3 0.2375 0.04479166666666667 0.027777777777777776 0.027083333333333334 
3 0.9659722222222222 0.16458333333333333 0.0375 0.029166666666666667 
3 0.018055555555555554 0.18854166666666666 0.030555555555555555 0.03958333333333333 
3 0.8486111111111111 0.12083333333333333 0.03611111111111111 0.029166666666666667 
3 0.9104166666666667 0.1125 0.043055555555555555 0.0375 
3 0.20625 0.23854166666666668 0.1486111111111111 0.09375 
3 0.21736111111111112 0.33229166666666665 0.1875 0.12708333333333333 
