3 0.7006944444444444 0.340625 0.05416666666666667 0.04375 
3 0.8965277777777778 0.5833333333333334 0.14583333333333334 0.1625 
3 0.7923611111111111 0.35625 0.04027777777777778 0.05 
3 0.5861111111111111 0.41770833333333335 0.13055555555555556 0.06458333333333334 
3 0.5881944444444445 0.45416666666666666 0.11527777777777778 0.09166666666666666 
3 0.8173611111111111 0.55625 0.13194444444444445 0.12083333333333333 
3 0.6076388888888888 0.3885416666666667 0.0625 0.035416666666666666 
3 0.6680555555555555 0.478125 0.13055555555555556 0.09375 
3 0.7444444444444445 0.5052083333333334 0.1527777777777778 0.13125 
3 0.75625 0.33958333333333335 0.034722222222222224 0.0375 
3 0.9388888888888889 0.6520833333333333 0.10833333333333334 0.1875 
3 0.9576388888888889 0.41458333333333336 0.0625 0.07916666666666666 
3 0.9201388888888888 0.384375 0.059722222222222225 0.07291666666666667 
7 0.10138888888888889 0.43854166666666666 0.013888888888888888 0.03958333333333333 
3 0.84375 0.36354166666666665 0.07916666666666666 0.05625 
3 0.19930555555555557 0.39895833333333336 0.0625 0.03125 
3 0.5798611111111112 0.328125 0.07361111111111111 0.04375 
5 0.9826388888888888 0.4354166666666667 0.02638888888888889 0.0625 
3 0.30972222222222223 0.678125 0.14722222222222223 0.19375 
