7 0.21041666666666667 0.1125 0.02361111111111111 0.07083333333333333 
3 0.9180555555555555 0.26666666666666666 0.06388888888888888 0.09166666666666666 
3 0.3055555555555556 0.052083333333333336 0.07222222222222222 0.058333333333333334 
3 0.8194444444444444 0.11145833333333334 0.030555555555555555 0.03125 
3 0.2548611111111111 0.034375 0.059722222222222225 0.052083333333333336 
3 0.7166666666666667 0.13020833333333334 0.07222222222222222 0.06875 
7 0.9236111111111112 0.525 0.06666666666666667 0.14583333333333334 
1 0.17708333333333334 0.7708333333333334 0.1625 0.2125 
7 0.9527777777777777 0.7177083333333333 0.08333333333333333 0.15625 
3 0.7916666666666666 0.11666666666666667 0.05 0.04583333333333333 
3 0.3798611111111111 0.071875 0.10416666666666667 0.08125 
