3 0.3263888888888889 0.196875 0.08611111111111111 0.04791666666666667 
3 0.6041666666666666 0.340625 0.09444444444444444 0.06875 
3 0.7847222222222222 0.44583333333333336 0.05277777777777778 0.06666666666666667 
8 0.3 0.5072916666666667 0.3277777777777778 0.28958333333333336 
3 0.48680555555555555 0.275 0.07083333333333333 0.058333333333333334 
3 0.2520833333333333 0.159375 0.0625 0.04375 
3 0.8666666666666667 0.5125 0.06666666666666667 0.058333333333333334 
3 0.12361111111111112 0.11458333333333333 0.041666666666666664 0.03333333333333333 
3 0.9569444444444445 0.5822916666666667 0.06944444444444445 0.06875 
3 0.725 0.41875 0.075 0.0625 
5 0.6722222222222223 0.371875 0.03888888888888889 0.04375 
3 0.05277777777777778 0.1 0.03333333333333333 0.029166666666666667 
