5 0.06805555555555555 0.22291666666666668 0.030555555555555555 0.0375 
3 0.11736111111111111 0.240625 0.06527777777777778 0.07708333333333334 
5 0.2875 0.078125 0.06111111111111111 0.03958333333333333 
3 0.5479166666666667 0.18541666666666667 0.13472222222222222 0.08333333333333333 
3 0.2652777777777778 0.32708333333333334 0.125 0.12916666666666668 
5 0.04513888888888889 0.21041666666666667 0.02361111111111111 0.029166666666666667 
5 0.08333333333333333 0.23125 0.03333333333333333 0.05 
8 0.18263888888888888 0.265625 0.10694444444444444 0.10625 
5 0.24513888888888888 0.11875 0.06527777777777778 0.025 
5 0.33402777777777776 0.06875 0.043055555555555555 0.025 
