3 0.07894736842105263 0.2565789473684211 0.04678362573099415 0.07456140350877193 
3 0.5263157894736842 0.7872807017543859 0.391812865497076 0.4166666666666667 
3 0.5599415204678363 0.2807017543859649 0.15497076023391812 0.10526315789473684 
3 0.2777777777777778 0.17543859649122806 0.05847953216374269 0.043859649122807015 
3 0.597953216374269 0.5482456140350878 0.30116959064327486 0.3157894736842105 
3 0.14035087719298245 0.13815789473684212 0.029239766081871343 0.03070175438596491 
8 0.16812865497076024 0.1600877192982456 0.06140350877192982 0.05701754385964912 
3 0.49415204678362573 0.14035087719298245 0.08187134502923976 0.043859649122807015 
3 0.34649122807017546 0.2412280701754386 0.12573099415204678 0.10526315789473684 
8 0.8245614035087719 0.24780701754385964 0.14035087719298245 0.10087719298245613 
8 0.6827485380116959 0.18640350877192982 0.12573099415204678 0.07456140350877193 
