3 0.3923611111111111 0.31145833333333334 0.05416666666666667 0.027083333333333334 
3 0.6923611111111111 0.353125 0.06805555555555555 0.022916666666666665 
3 0.65625 0.3302083333333333 0.10694444444444444 0.035416666666666666 
5 0.3368055555555556 0.30520833333333336 0.04861111111111111 0.03125 
3 0.29444444444444445 0.303125 0.041666666666666664 0.03125 
3 0.9 0.43645833333333334 0.1 0.08125 
3 0.4111111111111111 0.29583333333333334 0.041666666666666664 0.0375 
3 0.5131944444444444 0.325 0.08472222222222223 0.0375 
2 0.6145833333333334 0.521875 0.6097222222222223 0.40208333333333335 
3 0.27152777777777776 0.29583333333333334 0.04027777777777778 0.03333333333333333 
