3 0.7 0.34479166666666666 0.04722222222222222 0.06041666666666667 
3 0.9333333333333333 0.396875 0.05277777777777778 0.04375 
10 0.4041666666666667 0.46979166666666666 0.09444444444444444 0.13125 
3 0.5854166666666667 0.45208333333333334 0.09305555555555556 0.075 
3 0.2611111111111111 0.41354166666666664 0.075 0.04791666666666667 
3 0.9715277777777778 0.42083333333333334 0.04583333333333333 0.0875 
3 0.5736111111111111 0.384375 0.10277777777777777 0.03958333333333333 
5 0.9743055555555555 0.7 0.04583333333333333 0.13333333333333333 
3 0.7701388888888889 0.5208333333333334 0.14305555555555555 0.125 
3 0.5881944444444445 0.428125 0.12083333333333333 0.07291666666666667 
3 0.8645833333333334 0.39166666666666666 0.06805555555555555 0.0625 
10 0.9479166666666666 0.3229166666666667 0.08194444444444444 0.058333333333333334 
3 0.7333333333333333 0.325 0.04722222222222222 0.058333333333333334 
3 0.8354166666666667 0.5677083333333334 0.1375 0.14375 
3 0.9263888888888889 0.625 0.14444444444444443 0.15416666666666667 
3 0.6756944444444445 0.4822916666666667 0.13194444444444445 0.09375 
3 0.5958333333333333 0.3177083333333333 0.08055555555555556 0.04375 
3 0.44930555555555557 0.4125 0.0625 0.06666666666666667 
5 0.2743055555555556 0.928125 0.19583333333333333 0.13541666666666666 
3 0.8298611111111112 0.3572916666666667 0.10138888888888889 0.06458333333333334 
