3 0.7131944444444445 0.13125 0.08194444444444444 0.06666666666666667 
3 0.25 0.034375 0.06111111111111111 0.05625 
1 0.19791666666666666 0.8083333333333333 0.2013888888888889 0.2 
3 0.7736111111111111 0.11979166666666667 0.05555555555555555 0.052083333333333336 
1 0.2673611111111111 0.12604166666666666 0.029166666666666667 0.07291666666666667 
3 0.3034722222222222 0.04895833333333333 0.05694444444444444 0.04791666666666667 
3 0.8222222222222222 0.11458333333333333 0.03333333333333333 0.029166666666666667 
1 0.18263888888888888 0.084375 0.0125 0.06875 
3 0.8798611111111111 0.13854166666666667 0.02361111111111111 0.022916666666666665 
3 0.91875 0.265625 0.0625 0.08125 
5 0.1798611111111111 0.017708333333333333 0.05416666666666667 0.035416666666666666 
3 0.38055555555555554 0.07291666666666667 0.09166666666666666 0.07916666666666666 
1 0.8486111111111111 0.24479166666666666 0.030555555555555555 0.07291666666666667 
3 0.9416666666666667 0.23229166666666667 0.03888888888888889 0.06458333333333334 
