8 0.8230994152046783 0.25 0.13742690058479531 0.09649122807017543 
3 0.25146198830409355 0.16885964912280702 0.05847953216374269 0.039473684210526314 
3 0.4956140350877193 0.13815789473684212 0.07894736842105263 0.039473684210526314 
6 0.11403508771929824 0.30701754385964913 0.09941520467836257 0.14912280701754385 
10 0.8347953216374269 0.4934210526315789 0.2953216374269006 0.25877192982456143 
8 0.18859649122807018 0.4276315789473684 0.17251461988304093 0.2324561403508772 
3 0.29239766081871343 0.22149122807017543 0.08771929824561403 0.06578947368421052 
3 0.4108187134502924 0.12280701754385964 0.06140350877192982 0.043859649122807015 
8 0.685672514619883 0.18859649122807018 0.12573099415204678 0.07017543859649122 
3 0.5482456140350878 0.47149122807017546 0.26608187134502925 0.27631578947368424 
