3 0.09444444444444444 0.2520833333333333 0.08333333333333333 0.09583333333333334 
3 0.9118055555555555 0.109375 0.04583333333333333 0.03125 
3 0.8527777777777777 0.11875 0.04722222222222222 0.025 
3 0.1375 0.60625 0.275 0.22083333333333333 
3 0.9694444444444444 0.15729166666666666 0.03611111111111111 0.022916666666666665 
3 0.018055555555555554 0.18333333333333332 0.03333333333333333 0.041666666666666664 
3 0.8104166666666667 0.08854166666666667 0.06527777777777778 0.03958333333333333 
3 0.9465277777777777 0.13958333333333334 0.03194444444444444 0.020833333333333332 
3 0.24097222222222223 0.04375 0.029166666666666667 0.025 
3 0.08958333333333333 0.15208333333333332 0.07361111111111111 0.05 
3 0.8763888888888889 0.140625 0.06388888888888888 0.03958333333333333 
3 0.8854166666666666 0.09375 0.029166666666666667 0.020833333333333332 
3 0.7729166666666667 0.07708333333333334 0.02361111111111111 0.020833333333333332 
