3 0.23680555555555555 0.5760416666666667 0.13194444444444445 0.21875 
7 0.7819444444444444 0.3020833333333333 0.022222222222222223 0.07083333333333333 
5 0.325 0.15208333333333332 0.019444444444444445 0.03333333333333333 
0 0.10555555555555556 0.35 0.2111111111111111 0.30833333333333335 
3 0.9361111111111111 0.25729166666666664 0.05 0.027083333333333334 
3 0.35347222222222224 0.175 0.020833333333333332 0.03333333333333333 
8 0.29583333333333334 0.3333333333333333 0.08055555555555556 0.1125 
0 0.28680555555555554 0.17604166666666668 0.043055555555555555 0.06041666666666667 
5 0.7465277777777778 0.15729166666666666 0.02361111111111111 0.022916666666666665 
8 0.5472222222222223 0.3020833333333333 0.08888888888888889 0.09583333333333334 
3 0.3333333333333333 0.22916666666666666 0.03888888888888889 0.041666666666666664 
5 0.6388888888888888 0.14166666666666666 0.044444444444444446 0.025 
