2 0.4423611111111111 0.4322916666666667 0.14027777777777778 0.20625 
3 0.9111111111111111 0.35833333333333334 0.03611111111111111 0.029166666666666667 
3 0.8215277777777777 0.37083333333333335 0.059722222222222225 0.025 
5 0.6125 0.3645833333333333 0.06388888888888888 0.05 
2 0.6069444444444444 0.48333333333333334 0.20833333333333334 0.29583333333333334 
3 0.9458333333333333 0.37604166666666666 0.03333333333333333 0.022916666666666665 
3 0.7847222222222222 0.3541666666666667 0.06111111111111111 0.0375 
3 0.7611111111111111 0.33645833333333336 0.06111111111111111 0.027083333333333334 
3 0.9784722222222222 0.39479166666666665 0.020833333333333332 0.022916666666666665 
3 0.55 0.3177083333333333 0.027777777777777776 0.03958333333333333 
