5 0.022222222222222223 0.2760416666666667 0.041666666666666664 0.08958333333333333 
7 0.26319444444444445 0.1875 0.02638888888888889 0.0625 
3 0.6506944444444445 0.4708333333333333 0.2902777777777778 0.19166666666666668 
3 0.27291666666666664 0.825 0.3736111111111111 0.3458333333333333 
3 0.17777777777777778 0.11666666666666667 0.06388888888888888 0.05 
3 0.14652777777777778 0.22916666666666666 0.12638888888888888 0.09166666666666666 
3 0.94375 0.5791666666666667 0.09027777777777778 0.1625 
3 0.12777777777777777 0.12083333333333333 0.05277777777777778 0.0625 
3 0.13680555555555557 0.45416666666666666 0.18194444444444444 0.1875 
3 0.1875 0.3177083333333333 0.17777777777777778 0.13958333333333334 
