3 0.2791666666666667 0.08333333333333333 0.03888888888888889 0.020833333333333332 
3 0.12430555555555556 0.24479166666666666 0.07083333333333333 0.08958333333333333 
3 0.36666666666666664 0.11666666666666667 0.06944444444444445 0.041666666666666664 
3 0.33611111111111114 0.06875 0.041666666666666664 0.041666666666666664 
8 0.8347222222222223 0.3802083333333333 0.275 0.23125 
8 0.18194444444444444 0.2625 0.1 0.1 
8 0.4111111111111111 0.0625 0.03333333333333333 0.029166666666666667 
3 0.3034722222222222 0.07708333333333334 0.029166666666666667 0.025 
7 0.5395833333333333 0.109375 0.020833333333333332 0.04375 
3 0.24930555555555556 0.11770833333333333 0.04861111111111111 0.04375 
