3 0.8736111111111111 0.3541666666666667 0.044444444444444446 0.029166666666666667 
3 0.9548611111111112 0.378125 0.07083333333333333 0.03125 
3 0.7583333333333333 0.34479166666666666 0.06944444444444445 0.03958333333333333 
3 0.925 0.3614583333333333 0.06944444444444445 0.035416666666666666 
3 0.9784722222222222 0.3927083333333333 0.029166666666666667 0.022916666666666665 
3 0.9430555555555555 0.45 0.06666666666666667 0.05 
2 0.41458333333333336 0.31666666666666665 0.07916666666666666 0.07916666666666666 
2 0.4284722222222222 0.290625 0.0763888888888889 0.052083333333333336 
2 0.4013888888888889 0.42083333333333334 0.09444444444444444 0.17916666666666667 
1 0.40625 0.8854166666666666 0.1625 0.20416666666666666 
2 0.6208333333333333 0.5052083333333334 0.24166666666666667 0.3229166666666667 
3 0.6784722222222223 0.31666666666666665 0.07361111111111111 0.0375 
3 0.7125 0.33229166666666665 0.075 0.04375 
7 0.4909722222222222 0.9677083333333333 0.04861111111111111 0.06041666666666667 
