3 0.5979166666666667 0.340625 0.08194444444444444 0.06041666666666667 
3 0.5645833333333333 0.3072916666666667 0.0763888888888889 0.035416666666666666 
3 0.7881944444444444 0.4635416666666667 0.07916666666666666 0.07291666666666667 
3 0.48055555555555557 0.27291666666666664 0.08333333333333333 0.075 
3 0.25277777777777777 0.16666666666666666 0.06388888888888888 0.04583333333333333 
3 0.18958333333333333 0.13645833333333332 0.05416666666666667 0.04375 
3 0.09861111111111111 0.11145833333333334 0.05277777777777778 0.035416666666666666 
3 0.6951388888888889 0.4041666666666667 0.07361111111111111 0.06666666666666667 
3 0.35138888888888886 0.21458333333333332 0.08055555555555556 0.05416666666666667 
3 0.8618055555555556 0.515625 0.059722222222222225 0.052083333333333336 
3 0.96875 0.6 0.043055555555555555 0.041666666666666664 
8 0.3055555555555556 0.4979166666666667 0.35555555555555557 0.325 
