3 0.41458333333333336 0.24166666666666667 0.06527777777777778 0.041666666666666664 
3 0.4951388888888889 0.2833333333333333 0.09861111111111111 0.0625 
8 0.6701388888888888 0.378125 0.09861111111111111 0.07708333333333334 
8 0.4083333333333333 0.50625 0.3888888888888889 0.39166666666666666 
3 0.9618055555555556 0.5916666666666667 0.0625 0.05 
3 0.13125 0.128125 0.04583333333333333 0.027083333333333334 
8 0.2520833333333333 0.1625 0.08194444444444444 0.058333333333333334 
3 0.06597222222222222 0.10208333333333333 0.04583333333333333 0.03333333333333333 
10 0.8222222222222222 0.4708333333333333 0.08055555555555556 0.06666666666666667 
6 0.10902777777777778 0.378125 0.2125 0.16875 
