3 0.84375 0.11875 0.0375 0.029166666666666667 
3 0.9465277777777777 0.13333333333333333 0.0375 0.020833333333333332 
3 0.8784722222222222 0.13958333333333334 0.0625 0.041666666666666664 
3 0.6673611111111111 0.165625 0.12083333333333333 0.06458333333333334 
3 0.15486111111111112 0.6270833333333333 0.30972222222222223 0.2125 
3 0.8166666666666667 0.38333333333333336 0.225 0.16666666666666666 
8 0.2361111111111111 0.041666666666666664 0.027777777777777776 0.025 
3 0.9125 0.11354166666666667 0.03333333333333333 0.03125 
3 0.8111111111111111 0.090625 0.05277777777777778 0.03125 
3 0.075 0.15625 0.06388888888888888 0.041666666666666664 
3 0.9666666666666667 0.15208333333333332 0.03333333333333333 0.03333333333333333 
3 0.8458333333333333 0.06666666666666667 0.03333333333333333 0.025 
