10 0.4076388888888889 0.22916666666666666 0.09861111111111111 0.0625 
5 0.04791666666666667 0.22708333333333333 0.0875 0.12083333333333333 
3 0.3416666666666667 0.2 0.05555555555555555 0.03333333333333333 
3 0.5291666666666667 0.30104166666666665 0.07777777777777778 0.06041666666666667 
3 0.9361111111111111 0.5708333333333333 0.05 0.0375 
3 0.16944444444444445 0.13541666666666666 0.058333333333333334 0.04583333333333333 
3 0.5798611111111112 0.32083333333333336 0.02638888888888889 0.04583333333333333 
5 0.09236111111111112 0.10416666666666667 0.043055555555555555 0.05 
3 0.28958333333333336 0.18541666666666667 0.07083333333333333 0.04583333333333333 
3 0.4027777777777778 0.546875 0.3194444444444444 0.29375 
8 0.7791666666666667 0.45 0.08333333333333333 0.09166666666666666 
3 0.8597222222222223 0.5125 0.07777777777777778 0.0625 
3 0.6555555555555556 0.3770833333333333 0.08888888888888889 0.06666666666666667 
