3 0.7118055555555556 0.29375 0.04583333333333333 0.041666666666666664 
3 0.58125 0.421875 0.10138888888888889 0.06875 
3 0.8944444444444445 0.37916666666666665 0.06388888888888888 0.058333333333333334 
3 0.7256944444444444 0.5302083333333333 0.1486111111111111 0.11875 
3 0.6805555555555556 0.471875 0.12222222222222222 0.08541666666666667 
3 0.5791666666666667 0.465625 0.14722222222222223 0.09375 
3 0.8486111111111111 0.365625 0.08611111111111111 0.06041666666666667 
3 0.5194444444444445 0.33645833333333336 0.05555555555555555 0.035416666666666666 
3 0.8979166666666667 0.6135416666666667 0.16805555555555557 0.15625 
3 0.8111111111111111 0.5552083333333333 0.15 0.15208333333333332 
3 0.6493055555555556 0.353125 0.05416666666666667 0.035416666666666666 
3 0.9659722222222222 0.6822916666666666 0.06527777777777778 0.16458333333333333 
3 0.9340277777777778 0.39791666666666664 0.06527777777777778 0.06666666666666667 
3 0.9701388888888889 0.325 0.05694444444444444 0.05416666666666667 
3 0.8097222222222222 0.35208333333333336 0.04722222222222222 0.041666666666666664 
3 0.7583333333333333 0.334375 0.05277777777777778 0.04375 
3 0.6854166666666667 0.3333333333333333 0.059722222222222225 0.04583333333333333 
3 0.5875 0.31875 0.041666666666666664 0.05 
3 0.42569444444444443 0.4354166666666667 0.05694444444444444 0.07916666666666666 
3 0.9680555555555556 0.4125 0.05277777777777778 0.07916666666666666 
