3 0.8534722222222222 0.12083333333333333 0.05138888888888889 0.029166666666666667 
3 0.4340277777777778 0.1625 0.15694444444444444 0.075 
3 0.09027777777777778 0.153125 0.08055555555555556 0.05625 
3 0.017361111111111112 0.17916666666666667 0.03194444444444444 0.0375 
3 0.2638888888888889 0.42604166666666665 0.275 0.16875 
3 0.7875 0.07916666666666666 0.05555555555555555 0.029166666666666667 
3 0.8145833333333333 0.096875 0.0625 0.03958333333333333 
3 0.9701388888888889 0.165625 0.0375 0.03125 
3 0.8805555555555555 0.14583333333333334 0.06111111111111111 0.05 
8 0.8277777777777777 0.5958333333333333 0.32222222222222224 0.26666666666666666 
3 0.90625 0.115625 0.0375 0.027083333333333334 
