3 0.9319444444444445 0.3885416666666667 0.058333333333333334 0.05625 
7 0.06319444444444444 0.46145833333333336 0.015277777777777777 0.03958333333333333 
3 0.5881944444444445 0.415625 0.12638888888888888 0.06458333333333334 
3 0.3402777777777778 0.6572916666666667 0.12222222222222222 0.15625 
3 0.8395833333333333 0.5625 0.15138888888888888 0.15416666666666667 
3 0.5875 0.4479166666666667 0.1 0.075 
3 0.6993055555555555 0.32916666666666666 0.06527777777777778 0.05416666666666667 
3 0.9666666666666667 0.4083333333333333 0.05277777777777778 0.0875 
3 0.6104166666666667 0.3802083333333333 0.06527777777777778 0.03958333333333333 
3 0.7319444444444444 0.31979166666666664 0.041666666666666664 0.052083333333333336 
3 0.8722222222222222 0.378125 0.08333333333333333 0.05625 
3 0.9256944444444445 0.6208333333333333 0.14583333333333334 0.1625 
10 0.8361111111111111 0.3541666666666667 0.1 0.0625 
5 0.5701388888888889 0.284375 0.029166666666666667 0.022916666666666665 
3 0.6756944444444445 0.471875 0.13194444444444445 0.08541666666666667 
5 0.96875 0.6916666666666667 0.04861111111111111 0.15 
3 0.7701388888888889 0.5052083333333334 0.14305555555555555 0.11458333333333333 
3 0.5861111111111111 0.31875 0.075 0.04583333333333333 
