3 0.6861111111111111 0.6083333333333333 0.3055555555555556 0.22916666666666666 
3 0.9118055555555555 0.11458333333333333 0.04583333333333333 0.03333333333333333 
3 0.16111111111111112 0.16666666666666666 0.075 0.06666666666666667 
3 0.7652777777777777 0.058333333333333334 0.04722222222222222 0.029166666666666667 
3 0.11597222222222223 0.42604166666666665 0.22083333333333333 0.13958333333333334 
3 0.2375 0.041666666666666664 0.025 0.025 
3 0.9423611111111111 0.24895833333333334 0.09305555555555556 0.07291666666666667 
3 0.9611111111111111 0.15833333333333333 0.019444444444444445 0.025 
3 0.8777777777777778 0.13854166666666667 0.06666666666666667 0.05625 
5 0.975 0.39166666666666666 0.030555555555555555 0.09166666666666666 
3 0.7916666666666666 0.08854166666666667 0.04722222222222222 0.022916666666666665 
3 0.2111111111111111 0.09270833333333334 0.041666666666666664 0.035416666666666666 
