5 0.33819444444444446 0.921875 0.23472222222222222 0.15208333333333332 
3 0.41944444444444445 0.1375 0.08611111111111111 0.07083333333333333 
3 0.3076388888888889 0.19166666666666668 0.11805555555555555 0.1 
3 0.5666666666666667 0.0875 0.04722222222222222 0.0375 
3 0.7125 0.21458333333333332 0.04722222222222222 0.06666666666666667 
3 0.49930555555555556 0.103125 0.06805555555555555 0.06458333333333334 
3 0.5145833333333333 0.6770833333333334 0.24027777777777778 0.3458333333333333 
3 0.7236111111111111 0.16354166666666667 0.041666666666666664 0.05625 
3 0.1701388888888889 0.28020833333333334 0.14027777777777778 0.13541666666666666 
3 0.6263888888888889 0.06770833333333333 0.013888888888888888 0.022916666666666665 
3 0.6145833333333334 0.43645833333333334 0.13472222222222222 0.18541666666666667 
3 0.6034722222222222 0.07395833333333333 0.03194444444444444 0.03125 
3 0.049305555555555554 0.3958333333333333 0.09861111111111111 0.18333333333333332 
3 0.6402777777777777 0.06041666666666667 0.016666666666666666 0.025 
3 0.6722222222222223 0.29583333333333334 0.09722222222222222 0.11666666666666667 
3 0.7409722222222223 0.128125 0.03194444444444444 0.035416666666666666 
1 0.5256944444444445 0.3541666666666667 0.05138888888888889 0.12916666666666668 
