3 0.5930555555555556 0.32395833333333335 0.05555555555555555 0.052083333333333336 
3 0.8958333333333334 0.38125 0.06944444444444445 0.0625 
3 0.7270833333333333 0.53125 0.14583333333333334 0.12083333333333333 
3 0.75625 0.3416666666666667 0.05416666666666667 0.05416666666666667 
3 0.58125 0.47708333333333336 0.14027777777777778 0.09166666666666666 
3 0.9604166666666667 0.6864583333333333 0.07083333333333333 0.17708333333333334 
3 0.9409722222222222 0.396875 0.07361111111111111 0.06875 
3 0.96875 0.42083333333333334 0.05138888888888889 0.075 
3 0.8104166666666667 0.559375 0.1486111111111111 0.15625 
3 0.9006944444444445 0.615625 0.17083333333333334 0.17291666666666666 
3 0.8486111111111111 0.36875 0.08055555555555556 0.0625 
3 0.30833333333333335 0.7947916666666667 0.15833333333333333 0.26875 
3 0.8048611111111111 0.35208333333333336 0.04027777777777778 0.04583333333333333 
3 0.69375 0.33125 0.059722222222222225 0.04583333333333333 
3 0.9652777777777778 0.32708333333333334 0.04722222222222222 0.04583333333333333 
3 0.6569444444444444 0.36041666666666666 0.05 0.0375 
3 0.59375 0.4270833333333333 0.1125 0.05416666666666667 
3 0.6784722222222223 0.47291666666666665 0.11527777777777778 0.10416666666666667 
