1 0.53125 0.36354166666666665 0.04583333333333333 0.13958333333333334 
1 0.7854166666666667 0.33958333333333335 0.03194444444444444 0.1 
3 0.7416666666666667 0.1375 0.027777777777777776 0.025 
3 0.20208333333333334 0.26458333333333334 0.14305555555555555 0.1375 
3 0.4201388888888889 0.13645833333333332 0.08194444444444444 0.07291666666666667 
3 0.3284722222222222 0.18541666666666667 0.10416666666666667 0.1 
3 0.7465277777777778 0.11354166666666667 0.029166666666666667 0.027083333333333334 
3 0.6006944444444444 0.08020833333333334 0.020833333333333332 0.01875 
3 0.49444444444444446 0.109375 0.06388888888888888 0.04375 
3 0.7013888888888888 0.2520833333333333 0.07777777777777778 0.08333333333333333 
3 0.5625 0.1 0.05277777777777778 0.025 
3 0.7201388888888889 0.20833333333333334 0.04583333333333333 0.0375 
7 0.3701388888888889 0.121875 0.015277777777777777 0.027083333333333334 
7 0.1 0.25416666666666665 0.027777777777777776 0.0625 
3 0.059722222222222225 0.3802083333333333 0.11666666666666667 0.17291666666666666 
3 0.6361111111111111 0.3875 0.125 0.15833333333333333 
3 0.46111111111111114 0.2677083333333333 0.1361111111111111 0.12291666666666666 
3 0.7256944444444444 0.16979166666666667 0.043055555555555555 0.04791666666666667 
3 0.4986111111111111 0.64375 0.2638888888888889 0.35 
