2 0.6 0.49375 0.19444444444444445 0.29583333333333334 
3 0.7583333333333333 0.3416666666666667 0.06111111111111111 0.025 
3 0.6388888888888888 0.3875 0.05555555555555555 0.06666666666666667 
7 0.07291666666666667 0.5520833333333334 0.02638888888888889 0.1 
3 0.7368055555555556 0.32916666666666666 0.05138888888888889 0.025 
3 0.7805555555555556 0.3572916666666667 0.058333333333333334 0.035416666666666666 
2 0.41458333333333336 0.359375 0.07083333333333333 0.12291666666666666 
7 0.24166666666666667 0.45729166666666665 0.027777777777777776 0.07291666666666667 
2 0.44513888888888886 0.309375 0.06805555555555555 0.06458333333333334 
3 0.8173611111111111 0.36875 0.05694444444444444 0.025 
3 0.9479166666666666 0.378125 0.04583333333333333 0.027083333333333334 
3 0.9777777777777777 0.396875 0.025 0.035416666666666666 
3 0.9076388888888889 0.36041666666666666 0.043055555555555555 0.025 
7 0.45625 0.928125 0.0625 0.13541666666666666 
