3 0.8430555555555556 0.37083333333333335 0.075 0.06666666666666667 
3 0.5875 0.43020833333333336 0.10833333333333334 0.05625 
7 0.2611111111111111 0.43645833333333334 0.008333333333333333 0.03958333333333333 
3 0.5833333333333334 0.4739583333333333 0.1388888888888889 0.08541666666666667 
3 0.375 0.525 0.08888888888888889 0.10416666666666667 
4 0.3888888888888889 0.64375 0.05 0.12916666666666668 
3 0.8083333333333333 0.5625 0.14166666666666666 0.15416666666666667 
3 0.6791666666666667 0.475 0.11388888888888889 0.0875 
7 0.24027777777777778 0.44583333333333336 0.013888888888888888 0.041666666666666664 
3 0.6902777777777778 0.33229166666666665 0.06111111111111111 0.04791666666666667 
3 0.7611111111111111 0.3416666666666667 0.04722222222222222 0.04583333333333333 
3 0.9590277777777778 0.6989583333333333 0.07361111111111111 0.16875 
3 0.8979166666666667 0.3885416666666667 0.059722222222222225 0.06458333333333334 
7 0.25069444444444444 0.43854166666666666 0.015277777777777777 0.04791666666666667 
4 0.25555555555555554 0.7833333333333333 0.07222222222222222 0.1625 
3 0.8055555555555556 0.35 0.044444444444444446 0.05416666666666667 
3 0.6006944444444444 0.31979166666666664 0.07361111111111111 0.052083333333333336 
7 0.28194444444444444 0.42604166666666665 0.013888888888888888 0.04791666666666667 
3 0.45555555555555555 0.396875 0.05555555555555555 0.06041666666666667 
3 0.8986111111111111 0.61875 0.16666666666666666 0.1625 
3 0.9652777777777778 0.42291666666666666 0.05277777777777778 0.08333333333333333 
3 0.725 0.528125 0.14166666666666666 0.11875 
3 0.9326388888888889 0.40729166666666666 0.059722222222222225 0.06041666666666667 
