3 0.8444444444444444 0.36666666666666664 0.07777777777777778 0.0625 
3 0.8111111111111111 0.5572916666666666 0.1527777777777778 0.15625 
7 0.23472222222222222 0.4427083333333333 0.008333333333333333 0.03958333333333333 
4 0.2548611111111111 0.5958333333333333 0.05138888888888889 0.1 
3 0.5993055555555555 0.321875 0.07361111111111111 0.04375 
3 0.6875 0.33229166666666665 0.058333333333333334 0.04375 
3 0.8881944444444444 0.3854166666666667 0.05138888888888889 0.0625 
3 0.41944444444444445 0.44166666666666665 0.06111111111111111 0.09166666666666666 
3 0.7229166666666667 0.528125 0.14583333333333334 0.11458333333333333 
3 0.6777777777777778 0.47708333333333336 0.12777777777777777 0.09583333333333334 
3 0.9659722222222222 0.41875 0.05138888888888889 0.08333333333333333 
3 0.34652777777777777 0.6260416666666667 0.10416666666666667 0.14791666666666667 
3 0.5791666666666667 0.47708333333333336 0.1388888888888889 0.0875 
3 0.7618055555555555 0.33958333333333335 0.05138888888888889 0.041666666666666664 
7 0.28888888888888886 0.42604166666666665 0.016666666666666666 0.04791666666666667 
3 0.8034722222222223 0.35104166666666664 0.04583333333333333 0.04791666666666667 
7 0.2263888888888889 0.45416666666666666 0.013888888888888888 0.04583333333333333 
7 0.2638888888888889 0.43645833333333334 0.008333333333333333 0.052083333333333336 
5 0.9569444444444445 0.69375 0.07222222222222222 0.17083333333333334 
3 0.8972222222222223 0.6208333333333333 0.16666666666666666 0.17083333333333334 
3 0.9347222222222222 0.4010416666666667 0.06944444444444445 0.07291666666666667 
