5 0.7423611111111111 0.184375 0.02638888888888889 0.06041666666666667 
5 0.11388888888888889 0.515625 0.22777777777777777 0.33125 
3 0.3423611111111111 0.39895833333333336 0.08472222222222223 0.08958333333333333 
3 0.31180555555555556 0.8354166666666667 0.2875 0.325 
3 0.5576388888888889 0.26979166666666665 0.04583333333333333 0.04375 
3 0.8708333333333333 0.5708333333333333 0.09444444444444444 0.175 
3 0.8701388888888889 0.42291666666666666 0.07361111111111111 0.1 
0 0.3645833333333333 0.321875 0.2847222222222222 0.21875 
3 0.7055555555555556 0.19375 0.013888888888888888 0.020833333333333332 
0 0.6604166666666667 0.19375 0.06805555555555555 0.07083333333333333 
3 0.6097222222222223 0.246875 0.041666666666666664 0.03958333333333333 
3 0.8652777777777778 0.334375 0.05555555555555555 0.07708333333333334 
3 0.46944444444444444 0.3125 0.08055555555555556 0.0875 
