10 0.4826388888888889 0.35 0.06527777777777778 0.07083333333333333 
3 0.9333333333333333 0.4 0.058333333333333334 0.0625 
5 0.9618055555555556 0.709375 0.0625 0.13958333333333334 
3 0.8979166666666667 0.6114583333333333 0.1625 0.15625 
3 0.7284722222222222 0.528125 0.14583333333333334 0.11458333333333333 
3 0.8104166666666667 0.5520833333333334 0.14027777777777778 0.13333333333333333 
3 0.8458333333333333 0.36875 0.08055555555555556 0.0625 
3 0.89375 0.38333333333333336 0.0625 0.05 
3 0.6763888888888889 0.4739583333333333 0.11388888888888889 0.09375 
3 0.96875 0.421875 0.05138888888888889 0.08125 
3 0.4263888888888889 0.43854166666666666 0.06666666666666667 0.06458333333333334 
3 0.5805555555555556 0.428125 0.1 0.05625 
3 0.3284722222222222 0.7052083333333333 0.10972222222222222 0.15625 
3 0.5805555555555556 0.475 0.1388888888888889 0.07916666666666666 
