3 0.5895833333333333 0.44375 0.10138888888888889 0.08333333333333333 
3 0.5833333333333334 0.4125 0.12777777777777777 0.07083333333333333 
3 0.6111111111111112 0.375 0.07222222222222222 0.04583333333333333 
3 0.8361111111111111 0.553125 0.15 0.14791666666666667 
3 0.6618055555555555 0.3375 0.05138888888888889 0.05 
3 0.9291666666666667 0.3885416666666667 0.06666666666666667 0.052083333333333336 
3 0.7347222222222223 0.31979166666666664 0.05 0.04375 
3 0.6958333333333333 0.33125 0.044444444444444446 0.05 
3 0.5833333333333334 0.3104166666666667 0.08055555555555556 0.05 
3 0.6604166666666667 0.4708333333333333 0.10972222222222222 0.09166666666666666 
5 0.9736111111111111 0.6864583333333333 0.041666666666666664 0.15625 
3 0.9659722222222222 0.4041666666666667 0.04583333333333333 0.0875 
10 0.4152777777777778 0.43125 0.06944444444444445 0.0875 
10 0.8381944444444445 0.34791666666666665 0.09861111111111111 0.07916666666666666 
3 0.8715277777777778 0.3729166666666667 0.07916666666666666 0.0625 
3 0.7701388888888889 0.5072916666666667 0.14583333333333334 0.13125 
3 0.9229166666666667 0.6177083333333333 0.13472222222222222 0.16875 
