3 0.5555555555555556 0.8114583333333333 0.44722222222222224 0.3729166666666667 
3 0.6659722222222222 0.3770833333333333 0.07083333333333333 0.05416666666666667 
3 0.5506944444444445 0.51875 0.20972222222222223 0.175 
3 0.33611111111111114 0.5072916666666667 0.2722222222222222 0.2604166666666667 
5 0.8534722222222222 0.7895833333333333 0.28194444444444444 0.25416666666666665 
5 0.03819444444444445 0.21770833333333334 0.06527777777777778 0.11875 
5 0.9798611111111111 0.59375 0.029166666666666667 0.05 
3 0.3958333333333333 0.228125 0.07777777777777778 0.052083333333333336 
8 0.8777777777777778 0.690625 0.15 0.13958333333333334 
3 0.9277777777777778 0.5572916666666666 0.044444444444444446 0.03958333333333333 
