3 0.74375 0.2875 0.04583333333333333 0.041666666666666664 
3 0.79375 0.21354166666666666 0.015277777777777777 0.022916666666666665 
3 0.8659722222222223 0.33645833333333336 0.04583333333333333 0.07291666666666667 
3 0.8715277777777778 0.5666666666666667 0.09305555555555556 0.17083333333333334 
3 0.8715277777777778 0.42291666666666666 0.0625 0.09583333333333334 
3 0.21875 0.43645833333333334 0.1125 0.09791666666666667 
3 0.6972222222222222 0.24895833333333334 0.03611111111111111 0.035416666666666666 
3 0.5875 0.19895833333333332 0.030555555555555555 0.01875 
6 0.12638888888888888 0.6 0.25 0.2 
3 0.47847222222222224 0.46458333333333335 0.1375 0.11666666666666667 
