3 0.9402777777777778 0.13229166666666667 0.016666666666666666 0.022916666666666665 
8 0.4875 0.40208333333333335 0.3388888888888889 0.22083333333333333 
3 0.11319444444444444 0.6364583333333333 0.22361111111111112 0.22708333333333333 
3 0.88125 0.1375 0.06527777777777778 0.041666666666666664 
8 0.23958333333333334 0.04583333333333333 0.034722222222222224 0.029166666666666667 
3 0.9097222222222222 0.109375 0.03888888888888889 0.027083333333333334 
3 0.8576388888888888 0.196875 0.10138888888888889 0.05625 
3 0.9694444444444444 0.15625 0.03888888888888889 0.025 
3 0.8118055555555556 0.08333333333333333 0.05416666666666667 0.03333333333333333 
3 0.8395833333333333 0.11666666666666667 0.029166666666666667 0.025 
3 0.01597222222222222 0.1875 0.03194444444444444 0.03333333333333333 
3 0.7743055555555556 0.07395833333333333 0.029166666666666667 0.022916666666666665 
3 0.08472222222222223 0.15729166666666666 0.07222222222222222 0.052083333333333336 
