7 0.45208333333333334 0.10104166666666667 0.0125 0.035416666666666666 
3 0.11944444444444445 0.24479166666666666 0.06944444444444445 0.07708333333333334 
8 0.175 0.2604166666666667 0.09722222222222222 0.09583333333333334 
3 0.5458333333333333 0.17395833333333333 0.14166666666666666 0.08541666666666667 
3 0.14375 0.18229166666666666 0.0375 0.027083333333333334 
3 0.33541666666666664 0.071875 0.043055555555555555 0.035416666666666666 
3 0.26805555555555555 0.32083333333333336 0.11944444444444445 0.1125 
7 0.6118055555555556 0.12708333333333333 0.015277777777777777 0.041666666666666664 
7 0.6763888888888889 0.13645833333333332 0.011111111111111112 0.03958333333333333 
3 0.2513888888888889 0.115625 0.044444444444444446 0.03125 
