1 0.8243055555555555 0.3541666666666667 0.043055555555555555 0.1125 
3 0.050694444444444445 0.3885416666666667 0.10138888888888889 0.18125 
5 0.6916666666666667 0.027083333333333334 0.030555555555555555 0.03333333333333333 
3 0.5680555555555555 0.075 0.044444444444444446 0.041666666666666664 
5 0.25069444444444444 0.978125 0.09861111111111111 0.01875 
3 0.6479166666666667 0.04583333333333333 0.02361111111111111 0.020833333333333332 
3 0.6895833333333333 0.27708333333333335 0.09305555555555556 0.125 
3 0.7166666666666667 0.20625 0.06388888888888888 0.0625 
3 0.7402777777777778 0.11145833333333334 0.03611111111111111 0.03958333333333333 
3 0.5152777777777777 0.671875 0.2361111111111111 0.36041666666666666 
2 0.3763888888888889 0.22291666666666668 0.35 0.32916666666666666 
10 0.15347222222222223 0.2635416666666667 0.10972222222222222 0.17708333333333334 
3 0.6305555555555555 0.4 0.14444444444444443 0.19166666666666668 
1 0.8347222222222223 0.45729166666666665 0.025 0.08125 
3 0.28958333333333336 0.6135416666666667 0.2902777777777778 0.34791666666666665 
3 0.6097222222222223 0.065625 0.03611111111111111 0.035416666666666666 
3 0.7319444444444444 0.06145833333333333 0.019444444444444445 0.03125 
3 0.6305555555555555 0.05520833333333333 0.022222222222222223 0.027083333333333334 
3 0.7243055555555555 0.159375 0.0625 0.06875 
