3 0.9659722222222222 0.42604166666666665 0.05694444444444444 0.07708333333333334 
3 0.8465277777777778 0.371875 0.08472222222222223 0.06041666666666667 
3 0.8979166666666667 0.6208333333333333 0.17083333333333334 0.16666666666666666 
3 0.725 0.528125 0.14444444444444443 0.12291666666666666 
3 0.6736111111111112 0.478125 0.12222222222222222 0.08958333333333333 
3 0.5986111111111111 0.32395833333333335 0.06944444444444445 0.04375 
7 0.26458333333333334 0.4354166666666667 0.020833333333333332 0.06666666666666667 
7 0.28125 0.41875 0.015277777777777777 0.06666666666666667 
3 0.7548611111111111 0.34375 0.04027777777777778 0.041666666666666664 
3 0.8027777777777778 0.35208333333333336 0.044444444444444446 0.0375 
3 0.28402777777777777 0.8197916666666667 0.1625 0.23958333333333334 
3 0.9368055555555556 0.39791666666666664 0.07361111111111111 0.07916666666666666 
5 0.9576388888888889 0.6989583333333333 0.06527777777777778 0.16875 
3 0.5840277777777778 0.43020833333333336 0.10972222222222222 0.06041666666666667 
3 0.6847222222222222 0.33541666666666664 0.06388888888888888 0.05416666666666667 
3 0.8958333333333334 0.3885416666666667 0.06944444444444445 0.06041666666666667 
7 0.23472222222222222 0.4427083333333333 0.016666666666666666 0.05625 
3 0.8055555555555556 0.5614583333333333 0.14444444444444443 0.14791666666666667 
3 0.5798611111111112 0.4708333333333333 0.14583333333333334 0.09166666666666666 
