3 0.7444444444444445 0.50625 0.15555555555555556 0.14166666666666666 
3 0.8458333333333333 0.365625 0.09444444444444444 0.05625 
3 0.7013888888888888 0.34479166666666666 0.04722222222222222 0.04375 
5 0.9368055555555556 0.6489583333333333 0.11527777777777778 0.20625 
3 0.5868055555555556 0.4125 0.12361111111111112 0.0375 
3 0.8166666666666667 0.5666666666666667 0.1388888888888889 0.125 
3 0.6625 0.4864583333333333 0.10555555555555556 0.07291666666666667 
3 0.26458333333333334 0.790625 0.16527777777777777 0.23958333333333334 
3 0.8979166666666667 0.5895833333333333 0.1486111111111111 0.15833333333333333 
3 0.9256944444444445 0.3927083333333333 0.059722222222222225 0.06041666666666667 
3 0.6159722222222223 0.39375 0.0625 0.03333333333333333 
3 0.5861111111111111 0.459375 0.10555555555555556 0.07291666666666667 
3 0.5798611111111112 0.334375 0.06527777777777778 0.05625 
