3 0.8354166666666667 0.36041666666666666 0.09305555555555556 0.058333333333333334 
3 0.5854166666666667 0.32395833333333335 0.07916666666666666 0.04375 
3 0.69375 0.34375 0.04861111111111111 0.04583333333333333 
3 0.5784722222222223 0.3885416666666667 0.10694444444444444 0.03958333333333333 
3 0.9208333333333333 0.6291666666666667 0.1361111111111111 0.15833333333333333 
3 0.9326388888888889 0.4010416666666667 0.0625 0.04791666666666667 
3 0.25833333333333336 0.41041666666666665 0.06944444444444445 0.04583333333333333 
3 0.28541666666666665 0.8010416666666667 0.12916666666666668 0.19791666666666666 
3 0.9694444444444444 0.42083333333333334 0.044444444444444446 0.08333333333333333 
5 0.9708333333333333 0.7010416666666667 0.041666666666666664 0.12291666666666666 
3 0.6694444444444444 0.48125 0.12222222222222222 0.09583333333333334 
3 0.5847222222222223 0.4239583333333333 0.125 0.07708333333333334 
3 0.10416666666666667 0.42291666666666666 0.03888888888888889 0.0375 
7 0.1597222222222222 0.4239583333333333 0.019444444444444445 0.04791666666666667 
3 0.8361111111111111 0.4197916666666667 0.1111111111111111 0.08125 
3 0.8833333333333333 0.384375 0.04722222222222222 0.052083333333333336 
3 0.8347222222222223 0.56875 0.14166666666666666 0.15 
5 0.5826388888888889 0.26145833333333335 0.03194444444444444 0.035416666666666666 
3 0.5861111111111111 0.45729166666666665 0.09444444444444444 0.07291666666666667 
3 0.7652777777777777 0.521875 0.1361111111111111 0.11458333333333333 
3 0.7340277777777777 0.33125 0.0375 0.05416666666666667 
