3 0.9430555555555555 0.1375 0.03611111111111111 0.025 
3 0.14791666666666667 0.42083333333333334 0.22916666666666666 0.15416666666666667 
3 0.16041666666666668 0.6520833333333333 0.31805555555555554 0.21666666666666667 
3 0.9048611111111111 0.109375 0.03194444444444444 0.014583333333333334 
3 0.9145833333333333 0.12395833333333334 0.0125 0.014583333333333334 
3 0.8541666666666666 0.11666666666666667 0.06111111111111111 0.029166666666666667 
3 0.9680555555555556 0.1625 0.041666666666666664 0.03333333333333333 
3 0.48125 0.18541666666666667 0.17083333333333334 0.1 
8 0.21319444444444444 0.11875 0.09027777777777778 0.06666666666666667 
3 0.08888888888888889 0.15729166666666666 0.07777777777777778 0.052083333333333336 
3 0.88125 0.14166666666666666 0.06527777777777778 0.041666666666666664 
3 0.7854166666666667 0.07604166666666666 0.05416666666666667 0.027083333333333334 
3 0.8131944444444444 0.09375 0.06527777777777778 0.0375 
3 0.7590277777777777 0.06354166666666666 0.05416666666666667 0.03125 
3 0.23472222222222222 0.041666666666666664 0.030555555555555555 0.025 
