3 0.875 0.5791666666666667 0.09166666666666666 0.1875 
8 0.5875 0.3416666666666667 0.1 0.09583333333333334 
5 0.6333333333333333 0.21875 0.03333333333333333 0.03333333333333333 
8 0.6354166666666666 0.278125 0.04583333333333333 0.04791666666666667 
3 0.8659722222222223 0.33541666666666664 0.04583333333333333 0.07083333333333333 
6 0.11319444444444444 0.8322916666666667 0.22083333333333333 0.24791666666666667 
8 0.30486111111111114 0.6020833333333333 0.23472222222222222 0.22916666666666666 
10 0.6888888888888889 0.34375 0.08611111111111111 0.10833333333333334 
0 0.38958333333333334 0.37916666666666665 0.4041666666666667 0.37083333333333335 
3 0.8715277777777778 0.421875 0.059722222222222225 0.09375 
3 0.9729166666666667 0.35104166666666664 0.043055555555555555 0.11041666666666666 
