5 0.9569444444444445 0.7510416666666667 0.06388888888888888 0.14375 
8 0.7118055555555556 0.28541666666666665 0.06527777777777778 0.0375 
3 0.575 0.340625 0.09166666666666666 0.08541666666666667 
8 0.8402777777777778 0.4354166666666667 0.12222222222222222 0.09166666666666666 
7 0.041666666666666664 0.7552083333333334 0.05277777777777778 0.13958333333333334 
8 0.7680555555555556 0.28229166666666666 0.05555555555555555 0.03125 
8 0.8263888888888888 0.3697916666666667 0.09722222222222222 0.06041666666666667 
7 0.020833333333333332 0.5166666666666667 0.025 0.08333333333333333 
5 0.3458333333333333 0.19583333333333333 0.025 0.029166666666666667 
10 0.4534722222222222 0.240625 0.0625 0.05625 
7 0.011111111111111112 0.53125 0.019444444444444445 0.07083333333333333 
