3 0.8659722222222223 0.33645833333333336 0.10416666666666667 0.07291666666666667 
3 0.6520833333333333 0.2708333333333333 0.0375 0.04583333333333333 
7 0.4527777777777778 0.4875 0.030555555555555555 0.10416666666666667 
3 0.6277777777777778 0.23854166666666668 0.08333333333333333 0.04791666666666667 
2 0.08472222222222223 0.340625 0.16944444444444445 0.13125 
7 0.04861111111111111 0.4895833333333333 0.019444444444444445 0.09166666666666666 
7 0.058333333333333334 0.490625 0.025 0.09375 
3 0.46319444444444446 0.8145833333333333 0.19027777777777777 0.30833333333333335 
5 0.034027777777777775 0.6145833333333334 0.0625 0.2 
3 0.23125 0.40625 0.10972222222222222 0.09166666666666666 
7 0.45555555555555555 0.528125 0.03333333333333333 0.08541666666666667 
10 0.7430555555555556 0.23541666666666666 0.06111111111111111 0.041666666666666664 
7 0.16875 0.5427083333333333 0.04027777777777778 0.11458333333333333 
