3 0.25277777777777777 0.3104166666666667 0.18055555555555555 0.18333333333333332 
3 0.5013888888888889 0.10104166666666667 0.08611111111111111 0.04791666666666667 
3 0.05347222222222222 0.5072916666666667 0.10138888888888889 0.21875 
3 0.6298611111111111 0.3541666666666667 0.12638888888888888 0.14583333333333334 
3 0.33541666666666664 0.17395833333333333 0.13472222222222222 0.09791666666666667 
3 0.41180555555555554 0.19791666666666666 0.09861111111111111 0.0875 
1 0.5006944444444444 0.33645833333333336 0.04861111111111111 0.13125 
3 0.5638888888888889 0.078125 0.05 0.04375 
3 0.7222222222222222 0.15416666666666667 0.04722222222222222 0.05 
10 0.17222222222222222 0.2635416666666667 0.14444444444444443 0.16875 
3 0.5118055555555555 0.675 0.24305555555555555 0.35 
3 0.4263888888888889 0.13125 0.058333333333333334 0.041666666666666664 
3 0.7027777777777777 0.18854166666666666 0.05555555555555555 0.06041666666666667 
3 0.05486111111111111 0.365625 0.10694444444444444 0.11875 
5 0.28194444444444444 0.9697916666666667 0.14166666666666666 0.052083333333333336 
3 0.6833333333333333 0.246875 0.07777777777777778 0.09791666666666667 
3 0.5291666666666667 0.125 0.08611111111111111 0.06666666666666667 
