3 0.9340277777777778 0.39791666666666664 0.06527777777777778 0.06666666666666667 
3 0.6902777777777778 0.3333333333333333 0.06388888888888888 0.058333333333333334 
3 0.8944444444444445 0.38229166666666664 0.06944444444444445 0.06041666666666667 
3 0.7229166666666667 0.5270833333333333 0.14027777777777778 0.12083333333333333 
3 0.9638888888888889 0.42291666666666666 0.05277777777777778 0.05416666666666667 
3 0.5798611111111112 0.475 0.14027777777777778 0.0875 
3 0.36666666666666664 0.5979166666666667 0.09444444444444444 0.125 
3 0.5993055555555555 0.31979166666666664 0.07083333333333333 0.03958333333333333 
3 0.8986111111111111 0.6177083333333333 0.16944444444444445 0.16041666666666668 
3 0.8090277777777778 0.559375 0.15138888888888888 0.15625 
3 0.9666666666666667 0.3302083333333333 0.05 0.04375 
3 0.8409722222222222 0.3614583333333333 0.0763888888888889 0.06458333333333334 
3 0.5909722222222222 0.4270833333333333 0.11527777777777778 0.06666666666666667 
3 0.9569444444444445 0.696875 0.07777777777777778 0.17291666666666666 
3 0.6743055555555556 0.47291666666666665 0.10972222222222222 0.09583333333333334 
