3 0.5118055555555555 0.29270833333333335 0.05416666666666667 0.04791666666666667 
0 0.325 0.35 0.30833333333333335 0.2375 
3 0.8722222222222222 0.4197916666666667 0.058333333333333334 0.08958333333333333 
3 0.4444444444444444 0.3333333333333333 0.08888888888888889 0.0875 
0 0.6611111111111111 0.19375 0.06944444444444445 0.06666666666666667 
3 0.8673611111111111 0.33958333333333335 0.04861111111111111 0.08333333333333333 
3 0.32083333333333336 0.415625 0.09166666666666666 0.09375 
3 0.5666666666666667 0.2677083333333333 0.05277777777777778 0.03958333333333333 
8 0.18472222222222223 0.7083333333333334 0.26666666666666666 0.2833333333333333 
3 0.6069444444444444 0.21770833333333334 0.030555555555555555 0.027083333333333334 
5 0.09444444444444444 0.51875 0.18333333333333332 0.2833333333333333 
3 0.8729166666666667 0.5677083333333334 0.09027777777777778 0.16458333333333333 
