3 0.8215277777777777 0.11145833333333334 0.04583333333333333 0.04791666666666667 
3 0.37777777777777777 0.06770833333333333 0.1111111111111111 0.08958333333333333 
3 0.29444444444444445 0.042708333333333334 0.058333333333333334 0.06041666666666667 
3 0.7152777777777778 0.13229166666666667 0.08055555555555556 0.06875 
3 0.8784722222222222 0.13333333333333333 0.04861111111111111 0.04583333333333333 
1 0.2111111111111111 0.86875 0.175 0.22916666666666666 
7 0.1763888888888889 0.18854166666666666 0.03888888888888889 0.09791666666666667 
3 0.9236111111111112 0.2625 0.06666666666666667 0.08333333333333333 
3 0.7743055555555556 0.11875 0.0625 0.05416666666666667 
3 0.2520833333333333 0.03333333333333333 0.05694444444444444 0.04583333333333333 
