3 0.8993055555555556 0.5895833333333333 0.14027777777777778 0.1625 
3 0.7423611111111111 0.5052083333333334 0.1486111111111111 0.13541666666666666 
3 0.6986111111111111 0.34270833333333334 0.058333333333333334 0.04791666666666667 
3 0.5868055555555556 0.42083333333333334 0.12638888888888888 0.0625 
3 0.8416666666666667 0.3645833333333333 0.07777777777777778 0.05416666666666667 
3 0.9270833333333334 0.3854166666666667 0.07083333333333333 0.06666666666666667 
3 0.5888888888888889 0.453125 0.10833333333333334 0.08125 
3 0.6625 0.4791666666666667 0.12222222222222222 0.09583333333333334 
3 0.5791666666666667 0.32395833333333335 0.06388888888888888 0.04375 
3 0.8166666666666667 0.5635416666666667 0.13333333333333333 0.11875 
7 0.10555555555555556 0.453125 0.016666666666666666 0.04791666666666667 
3 0.35 0.6177083333333333 0.1111111111111111 0.13958333333333334 
3 0.9409722222222222 0.6552083333333333 0.10416666666666667 0.17708333333333334 
3 0.6090277777777777 0.38958333333333334 0.0763888888888889 0.0375 
3 0.2534722222222222 0.38958333333333334 0.07083333333333333 0.0375 
