7 0.24027777777777778 0.43854166666666666 0.019444444444444445 0.04791666666666667 
3 0.7243055555555555 0.5291666666666667 0.1486111111111111 0.11666666666666667 
3 0.6902777777777778 0.328125 0.05277777777777778 0.05625 
3 0.8416666666666667 0.37083333333333335 0.08333333333333333 0.0625 
3 0.9298611111111111 0.40208333333333335 0.0625 0.05416666666666667 
3 0.6791666666666667 0.4739583333333333 0.11944444444444445 0.08541666666666667 
3 0.5840277777777778 0.428125 0.1125 0.05625 
3 0.5409722222222222 0.31979166666666664 0.03194444444444444 0.03958333333333333 
3 0.9638888888888889 0.421875 0.05277777777777778 0.08125 
3 0.5819444444444445 0.4739583333333333 0.13333333333333333 0.08541666666666667 
3 0.8048611111111111 0.559375 0.1486111111111111 0.14375 
7 0.25972222222222224 0.4322916666666667 0.016666666666666666 0.052083333333333336 
3 0.8034722222222223 0.35104166666666664 0.0375 0.03958333333333333 
7 0.28402777777777777 0.4166666666666667 0.018055555555555554 0.075 
3 0.9541666666666667 0.6927083333333334 0.08055555555555556 0.17708333333333334 
3 0.8972222222222223 0.6197916666666666 0.16666666666666666 0.16875 
3 0.8958333333333334 0.38645833333333335 0.07222222222222222 0.05625 
3 0.5986111111111111 0.32395833333333335 0.07222222222222222 0.04791666666666667 
4 0.4013888888888889 0.4708333333333333 0.03333333333333333 0.08333333333333333 
