10 0.8368055555555556 0.3385416666666667 0.10138888888888889 0.08958333333333333 
3 0.7055555555555556 0.3333333333333333 0.05 0.05416666666666667 
3 0.58125 0.3145833333333333 0.07361111111111111 0.04583333333333333 
3 0.8631944444444445 0.3729166666666667 0.06805555555555555 0.06666666666666667 
3 0.93125 0.38958333333333334 0.06805555555555555 0.06666666666666667 
3 0.6722222222222223 0.4666666666666667 0.12777777777777777 0.10416666666666667 
3 0.8368055555555556 0.5604166666666667 0.14305555555555555 0.15 
3 0.7305555555555555 0.3145833333333333 0.05555555555555555 0.05416666666666667 
3 0.20625 0.8541666666666666 0.23472222222222222 0.2833333333333333 
3 0.9201388888888888 0.6177083333333333 0.13472222222222222 0.16458333333333333 
3 0.5833333333333334 0.4479166666666667 0.09166666666666666 0.075 
3 0.6527777777777778 0.33958333333333335 0.06944444444444445 0.04583333333333333 
3 0.58125 0.41041666666666665 0.12916666666666668 0.075 
3 0.7659722222222223 0.50625 0.13472222222222222 0.12916666666666668 
3 0.9666666666666667 0.41041666666666665 0.04722222222222222 0.0875 
5 0.9708333333333333 0.6822916666666666 0.03888888888888889 0.14375 
