3 0.5847222222222223 0.41458333333333336 0.11944444444444445 0.07083333333333333 
3 0.7027777777777777 0.33229166666666665 0.044444444444444446 0.052083333333333336 
3 0.61875 0.38958333333333334 0.0763888888888889 0.04583333333333333 
3 0.6541666666666667 0.3416666666666667 0.06388888888888888 0.05 
3 0.6555555555555556 0.2989583333333333 0.058333333333333334 0.03958333333333333 
3 0.9215277777777777 0.6208333333333333 0.14027777777777778 0.17083333333333334 
3 0.9305555555555556 0.38645833333333335 0.06111111111111111 0.05625 
3 0.9673611111111111 0.4114583333333333 0.04861111111111111 0.08541666666666667 
3 0.9729166666666667 0.6864583333333333 0.0375 0.12291666666666666 
3 0.8381944444444445 0.5541666666666667 0.14305555555555555 0.14583333333333334 
3 0.8375 0.3489583333333333 0.10277777777777777 0.06875 
3 0.7368055555555556 0.31979166666666664 0.05138888888888889 0.04375 
7 0.47430555555555554 0.7572916666666667 0.04583333333333333 0.14375 
3 0.31805555555555554 0.6739583333333333 0.12222222222222222 0.18125 
3 0.8701388888888889 0.37604166666666666 0.0763888888888889 0.06458333333333334 
3 0.5840277777777778 0.3125 0.0763888888888889 0.04583333333333333 
3 0.6701388888888888 0.47291666666666665 0.12361111111111112 0.09166666666666666 
3 0.5868055555555556 0.4510416666666667 0.09861111111111111 0.08541666666666667 
7 0.5180555555555556 0.790625 0.04722222222222222 0.13541666666666666 
3 0.7715277777777778 0.509375 0.1486111111111111 0.11875 
