3 0.7881944444444444 0.08333333333333333 0.05138888888888889 0.03333333333333333 
3 0.8555555555555555 0.11666666666666667 0.04722222222222222 0.029166666666666667 
3 0.46805555555555556 0.5916666666666667 0.36666666666666664 0.2375 
3 0.7652777777777777 0.06145833333333333 0.05555555555555555 0.03125 
3 0.9083333333333333 0.109375 0.044444444444444446 0.03125 
3 0.48680555555555555 0.19375 0.17916666666666667 0.0875 
3 0.08819444444444445 0.15416666666666667 0.07361111111111111 0.05416666666666667 
3 0.2361111111111111 0.03958333333333333 0.030555555555555555 0.025 
3 0.8791666666666667 0.13958333333333334 0.06666666666666667 0.041666666666666664 
3 0.9701388888888889 0.15833333333333333 0.0375 0.029166666666666667 
