3 0.5888888888888889 0.31666666666666665 0.07777777777777778 0.04583333333333333 
3 0.8729166666666667 0.38645833333333335 0.08194444444444444 0.06041666666666667 
3 0.9256944444444445 0.39479166666666665 0.06805555555555555 0.052083333333333336 
5 0.9729166666666667 0.6989583333333333 0.04027777777777778 0.13958333333333334 
3 0.8354166666666667 0.5645833333333333 0.14027777777777778 0.14166666666666666 
5 0.5951388888888889 0.26979166666666665 0.05138888888888889 0.05625 
3 0.6701388888888888 0.48125 0.12638888888888888 0.1 
3 0.7631944444444444 0.5208333333333334 0.13194444444444445 0.11666666666666667 
3 0.2743055555555556 0.8177083333333334 0.14583333333333334 0.22291666666666668 
3 0.5840277777777778 0.42916666666666664 0.12916666666666668 0.07916666666666666 
3 0.2590277777777778 0.4083333333333333 0.07916666666666666 0.05416666666666667 
3 0.5888888888888889 0.4552083333333333 0.1 0.08125 
3 0.7375 0.3260416666666667 0.04722222222222222 0.052083333333333336 
3 0.8333333333333334 0.36041666666666666 0.10555555555555556 0.07083333333333333 
3 0.6979166666666666 0.3333333333333333 0.05416666666666667 0.06666666666666667 
3 0.9208333333333333 0.6239583333333333 0.1388888888888889 0.14791666666666667 
3 0.5791666666666667 0.38958333333333334 0.11666666666666667 0.041666666666666664 
3 0.5159722222222223 0.32708333333333334 0.04861111111111111 0.025 
10 0.9486111111111111 0.31875 0.08333333333333333 0.058333333333333334 
3 0.9694444444444444 0.4166666666666667 0.04722222222222222 0.07916666666666666 
