3 0.7902777777777777 0.07291666666666667 0.05555555555555555 0.03333333333333333 
3 0.9666666666666667 0.159375 0.044444444444444446 0.035416666666666666 
3 0.9416666666666667 0.134375 0.041666666666666664 0.027083333333333334 
3 0.11666666666666667 0.6177083333333333 0.23333333333333334 0.23125 
3 0.8513888888888889 0.11458333333333333 0.04722222222222222 0.029166666666666667 
8 0.23819444444444443 0.04479166666666667 0.034722222222222224 0.027083333333333334 
3 0.9125 0.11145833333333334 0.05 0.03125 
3 0.08680555555555555 0.15625 0.0763888888888889 0.05416666666666667 
3 0.55 0.15625 0.1527777777777778 0.06666666666666667 
3 0.7652777777777777 0.05625 0.05277777777777778 0.029166666666666667 
3 0.8784722222222222 0.140625 0.06805555555555555 0.04375 
3 0.8215277777777777 0.08854166666666667 0.07083333333333333 0.03125 
3 0.17083333333333334 0.428125 0.22777777777777777 0.14791666666666667 
