3 0.09513888888888888 0.41770833333333335 0.1375 0.13125 
3 0.08055555555555556 0.11979166666666667 0.041666666666666664 0.035416666666666666 
8 0.05486111111111111 0.5375 0.10972222222222222 0.24583333333333332 
3 0.17777777777777778 0.11666666666666667 0.058333333333333334 0.04583333333333333 
3 0.04722222222222222 0.29270833333333335 0.08055555555555556 0.09791666666666667 
3 0.6993055555555555 0.46458333333333335 0.3013888888888889 0.20833333333333334 
8 0.83125 0.6895833333333333 0.3236111111111111 0.25416666666666665 
3 0.12986111111111112 0.121875 0.04583333333333333 0.052083333333333336 
3 0.02361111111111111 0.22604166666666667 0.04722222222222222 0.06041666666666667 
3 0.32569444444444445 0.3489583333333333 0.23194444444444445 0.16458333333333333 
