3 0.31527777777777777 0.29270833333333335 0.05555555555555555 0.04791666666666667 
3 0.4625 0.240625 0.025 0.035416666666666666 
2 0.8840277777777777 0.32708333333333334 0.21805555555555556 0.15 
8 0.09375 0.271875 0.034722222222222224 0.04375 
2 0.53125 0.20520833333333333 0.04583333333333333 0.03958333333333333 
3 0.8666666666666667 0.3614583333333333 0.08611111111111111 0.06041666666666667 
5 0.02361111111111111 0.290625 0.03611111111111111 0.04791666666666667 
3 0.41805555555555557 0.3177083333333333 0.05555555555555555 0.04375 
2 0.675 0.24479166666666666 0.14166666666666666 0.10208333333333333 
3 0.31527777777777777 0.578125 0.13055555555555556 0.17708333333333334 
