3 0.7284722222222222 0.5260416666666666 0.1486111111111111 0.11875 
3 0.5986111111111111 0.321875 0.07222222222222222 0.04375 
3 0.9381944444444444 0.3927083333333333 0.07361111111111111 0.06041666666666667 
3 0.8069444444444445 0.35208333333333336 0.041666666666666664 0.041666666666666664 
3 0.75625 0.334375 0.059722222222222225 0.052083333333333336 
3 0.69375 0.32916666666666666 0.06527777777777778 0.04583333333333333 
3 0.8944444444444445 0.37604166666666666 0.06388888888888888 0.07291666666666667 
3 0.5888888888888889 0.421875 0.11666666666666667 0.06458333333333334 
3 0.6388888888888888 0.3729166666666667 0.06111111111111111 0.05416666666666667 
3 0.9652777777777778 0.4166666666666667 0.05555555555555555 0.07916666666666666 
3 0.8409722222222222 0.3625 0.0763888888888889 0.0625 
3 0.8965277777777778 0.615625 0.17083333333333334 0.17291666666666666 
3 0.6784722222222223 0.4708333333333333 0.11805555555555555 0.09583333333333334 
3 0.8090277777777778 0.5572916666666666 0.14305555555555555 0.14791666666666667 
3 0.4777777777777778 0.36041666666666666 0.05277777777777778 0.041666666666666664 
3 0.26458333333333334 0.821875 0.20694444444444443 0.30625 
3 0.40069444444444446 0.4791666666666667 0.07083333333333333 0.075 
3 0.5861111111111111 0.47291666666666665 0.1527777777777778 0.08333333333333333 
3 0.9576388888888889 0.6885416666666667 0.07361111111111111 0.16458333333333333 
