3 0.8027777777777778 0.47604166666666664 0.06111111111111111 0.052083333333333336 
3 0.21875 0.146875 0.04027777777777778 0.027083333333333334 
3 0.25416666666666665 0.1625 0.058333333333333334 0.0375 
8 0.5881944444444445 0.31666666666666665 0.08472222222222223 0.05416666666666667 
3 0.9145833333333333 0.5552083333333333 0.05138888888888889 0.06041666666666667 
3 0.9083333333333333 0.728125 0.125 0.13125 
5 0.07569444444444444 0.10520833333333333 0.04583333333333333 0.04375 
8 0.23680555555555555 0.6697916666666667 0.45694444444444443 0.46041666666666664 
8 0.7201388888888889 0.4010416666666667 0.09027777777777778 0.07708333333333334 
3 0.32430555555555557 0.18958333333333333 0.06805555555555555 0.04583333333333333 
3 0.4583333333333333 0.26458333333333334 0.08055555555555556 0.058333333333333334 
3 0.6430555555555556 0.3697916666666667 0.06666666666666667 0.052083333333333336 
