3 0.20833333333333334 0.0875 0.041666666666666664 0.041666666666666664 
3 0.7090277777777778 0.07291666666666667 0.05416666666666667 0.041666666666666664 
3 0.7881944444444444 0.078125 0.04861111111111111 0.035416666666666666 
3 0.9125 0.11041666666666666 0.04722222222222222 0.03333333333333333 
3 0.07916666666666666 0.6354166666666666 0.15833333333333333 0.2 
3 0.3659722222222222 0.196875 0.1597222222222222 0.08125 
3 0.8798611111111111 0.13333333333333333 0.06805555555555555 0.04583333333333333 
3 0.9715277777777778 0.15625 0.034722222222222224 0.025 
3 0.44722222222222224 0.39895833333333336 0.30833333333333335 0.17708333333333334 
3 0.7631944444444444 0.05520833333333333 0.04861111111111111 0.027083333333333334 
