5 0.4465277777777778 0.06770833333333333 0.0125 0.010416666666666666 
5 0.7534722222222222 0.007291666666666667 0.034722222222222224 0.014583333333333334 
5 0.7111111111111111 0.005208333333333333 0.03611111111111111 0.010416666666666666 
0 0.675 0.08229166666666667 0.16666666666666666 0.11041666666666666 
5 0.51875 0.08125 0.018055555555555554 0.025 
5 0.6479166666666667 0.020833333333333332 0.02638888888888889 0.0125 
5 0.5041666666666667 0.053125 0.016666666666666666 0.014583333333333334 
5 0.5479166666666667 0.058333333333333334 0.02361111111111111 0.020833333333333332 
5 0.89375 0.007291666666666667 0.043055555555555555 0.014583333333333334 
5 0.46458333333333335 0.0625 0.015277777777777777 0.0125 
5 0.5409722222222222 0.03958333333333333 0.018055555555555554 0.016666666666666666 
5 0.47638888888888886 0.06458333333333334 0.008333333333333333 0.016666666666666666 
