3 0.7298611111111111 0.3333333333333333 0.04583333333333333 0.041666666666666664 
3 0.8305555555555556 0.3625 0.09444444444444444 0.07083333333333333 
3 0.5861111111111111 0.425 0.125 0.0625 
3 0.5756944444444444 0.3875 0.10972222222222222 0.0375 
3 0.9659722222222222 0.42083333333333334 0.04861111111111111 0.07916666666666666 
3 0.93125 0.4010416666666667 0.0625 0.052083333333333336 
3 0.6986111111111111 0.346875 0.044444444444444446 0.035416666666666666 
3 0.5909722222222222 0.32708333333333334 0.07083333333333333 0.04583333333333333 
3 0.9236111111111112 0.6364583333333333 0.1388888888888889 0.15625 
3 0.7694444444444445 0.5239583333333333 0.14166666666666666 0.12708333333333333 
3 0.5875 0.4625 0.10833333333333334 0.08333333333333333 
3 0.8347222222222223 0.5739583333333333 0.1388888888888889 0.13958333333333334 
3 0.33402777777777776 0.44583333333333336 0.07361111111111111 0.07083333333333333 
5 0.9736111111111111 0.7145833333333333 0.044444444444444446 0.13333333333333333 
7 0.34097222222222223 0.5010416666666667 0.018055555555555554 0.03958333333333333 
3 0.29444444444444445 0.40520833333333334 0.07777777777777778 0.03958333333333333 
3 0.8743055555555556 0.39479166666666665 0.08194444444444444 0.06041666666666667 
3 0.43680555555555556 0.446875 0.06805555555555555 0.06875 
3 0.39166666666666666 0.525 0.1111111111111111 0.1 
3 0.6694444444444444 0.48125 0.11944444444444445 0.09166666666666666 
