3 0.96875 0.415625 0.04861111111111111 0.08125 
3 0.9381944444444444 0.396875 0.08472222222222223 0.06458333333333334 
3 0.8347222222222223 0.571875 0.1361111111111111 0.14791666666666667 
3 0.9194444444444444 0.6322916666666667 0.14166666666666666 0.16041666666666668 
3 0.6972222222222222 0.34270833333333334 0.044444444444444446 0.04791666666666667 
5 0.4409722222222222 0.3927083333333333 0.0875 0.09791666666666667 
3 0.58125 0.42291666666666666 0.12361111111111112 0.06666666666666667 
3 0.8680555555555556 0.390625 0.075 0.06041666666666667 
3 0.13194444444444445 0.434375 0.058333333333333334 0.03958333333333333 
3 0.5916666666666667 0.32395833333333335 0.07777777777777778 0.04375 
3 0.25763888888888886 0.815625 0.16805555555555557 0.23125 
5 0.9722222222222222 0.7041666666666667 0.044444444444444446 0.15 
3 0.7319444444444444 0.3302083333333333 0.04722222222222222 0.04791666666666667 
3 0.5777777777777777 0.390625 0.1111111111111111 0.035416666666666666 
3 0.6736111111111112 0.484375 0.12777777777777777 0.09791666666666667 
3 0.7708333333333334 0.5208333333333334 0.1388888888888889 0.125 
3 0.59375 0.4552083333333333 0.10972222222222222 0.08125 
3 0.2590277777777778 0.4125 0.07083333333333333 0.05 
3 0.8375 0.35833333333333334 0.09166666666666666 0.058333333333333334 
