5 0.8944444444444445 0.04375 0.011111111111111112 0.008333333333333333 
3 0.7770833333333333 0.13645833333333332 0.05694444444444444 0.03958333333333333 
3 0.7194444444444444 0.18958333333333333 0.09722222222222222 0.0875 
5 0.8166666666666667 0.057291666666666664 0.013888888888888888 0.01875 
5 0.84375 0.08229166666666667 0.015277777777777777 0.027083333333333334 
5 0.9013888888888889 0.08854166666666667 0.008333333333333333 0.010416666666666666 
3 0.03680555555555556 0.825 0.07361111111111111 0.2375 
5 0.8798611111111111 0.052083333333333336 0.0125 0.020833333333333332 
3 0.6034722222222222 0.271875 0.15416666666666667 0.13125 
5 0.7451388888888889 0.04895833333333333 0.02638888888888889 0.027083333333333334 
5 0.8611111111111112 0.071875 0.013888888888888888 0.010416666666666666 
5 0.8986111111111111 0.115625 0.03333333333333333 0.027083333333333334 
3 0.28888888888888886 0.56875 0.3277777777777778 0.32083333333333336 
5 0.90625 0.036458333333333336 0.009722222222222222 0.010416666666666666 
5 0.8819444444444444 0.14166666666666666 0.027777777777777776 0.0375 
3 0.6756944444444445 0.06458333333333334 0.05694444444444444 0.04583333333333333 
3 0.8055555555555556 0.10625 0.041666666666666664 0.0375 
