3 0.0798611111111111 0.15208333333333332 0.02361111111111111 0.029166666666666667 
3 0.14305555555555555 0.07604166666666666 0.044444444444444446 0.04375 
5 0.041666666666666664 0.10104166666666667 0.011111111111111112 0.014583333333333334 
3 0.15138888888888888 0.103125 0.027777777777777776 0.03125 
5 0.22152777777777777 0.058333333333333334 0.0375 0.03333333333333333 
7 0.9347222222222222 0.37395833333333334 0.04722222222222222 0.11041666666666666 
3 0.6993055555555555 0.39166666666666666 0.25416666666666665 0.20833333333333334 
5 0.052083333333333336 0.13229166666666667 0.015277777777777777 0.014583333333333334 
3 0.16458333333333333 0.140625 0.043055555555555555 0.04791666666666667 
5 0.010416666666666666 0.1125 0.0125 0.020833333333333332 
