10 0.06458333333333334 0.25833333333333336 0.12361111111111112 0.15833333333333333 
3 0.9270833333333334 0.5677083333333334 0.059722222222222225 0.05625 
3 0.6791666666666667 0.3875 0.075 0.05 
3 0.1527777777777778 0.11979166666666667 0.05277777777777778 0.035416666666666666 
3 0.575 0.31875 0.06666666666666667 0.058333333333333334 
3 0.3875 0.5458333333333333 0.33055555555555555 0.325 
3 0.04097222222222222 0.08541666666666667 0.07361111111111111 0.04583333333333333 
3 0.8770833333333333 0.521875 0.05416666666666667 0.04791666666666667 
3 0.41597222222222224 0.23645833333333333 0.0763888888888889 0.04375 
8 0.2298611111111111 0.14583333333333334 0.07916666666666666 0.05416666666666667 
3 0.7666666666666667 0.4479166666666667 0.08333333333333333 0.07083333333333333 
8 0.49027777777777776 0.2791666666666667 0.10833333333333334 0.07083333333333333 
