3 0.5888888888888889 0.45208333333333334 0.10833333333333334 0.0875 
3 0.5777777777777777 0.40625 0.08888888888888889 0.041666666666666664 
3 0.9270833333333334 0.38229166666666664 0.07916666666666666 0.06458333333333334 
3 0.9430555555555555 0.6541666666666667 0.10277777777777777 0.175 
3 0.7027777777777777 0.34270833333333334 0.05555555555555555 0.035416666666666666 
3 0.9020833333333333 0.578125 0.1486111111111111 0.16458333333333333 
3 0.8201388888888889 0.5614583333333333 0.12916666666666668 0.11458333333333333 
10 0.3590277777777778 0.6697916666666667 0.1763888888888889 0.26875 
3 0.8479166666666667 0.35833333333333334 0.0763888888888889 0.058333333333333334 
3 0.36527777777777776 0.36875 0.075 0.05 
3 0.5791666666666667 0.325 0.06666666666666667 0.041666666666666664 
3 0.6555555555555556 0.48125 0.11666666666666667 0.1 
3 0.7444444444444445 0.5072916666666667 0.15 0.13541666666666666 
