3 0.8826388888888889 0.4041666666666667 0.1875 0.14583333333333334 
3 0.9097222222222222 0.11145833333333334 0.04722222222222222 0.03125 
3 0.35347222222222224 0.052083333333333336 0.03194444444444444 0.029166666666666667 
3 0.17777777777777778 0.6458333333333334 0.3055555555555556 0.22083333333333333 
3 0.7833333333333333 0.07708333333333334 0.044444444444444446 0.025 
8 0.36527777777777776 0.16666666666666666 0.15 0.08333333333333333 
8 0.8326388888888889 0.0625 0.020833333333333332 0.025 
3 0.8798611111111111 0.14166666666666666 0.06527777777777778 0.041666666666666664 
3 0.03263888888888889 0.19895833333333332 0.0625 0.04791666666666667 
3 0.85 0.11666666666666667 0.041666666666666664 0.020833333333333332 
3 0.9659722222222222 0.15729166666666666 0.034722222222222224 0.022916666666666665 
3 0.8138888888888889 0.09270833333333334 0.058333333333333334 0.03125 
3 0.9423611111111111 0.13229166666666667 0.0375 0.027083333333333334 
3 0.08680555555555555 0.15520833333333334 0.07361111111111111 0.04791666666666667 
3 0.2375 0.046875 0.030555555555555555 0.022916666666666665 
3 0.8527777777777777 0.071875 0.016666666666666666 0.01875 
