3 0.8715277777777778 0.390625 0.06805555555555555 0.052083333333333336 
5 0.9729166666666667 0.7020833333333333 0.0375 0.11666666666666667 
3 0.5798611111111112 0.3927083333333333 0.10694444444444444 0.03958333333333333 
3 0.5909722222222222 0.3302083333333333 0.07916666666666666 0.04791666666666667 
3 0.925 0.63125 0.14166666666666666 0.15833333333333333 
3 0.5944444444444444 0.4625 0.10277777777777777 0.07916666666666666 
5 0.09513888888888888 0.42291666666666666 0.04583333333333333 0.058333333333333334 
3 0.5840277777777778 0.43020833333333336 0.12638888888888888 0.07291666666666667 
3 0.9326388888888889 0.4010416666666667 0.06527777777777778 0.05625 
3 0.29097222222222224 0.8770833333333333 0.1736111111111111 0.2375 
5 0.059722222222222225 0.44166666666666665 0.05555555555555555 0.058333333333333334 
3 0.7666666666666667 0.5270833333333333 0.1388888888888889 0.12083333333333333 
3 0.7013888888888888 0.384375 0.08333333333333333 0.06041666666666667 
3 0.4576388888888889 0.396875 0.059722222222222225 0.05625 
3 0.8368055555555556 0.5708333333333333 0.14027777777777778 0.1375 
3 0.6777777777777778 0.4864583333333333 0.13055555555555556 0.09791666666666667 
3 0.12569444444444444 0.8375 0.15138888888888888 0.20833333333333334 
3 0.9694444444444444 0.42083333333333334 0.04722222222222222 0.08333333333333333 
3 0.8395833333333333 0.36770833333333336 0.10138888888888889 0.07291666666666667 
3 0.36944444444444446 0.646875 0.11944444444444445 0.16875 
