3 0.7194444444444444 0.28020833333333334 0.03333333333333333 0.027083333333333334 
3 0.6493055555555556 0.2947916666666667 0.05694444444444444 0.03958333333333333 
3 0.6 0.278125 0.044444444444444446 0.03125 
3 0.3451388888888889 0.49270833333333336 0.10416666666666667 0.11458333333333333 
5 0.02361111111111111 0.321875 0.04722222222222222 0.06875 
3 0.44930555555555557 0.30104166666666665 0.034722222222222224 0.035416666666666666 
5 0.79375 0.30520833333333336 0.04861111111111111 0.03125 
3 0.7125 0.3104166666666667 0.06111111111111111 0.041666666666666664 
2 0.89375 0.3927083333333333 0.20416666666666666 0.18125 
5 0.15763888888888888 0.934375 0.16805555555555557 0.12708333333333333 
5 0.6208333333333333 0.25729166666666664 0.041666666666666664 0.01875 
3 0.4166666666666667 0.35 0.06111111111111111 0.06666666666666667 
5 0.7861111111111111 0.35520833333333335 0.022222222222222223 0.03125 
2 0.5291666666666667 0.2520833333333333 0.05277777777777778 0.0625 
3 0.6951388888888889 0.2864583333333333 0.034722222222222224 0.027083333333333334 
3 0.6680555555555555 0.26875 0.04722222222222222 0.020833333333333332 
5 0.7861111111111111 0.3302083333333333 0.041666666666666664 0.03125 
