3 0.7180555555555556 0.1625 0.13055555555555556 0.08333333333333333 
3 0.16319444444444445 0.43020833333333336 0.23472222222222222 0.17708333333333334 
3 0.8527777777777777 0.1125 0.04722222222222222 0.025 
3 0.8798611111111111 0.14479166666666668 0.05694444444444444 0.035416666666666666 
3 0.9722222222222222 0.159375 0.03888888888888889 0.03125 
3 0.9118055555555555 0.11145833333333334 0.04861111111111111 0.035416666666666666 
3 0.7916666666666666 0.08020833333333334 0.058333333333333334 0.022916666666666665 
3 0.08541666666666667 0.153125 0.08194444444444444 0.052083333333333336 
3 0.23819444444444443 0.03854166666666667 0.03194444444444444 0.03125 
3 0.7618055555555555 0.058333333333333334 0.04861111111111111 0.020833333333333332 
