3 0.5930555555555556 0.40729166666666666 0.12222222222222222 0.035416666666666666 
3 0.8493055555555555 0.359375 0.08194444444444444 0.052083333333333336 
3 0.8208333333333333 0.5666666666666667 0.1388888888888889 0.125 
3 0.6979166666666666 0.3385416666666667 0.05694444444444444 0.04791666666666667 
3 0.5861111111111111 0.45416666666666666 0.10555555555555556 0.09166666666666666 
3 0.93125 0.38229166666666664 0.06527777777777778 0.06875 
3 0.6152777777777778 0.38645833333333335 0.044444444444444446 0.03125 
3 0.9416666666666667 0.6614583333333334 0.10555555555555556 0.17291666666666666 
3 0.22013888888888888 0.8166666666666667 0.17083333333333334 0.24583333333333332 
3 0.7402777777777778 0.5072916666666667 0.15833333333333333 0.13125 
3 0.6618055555555555 0.478125 0.12638888888888888 0.09791666666666667 
3 0.5833333333333334 0.325 0.06944444444444445 0.05 
