8 0.42083333333333334 0.22708333333333333 0.09166666666666666 0.05416666666666667 
3 0.8423611111111111 0.5020833333333333 0.0625 0.06666666666666667 
3 0.27847222222222223 0.175 0.07361111111111111 0.05 
3 0.5763888888888888 0.33125 0.075 0.06666666666666667 
3 0.44930555555555557 0.26458333333333334 0.07916666666666666 0.05 
3 0.32916666666666666 0.5166666666666667 0.32222222222222224 0.31666666666666665 
3 0.12569444444444444 0.11666666666666667 0.05138888888888889 0.03333333333333333 
3 0.7229166666666667 0.4125 0.09861111111111111 0.08333333333333333 
3 0.04722222222222222 0.09583333333333334 0.04722222222222222 0.03333333333333333 
3 0.19236111111111112 0.13854166666666667 0.05138888888888889 0.03125 
