5 0.9736111111111111 0.6927083333333334 0.030555555555555555 0.11041666666666666 
3 0.6104166666666667 0.375 0.06527777777777778 0.03333333333333333 
3 0.9666666666666667 0.40625 0.041666666666666664 0.07916666666666666 
3 0.5833333333333334 0.40729166666666666 0.13055555555555556 0.06875 
3 0.83125 0.35 0.09861111111111111 0.07083333333333333 
3 0.8708333333333333 0.37395833333333334 0.075 0.06458333333333334 
3 0.9305555555555556 0.384375 0.058333333333333334 0.04791666666666667 
3 0.8333333333333334 0.55625 0.14444444444444443 0.15 
3 0.7326388888888888 0.31666666666666665 0.04027777777777778 0.05416666666666667 
7 0.4395833333333333 0.46979166666666666 0.018055555555555554 0.06041666666666667 
3 0.9215277777777777 0.6145833333333334 0.13194444444444445 0.15416666666666667 
3 0.6951388888888889 0.334375 0.05416666666666667 0.052083333333333336 
3 0.58125 0.4510416666666667 0.09027777777777778 0.08125 
3 0.6666666666666666 0.471875 0.11944444444444445 0.09791666666666667 
3 0.5805555555555556 0.3229166666666667 0.06944444444444445 0.04583333333333333 
7 0.47291666666666665 0.44375 0.020833333333333332 0.06666666666666667 
3 0.7694444444444445 0.5104166666666666 0.1388888888888889 0.125 
