7 0.8222222222222222 0.33125 0.008333333333333333 0.020833333333333332 
7 0.8104166666666667 0.32916666666666666 0.006944444444444444 0.020833333333333332 
7 0.7618055555555555 0.328125 0.009722222222222222 0.022916666666666665 
2 0.4597222222222222 0.31666666666666665 0.06388888888888888 0.07916666666666666 
7 0.24791666666666667 0.440625 0.015277777777777777 0.07291666666666667 
7 0.7506944444444444 0.32708333333333334 0.006944444444444444 0.025 
2 0.48055555555555557 0.5104166666666666 0.2361111111111111 0.32916666666666666 
5 0.8458333333333333 0.9145833333333333 0.2361111111111111 0.16666666666666666 
2 0.4027777777777778 0.3072916666666667 0.05555555555555555 0.07291666666666667 
3 0.8048611111111111 0.3645833333333333 0.06805555555555555 0.029166666666666667 
3 0.9006944444444445 0.36041666666666666 0.034722222222222224 0.020833333333333332 
