3 0.9361111111111111 0.4010416666666667 0.06666666666666667 0.06875 
3 0.5756944444444444 0.471875 0.14027777777777778 0.10625 
3 0.6756944444444445 0.47708333333333336 0.11805555555555555 0.09583333333333334 
3 0.8083333333333333 0.565625 0.1527777777777778 0.15208333333333332 
3 0.8965277777777778 0.384375 0.07083333333333333 0.04375 
3 0.6388888888888888 0.37916666666666665 0.075 0.04583333333333333 
3 0.7243055555555555 0.5260416666666666 0.14027777777777778 0.10625 
3 0.9694444444444444 0.328125 0.05277777777777778 0.04375 
3 0.9638888888888889 0.42083333333333334 0.05555555555555555 0.0625 
3 0.8993055555555556 0.6166666666666667 0.17083333333333334 0.1625 
3 0.6916666666666667 0.3333333333333333 0.06666666666666667 0.05416666666666667 
3 0.8465277777777778 0.3645833333333333 0.08194444444444444 0.05 
3 0.8069444444444445 0.3541666666666667 0.044444444444444446 0.041666666666666664 
3 0.5868055555555556 0.4270833333333333 0.11805555555555555 0.05 
10 0.40625 0.434375 0.08472222222222223 0.11041666666666666 
3 0.5881944444444445 0.32083333333333336 0.04861111111111111 0.05 
3 0.7583333333333333 0.33645833333333336 0.044444444444444446 0.052083333333333336 
3 0.3111111111111111 0.7729166666666667 0.1527777777777778 0.25833333333333336 
5 0.9569444444444445 0.696875 0.07777777777777778 0.15625 
5 0.5743055555555555 0.26875 0.04861111111111111 0.058333333333333334 
