3 0.21052631578947367 0.15570175438596492 0.04678362573099415 0.039473684210526314 
3 0.3567251461988304 0.24342105263157895 0.12280701754385964 0.10087719298245613 
3 0.05116959064327485 0.20833333333333334 0.049707602339181284 0.06578947368421052 
3 0.49707602339181284 0.4868421052631579 0.22807017543859648 0.24561403508771928 
3 0.49415204678362573 0.14035087719298245 0.07602339181286549 0.043859649122807015 
5 0.9736842105263158 0.8508771929824561 0.04678362573099415 0.15789473684210525 
3 0.11257309941520467 0.14912280701754385 0.03216374269005848 0.03508771929824561 
3 0.16666666666666666 0.16666666666666666 0.05263157894736842 0.06140350877192982 
8 0.3216374269005848 0.6074561403508771 0.32748538011695905 0.42543859649122806 
5 0.922514619883041 0.5635964912280702 0.13742690058479531 0.19736842105263158 
8 0.685672514619883 0.19298245614035087 0.12573099415204678 0.07894736842105263 
8 0.3845029239766082 0.18859649122807018 0.13157894736842105 0.08771929824561403 
