3 0.6034722222222222 0.38958333333333334 0.05694444444444444 0.029166666666666667 
3 0.7451388888888889 0.50625 0.15138888888888888 0.1375 
3 0.9416666666666667 0.6572916666666667 0.10277777777777777 0.18541666666666667 
3 0.6597222222222222 0.4875 0.12222222222222222 0.09166666666666666 
3 0.8180555555555555 0.5635416666666667 0.13333333333333333 0.11458333333333333 
3 0.5923611111111111 0.4166666666666667 0.12361111111111112 0.05 
3 0.42569444444444443 0.4395833333333333 0.07083333333333333 0.075 
3 0.8979166666666667 0.5885416666666666 0.14583333333333334 0.15625 
3 0.6923611111111111 0.303125 0.04861111111111111 0.035416666666666666 
3 0.8444444444444444 0.3645833333333333 0.07777777777777778 0.0625 
3 0.5847222222222223 0.4552083333333333 0.10555555555555556 0.08958333333333333 
3 0.7020833333333333 0.34375 0.05416666666666667 0.05 
3 0.9576388888888889 0.41354166666666664 0.06805555555555555 0.07708333333333334 
3 0.7930555555555555 0.35833333333333334 0.04722222222222222 0.05 
3 0.5791666666666667 0.32916666666666666 0.06666666666666667 0.04583333333333333 
3 0.7604166666666666 0.34270833333333334 0.04027777777777778 0.04375 
3 0.9243055555555556 0.3885416666666667 0.0625 0.07291666666666667 
3 0.6513888888888889 0.36770833333333336 0.05 0.06041666666666667 
