3 0.4513888888888889 0.084375 0.09444444444444444 0.07291666666666667 
3 0.5333333333333333 0.11458333333333333 0.07222222222222222 0.06666666666666667 
3 0.8902777777777777 0.18125 0.08611111111111111 0.075 
3 0.7548611111111111 0.13541666666666666 0.10138888888888889 0.05416666666666667 
5 0.0763888888888889 0.14270833333333333 0.03611111111111111 0.06041666666666667 
3 0.8791666666666667 0.2 0.08333333333333333 0.0875 
3 0.8902777777777777 0.12395833333333334 0.04722222222222222 0.03958333333333333 
3 0.7784722222222222 0.221875 0.09583333333333334 0.08958333333333333 
3 0.9152777777777777 0.171875 0.06944444444444445 0.06458333333333334 
3 0.11944444444444445 0.20104166666666667 0.05555555555555555 0.07291666666666667 
3 0.8201388888888889 0.203125 0.11805555555555555 0.10208333333333333 
8 0.5645833333333333 0.06041666666666667 0.07361111111111111 0.0625 
3 0.6840277777777778 0.171875 0.10416666666666667 0.08958333333333333 
3 0.9375 0.17395833333333333 0.044444444444444446 0.05625 
3 0.7868055555555555 0.13958333333333334 0.10138888888888889 0.07083333333333333 
3 0.5993055555555555 0.128125 0.12638888888888888 0.09791666666666667 
3 0.8090277777777778 0.13333333333333333 0.07083333333333333 0.0625 
3 0.6701388888888888 0.09375 0.0625 0.05 
3 0.8423611111111111 0.12395833333333334 0.0625 0.03958333333333333 
3 0.7048611111111112 0.14479166666666668 0.09305555555555556 0.07291666666666667 
10 0.49583333333333335 0.096875 0.10555555555555556 0.07291666666666667 
3 0.23472222222222222 0.16979166666666667 0.07222222222222222 0.08541666666666667 
2 0.5791666666666667 0.5885416666666666 0.8194444444444444 0.81875 
10 0.42430555555555555 0.06979166666666667 0.10694444444444444 0.06875 
