3 0.8069444444444445 0.565625 0.14444444444444443 0.15625 
3 0.9368055555555556 0.3958333333333333 0.07083333333333333 0.07916666666666666 
3 0.8145833333333333 0.3541666666666667 0.04583333333333333 0.041666666666666664 
3 0.48680555555555555 0.3625 0.043055555555555555 0.05 
3 0.6840277777777778 0.46770833333333334 0.14305555555555555 0.11458333333333333 
3 0.34097222222222223 0.6072916666666667 0.10694444444444444 0.13958333333333334 
3 0.8916666666666667 0.390625 0.05555555555555555 0.06041666666666667 
9 0.40902777777777777 0.40729166666666666 0.10416666666666667 0.16875 
3 0.7263888888888889 0.534375 0.14444444444444443 0.12291666666666666 
3 0.58125 0.47708333333333336 0.15138888888888888 0.0875 
3 0.8458333333333333 0.36770833333333336 0.08055555555555556 0.05625 
3 0.5201388888888889 0.3145833333333333 0.043055555555555555 0.0375 
3 0.08541666666666667 0.4635416666666667 0.03194444444444444 0.03958333333333333 
3 0.9631944444444445 0.42083333333333334 0.059722222222222225 0.07916666666666666 
3 0.7604166666666666 0.3385416666666667 0.0625 0.052083333333333336 
3 0.5951388888888889 0.3177083333333333 0.07083333333333333 0.04375 
3 0.9569444444444445 0.7052083333333333 0.075 0.16875 
10 0.10972222222222222 0.84375 0.20833333333333334 0.29583333333333334 
3 0.8930555555555556 0.6197916666666666 0.18055555555555555 0.17708333333333334 
3 0.9666666666666667 0.32708333333333334 0.06111111111111111 0.0375 
3 0.6972222222222222 0.3260416666666667 0.06944444444444445 0.05625 
3 0.59375 0.428125 0.10694444444444444 0.05625 
