3 0.8916666666666667 0.3854166666666667 0.07222222222222222 0.0625 
3 0.8118055555555556 0.35208333333333336 0.059722222222222225 0.05416666666666667 
3 0.6888888888888889 0.32916666666666666 0.06944444444444445 0.05416666666666667 
7 0.25555555555555554 0.43645833333333334 0.013888888888888888 0.04791666666666667 
3 0.8083333333333333 0.5572916666666666 0.14722222222222223 0.14375 
3 0.7208333333333333 0.528125 0.1388888888888889 0.12708333333333333 
3 0.6756944444444445 0.46770833333333334 0.11805555555555555 0.10625 
3 0.9361111111111111 0.39895833333333336 0.06666666666666667 0.08125 
3 0.8972222222222223 0.6177083333333333 0.16666666666666666 0.16458333333333333 
3 0.5861111111111111 0.42291666666666666 0.11666666666666667 0.06666666666666667 
3 0.7618055555555555 0.3416666666666667 0.04861111111111111 0.04583333333333333 
3 0.5819444444444445 0.471875 0.14444444444444443 0.08541666666666667 
7 0.13055555555555556 0.4635416666666667 0.013888888888888888 0.04375 
3 0.9611111111111111 0.42083333333333334 0.05555555555555555 0.0875 
3 0.8451388888888889 0.36875 0.07916666666666666 0.06666666666666667 
7 0.07152777777777777 0.49583333333333335 0.0125 0.05 
5 0.9583333333333334 0.6916666666666667 0.07222222222222222 0.17916666666666667 
3 0.5979166666666667 0.31979166666666664 0.07083333333333333 0.052083333333333336 
7 0.2388888888888889 0.44375 0.013888888888888888 0.05 
7 0.2826388888888889 0.43333333333333335 0.018055555555555554 0.05416666666666667 
3 0.2673611111111111 0.7708333333333334 0.1375 0.19166666666666668 
