3 0.925 0.6333333333333333 0.1388888888888889 0.15833333333333333 
3 0.5916666666666667 0.453125 0.09722222222222222 0.08125 
3 0.6909722222222222 0.3416666666666667 0.05416666666666667 0.05416666666666667 
3 0.8347222222222223 0.35833333333333334 0.09722222222222222 0.07083333333333333 
3 0.9715277777777778 0.4166666666666667 0.05138888888888889 0.09166666666666666 
5 0.9736111111111111 0.709375 0.03888888888888889 0.13125 
3 0.5958333333333333 0.3229166666666667 0.075 0.05 
3 0.76875 0.5270833333333333 0.13472222222222222 0.12083333333333333 
3 0.3416666666666667 0.6239583333333333 0.1111111111111111 0.15625 
3 0.6715277777777777 0.48541666666666666 0.12083333333333333 0.1 
3 0.58125 0.42083333333333334 0.12361111111111112 0.058333333333333334 
3 0.2638888888888889 0.41458333333333336 0.07777777777777778 0.04583333333333333 
3 0.875 0.38958333333333334 0.07222222222222222 0.058333333333333334 
3 0.93125 0.403125 0.07361111111111111 0.05625 
3 0.5763888888888888 0.38125 0.11388888888888889 0.0375 
3 0.8340277777777778 0.5729166666666666 0.14305555555555555 0.1375 
3 0.7354166666666667 0.33125 0.05416666666666667 0.05416666666666667 
