3 0.7701388888888889 0.234375 0.05694444444444444 0.035416666666666666 
2 0.9319444444444445 0.24895833333333334 0.11944444444444445 0.09791666666666667 
3 0.041666666666666664 0.40208333333333335 0.07222222222222222 0.0625 
7 0.8736111111111111 0.4791666666666667 0.03333333333333333 0.0875 
10 0.19583333333333333 0.3854166666666667 0.11944444444444445 0.10416666666666667 
2 0.27708333333333335 0.2375 0.2875 0.10416666666666667 
5 0.03263888888888889 0.63125 0.059722222222222225 0.21666666666666667 
3 0.025 0.3458333333333333 0.05 0.05 
3 0.18055555555555555 0.32916666666666666 0.075 0.0375 
3 0.4340277777777778 0.2989583333333333 0.1125 0.06458333333333334 
7 0.8895833333333333 0.42291666666666666 0.020833333333333332 0.05 
10 0.8076388888888889 0.246875 0.10416666666666667 0.06041666666666667 
7 0.89375 0.4822916666666667 0.034722222222222224 0.09791666666666667 
7 0.10069444444444445 0.4635416666666667 0.018055555555555554 0.07708333333333334 
7 0.08263888888888889 0.496875 0.034722222222222224 0.08125 
3 0.6819444444444445 0.22604166666666667 0.06666666666666667 0.03958333333333333 
3 0.46111111111111114 0.8145833333333333 0.18888888888888888 0.30416666666666664 
3 0.5958333333333333 0.23645833333333333 0.08055555555555556 0.04791666666666667 
3 0.27291666666666664 0.5354166666666667 0.11527777777777778 0.20833333333333334 
