3 0.7145833333333333 0.32083333333333336 0.034722222222222224 0.025 
3 0.78125 0.35520833333333335 0.059722222222222225 0.03958333333333333 
3 0.9444444444444444 0.3729166666666667 0.044444444444444446 0.03333333333333333 
5 0.925 0.9333333333333333 0.1361111111111111 0.125 
5 0.5243055555555556 0.271875 0.02361111111111111 0.04375 
3 0.8951388888888889 0.6333333333333333 0.15694444444444444 0.23333333333333334 
3 0.5013888888888889 0.296875 0.022222222222222223 0.03125 
3 0.5854166666666667 0.3541666666666667 0.043055555555555555 0.04583333333333333 
3 0.5430555555555555 0.296875 0.022222222222222223 0.027083333333333334 
3 0.75625 0.3385416666666667 0.05138888888888889 0.027083333333333334 
3 0.8159722222222222 0.36875 0.04861111111111111 0.029166666666666667 
2 0.5131944444444444 0.484375 0.1986111111111111 0.29375 
3 0.7361111111111112 0.328125 0.03888888888888889 0.022916666666666665 
3 0.9076388888888889 0.3625 0.0375 0.029166666666666667 
3 0.8805555555555555 0.35104166666666664 0.04722222222222222 0.022916666666666665 
3 0.9763888888888889 0.3875 0.022222222222222223 0.03333333333333333 
7 0.2777777777777778 0.434375 0.022222222222222223 0.08958333333333333 
