3 0.58125 0.47708333333333336 0.1486111111111111 0.09166666666666666 
3 0.7625 0.340625 0.058333333333333334 0.052083333333333336 
3 0.9631944444444445 0.4270833333333333 0.05138888888888889 0.0875 
3 0.34652777777777777 0.61875 0.12638888888888888 0.17916666666666667 
3 0.8965277777777778 0.3875 0.07361111111111111 0.058333333333333334 
3 0.6347222222222222 0.37604166666666666 0.075 0.052083333333333336 
3 0.6833333333333333 0.33541666666666664 0.06666666666666667 0.05416666666666667 
3 0.8083333333333333 0.56875 0.15 0.1625 
3 0.9 0.625 0.1638888888888889 0.17083333333333334 
3 0.6013888888888889 0.3229166666666667 0.07777777777777778 0.04583333333333333 
3 0.9597222222222223 0.69375 0.07222222222222222 0.17083333333333334 
3 0.6791666666666667 0.47291666666666665 0.12222222222222222 0.10416666666666667 
7 0.27569444444444446 0.43333333333333335 0.020833333333333332 0.05416666666666667 
3 0.5854166666666667 0.42604166666666665 0.11805555555555555 0.06458333333333334 
3 0.8076388888888889 0.3541666666666667 0.05694444444444444 0.041666666666666664 
3 0.84375 0.36875 0.08472222222222223 0.06666666666666667 
3 0.9347222222222222 0.403125 0.06944444444444445 0.06041666666666667 
3 0.7305555555555555 0.5291666666666667 0.16111111111111112 0.12083333333333333 
7 0.24166666666666667 0.44166666666666665 0.019444444444444445 0.04583333333333333 
