3 0.9777777777777777 0.6979166666666666 0.03611111111111111 0.12916666666666668 
3 0.6631944444444444 0.35625 0.04583333333333333 0.041666666666666664 
5 0.25416666666666665 0.325 0.05277777777777778 0.03333333333333333 
3 0.8388888888888889 0.5677083333333334 0.1361111111111111 0.14375 
3 0.9423611111111111 0.32395833333333335 0.06527777777777778 0.052083333333333336 
5 0.40069444444444446 0.2791666666666667 0.034722222222222224 0.025 
3 0.7006944444444444 0.3385416666666667 0.043055555555555555 0.04791666666666667 
3 0.8673611111111111 0.38645833333333335 0.05694444444444444 0.052083333333333336 
5 0.30486111111111114 0.30625 0.04861111111111111 0.03333333333333333 
3 0.9368055555555556 0.4 0.0625 0.05 
3 0.9715277777777778 0.4197916666666667 0.04027777777777778 0.06875 
3 0.5805555555555556 0.3885416666666667 0.11666666666666667 0.03125 
3 0.6006944444444444 0.2635416666666667 0.05694444444444444 0.03958333333333333 
10 0.4722222222222222 0.359375 0.05277777777777778 0.05625 
3 0.9243055555555556 0.6291666666666667 0.13472222222222222 0.15416666666666667 
3 0.7506944444444444 0.525 0.10694444444444444 0.12916666666666668 
3 0.2604166666666667 0.409375 0.059722222222222225 0.03125 
3 0.7395833333333334 0.334375 0.043055555555555555 0.03958333333333333 
9 0.3875 0.44895833333333335 0.10833333333333334 0.16041666666666668 
3 0.6715277777777777 0.48333333333333334 0.12916666666666668 0.1 
3 0.5895833333333333 0.3229166666666667 0.07361111111111111 0.04583333333333333 
3 0.5819444444444445 0.4270833333333333 0.12777777777777777 0.075 
5 0.45069444444444445 0.26979166666666665 0.0375 0.027083333333333334 
5 0.35555555555555557 0.2916666666666667 0.030555555555555555 0.029166666666666667 
3 0.5826388888888889 0.4552083333333333 0.09027777777777778 0.07291666666666667 
5 0.5055555555555555 0.2635416666666667 0.03888888888888889 0.022916666666666665 
3 0.8361111111111111 0.3614583333333333 0.08611111111111111 0.05625 
