3 0.275 0.3385416666666667 0.17777777777777778 0.19791666666666666 
1 0.5951388888888889 0.21041666666666667 0.034722222222222224 0.075 
3 0.2763888888888889 0.029166666666666667 0.06111111111111111 0.03333333333333333 
5 0.9347222222222222 0.5072916666666667 0.11666666666666667 0.14791666666666667 
3 0.20208333333333334 0.05416666666666667 0.04583333333333333 0.0375 
3 0.05763888888888889 0.32083333333333336 0.11527777777777778 0.12916666666666668 
3 0.41180555555555554 0.025 0.05694444444444444 0.03333333333333333 
3 0.6881944444444444 0.08333333333333333 0.043055555555555555 0.0375 
3 0.6305555555555555 0.041666666666666664 0.03888888888888889 0.0375 
3 0.8930555555555556 0.3416666666666667 0.16944444444444445 0.14583333333333334 
3 0.3215277777777778 0.05416666666666667 0.09027777777777778 0.0375 
3 0.04236111111111111 0.23645833333333333 0.0763888888888889 0.052083333333333336 
3 0.6201388888888889 0.06666666666666667 0.034722222222222224 0.0375 
3 0.2263888888888889 0.036458333333333336 0.05277777777777778 0.04375 
