3 0.5861111111111111 0.45416666666666666 0.10555555555555556 0.09166666666666666 
3 0.5861111111111111 0.41770833333333335 0.12777777777777777 0.06041666666666667 
3 0.7923611111111111 0.35625 0.04027777777777778 0.04583333333333333 
3 0.7034722222222223 0.34270833333333334 0.05138888888888889 0.035416666666666666 
3 0.08333333333333333 0.440625 0.03611111111111111 0.052083333333333336 
3 0.9284722222222223 0.384375 0.06805555555555555 0.06458333333333334 
3 0.5777777777777777 0.325 0.06666666666666667 0.05 
3 0.8423611111111111 0.3625 0.0763888888888889 0.058333333333333334 
3 0.8979166666666667 0.5885416666666666 0.14305555555555555 0.16041666666666668 
3 0.9409722222222222 0.653125 0.10416666666666667 0.18125 
3 0.8194444444444444 0.559375 0.1361111111111111 0.11875 
3 0.6569444444444444 0.48125 0.11388888888888889 0.09583333333333334 
3 0.74375 0.5072916666666667 0.15138888888888888 0.13958333333333334 
3 0.2777777777777778 0.7947916666666667 0.15833333333333333 0.23125 
