3 0.4888888888888889 0.19270833333333334 0.019444444444444445 0.014583333333333334 
5 0.38819444444444445 0.13541666666666666 0.006944444444444444 0.008333333333333333 
5 0.37777777777777777 0.12708333333333333 0.005555555555555556 0.004166666666666667 
5 0.3909722222222222 0.11979166666666667 0.004166666666666667 0.00625 
3 0.2951388888888889 0.33958333333333335 0.0375 0.05416666666666667 
5 0.42777777777777776 0.11145833333333334 0.005555555555555556 0.00625 
5 0.36736111111111114 0.15625 0.006944444444444444 0.008333333333333333 
5 0.41180555555555554 0.109375 0.009722222222222222 0.010416666666666666 
3 0.36944444444444446 0.24375 0.016666666666666666 0.0375 
0 0.33194444444444443 0.18645833333333334 0.027777777777777776 0.05625 
3 0.35555555555555557 0.18958333333333333 0.011111111111111112 0.016666666666666666 
5 0.3819444444444444 0.11145833333333334 0.005555555555555556 0.00625 
3 0.3416666666666667 0.22083333333333333 0.016666666666666666 0.016666666666666666 
3 0.22777777777777777 0.5854166666666667 0.07777777777777778 0.1625 
5 0.37569444444444444 0.14166666666666666 0.009722222222222222 0.008333333333333333 
5 0.36527777777777776 0.13541666666666666 0.002777777777777778 0.008333333333333333 
3 0.33541666666666664 0.41354166666666664 0.04027777777777778 0.08541666666666667 
5 0.37569444444444444 0.11458333333333333 0.004166666666666667 0.008333333333333333 
0 0.07847222222222222 0.778125 0.15694444444444444 0.4354166666666667 
0 0.5145833333333333 0.16666666666666666 0.043055555555555555 0.041666666666666664 
3 0.32708333333333334 0.5947916666666667 0.059722222222222225 0.15208333333333332 
0 0.4527777777777778 0.11458333333333333 0.019444444444444445 0.03333333333333333 
5 0.43125 0.10625 0.0125 0.004166666666666667 
3 0.38333333333333336 0.16979166666666667 0.016666666666666666 0.01875 
3 0.7152777777777778 0.5166666666666667 0.10555555555555556 0.11666666666666667 
3 0.44375 0.128125 0.006944444444444444 0.00625 
3 0.5423611111111111 0.2635416666666667 0.03194444444444444 0.035416666666666666 
3 0.33958333333333335 0.22083333333333333 0.0125 0.025 
5 0.38472222222222224 0.14791666666666667 0.008333333333333333 0.008333333333333333 
