3 0.5104166666666666 0.6822916666666666 0.24027777777777778 0.34791666666666665 
7 0.8097222222222222 0.42604166666666665 0.05277777777777778 0.08125 
3 0.6055555555555555 0.07291666666666667 0.05 0.025 
3 0.19166666666666668 0.209375 0.05277777777777778 0.05625 
3 0.7375 0.134375 0.03611111111111111 0.035416666666666666 
3 0.049305555555555554 0.39375 0.09861111111111111 0.175 
3 0.6145833333333334 0.43125 0.13472222222222222 0.17916666666666667 
3 0.7486111111111111 0.11145833333333334 0.030555555555555555 0.027083333333333334 
3 0.7145833333333333 0.22604166666666667 0.06805555555555555 0.08958333333333333 
7 0.7944444444444444 0.228125 0.022222222222222223 0.07291666666666667 
2 0.38055555555555554 0.21875 0.3388888888888889 0.3 
3 0.725 0.175 0.05 0.05416666666666667 
7 0.8166666666666667 0.4666666666666667 0.058333333333333334 0.11666666666666667 
