3 0.38333333333333336 0.22395833333333334 0.08055555555555556 0.052083333333333336 
3 0.9159722222222222 0.8083333333333333 0.15416666666666667 0.17916666666666667 
3 0.2881944444444444 0.18229166666666666 0.06805555555555555 0.03125 
8 0.6840277777777778 0.375 0.0875 0.06666666666666667 
9 0.13402777777777777 0.10104166666666667 0.0875 0.07291666666666667 
3 0.46458333333333335 0.25625 0.059722222222222225 0.05 
3 0.9604166666666667 0.5854166666666667 0.06527777777777778 0.05 
3 0.46875 0.5802083333333333 0.2708333333333333 0.28541666666666665 
3 0.8347222222222223 0.4895833333333333 0.075 0.0625 
3 0.5944444444444444 0.33958333333333335 0.075 0.05416666666666667 
3 0.23402777777777778 0.7 0.37083333333333335 0.45416666666666666 
8 0.5784722222222223 0.521875 0.2375 0.21458333333333332 
