3 0.5465277777777777 0.35625 0.10416666666666667 0.08333333333333333 
3 0.8666666666666667 0.3375 0.041666666666666664 0.07916666666666666 
3 0.8729166666666667 0.571875 0.09027777777777778 0.17708333333333334 
3 0.6972222222222222 0.33645833333333336 0.06388888888888888 0.08541666666666667 
3 0.38958333333333334 0.375 0.1125 0.08333333333333333 
8 0.7277777777777777 0.23645833333333333 0.03333333333333333 0.03958333333333333 
8 0.5618055555555556 0.2375 0.15138888888888888 0.13333333333333333 
3 0.1284722222222222 0.571875 0.15694444444444444 0.15625 
8 0.4354166666666667 0.6947916666666667 0.2902777777777778 0.35625 
3 0.2861111111111111 0.2864583333333333 0.041666666666666664 0.03125 
3 0.6680555555555555 0.20625 0.030555555555555555 0.029166666666666667 
3 0.8708333333333333 0.4239583333333333 0.058333333333333334 0.10625 
8 0.3402777777777778 0.35520833333333335 0.09722222222222222 0.08125 
