3 0.6270833333333333 0.109375 0.03194444444444444 0.03125 
5 0.7645833333333333 0.11770833333333333 0.02361111111111111 0.014583333333333334 
5 0.6680555555555555 0.0625 0.013888888888888888 0.0125 
3 0.7375 0.1875 0.044444444444444446 0.0625 
5 0.9402777777777778 0.459375 0.10555555555555556 0.15625 
5 0.6347222222222222 0.04895833333333333 0.013888888888888888 0.014583333333333334 
5 0.32916666666666666 0.053125 0.041666666666666664 0.027083333333333334 
2 0.8618055555555556 0.64375 0.27361111111111114 0.7041666666666667 
5 0.6284722222222222 0.07395833333333333 0.009722222222222222 0.014583333333333334 
5 0.675 0.09583333333333334 0.025 0.025 
5 0.75 0.10625 0.027777777777777776 0.020833333333333332 
3 0.7840277777777778 0.27708333333333335 0.0763888888888889 0.10416666666666667 
5 0.7840277777777778 0.15104166666666666 0.04027777777777778 0.03125 
3 0.9708333333333333 0.33229166666666665 0.030555555555555555 0.09791666666666667 
3 0.7916666666666666 0.2625 0.05 0.07083333333333333 
3 0.8395833333333333 0.3260416666666667 0.059722222222222225 0.08958333333333333 
3 0.7145833333333333 0.14479166666666668 0.034722222222222224 0.04375 
5 0.6729166666666667 0.059375 0.02361111111111111 0.014583333333333334 
5 0.8222222222222222 0.18020833333333333 0.044444444444444446 0.04791666666666667 
5 0.8680555555555556 0.2375 0.06388888888888888 0.06666666666666667 
5 0.3423611111111111 0.06770833333333333 0.04861111111111111 0.03958333333333333 
3 0.11875 0.20729166666666668 0.10138888888888889 0.09791666666666667 
8 0.6729166666666667 0.19479166666666667 0.07916666666666666 0.11041666666666666 
3 0.6361111111111111 0.13645833333333332 0.03333333333333333 0.04375 
3 0.9166666666666666 0.303125 0.06944444444444445 0.08541666666666667 
