3 0.9263888888888889 0.615625 0.13333333333333333 0.16458333333333333 
3 0.7381944444444445 0.32708333333333334 0.03194444444444444 0.04583333333333333 
3 0.8659722222222223 0.3854166666666667 0.05694444444444444 0.058333333333333334 
3 0.6993055555555555 0.34479166666666666 0.05138888888888889 0.052083333333333336 
9 0.325 0.6291666666666667 0.13333333333333333 0.175 
3 0.8416666666666667 0.35208333333333336 0.08611111111111111 0.05416666666666667 
3 0.9652777777777778 0.409375 0.044444444444444446 0.08541666666666667 
3 0.5819444444444445 0.4583333333333333 0.08611111111111111 0.07916666666666666 
5 0.9798611111111111 0.6875 0.0375 0.15 
3 0.7694444444444445 0.5177083333333333 0.125 0.11458333333333333 
3 0.5826388888888889 0.41041666666666665 0.11527777777777778 0.05416666666666667 
3 0.925 0.3958333333333333 0.05555555555555555 0.05 
3 0.5909722222222222 0.3260416666666667 0.06805555555555555 0.04791666666666667 
3 0.8395833333333333 0.559375 0.13194444444444445 0.14791666666666667 
3 0.6743055555555556 0.478125 0.11527777777777778 0.09375 
3 0.6131944444444445 0.390625 0.07083333333333333 0.04791666666666667 
