3 0.05138888888888889 0.39166666666666666 0.1 0.17083333333333334 
3 0.5118055555555555 0.675 0.2513888888888889 0.3458333333333333 
3 0.6611111111111111 0.140625 0.06666666666666667 0.07291666666666667 
3 0.6236111111111111 0.40520833333333334 0.13055555555555556 0.18125 
3 0.7680555555555556 0.058333333333333334 0.016666666666666666 0.025 
3 0.7166666666666667 0.21666666666666667 0.06388888888888888 0.09166666666666666 
3 0.6861111111111111 0.08229166666666667 0.027777777777777776 0.03125 
10 0.6597222222222222 0.05 0.044444444444444446 0.05 
2 0.3770833333333333 0.21666666666666667 0.3402777777777778 0.30416666666666664 
3 0.7381944444444445 0.13333333333333333 0.03194444444444444 0.04583333333333333 
3 0.6243055555555556 0.06354166666666666 0.0125 0.022916666666666665 
3 0.6041666666666666 0.06770833333333333 0.027777777777777776 0.027083333333333334 
3 0.6708333333333333 0.28020833333333334 0.08611111111111111 0.11041666666666666 
3 0.5694444444444444 0.08125 0.03888888888888889 0.05 
7 0.8020833333333334 0.36666666666666664 0.0375 0.10833333333333334 
3 0.7826388888888889 0.10416666666666667 0.05416666666666667 0.029166666666666667 
5 0.3402777777777778 0.9260416666666667 0.25 0.13958333333333334 
