3 0.4375 0.16041666666666668 0.03888888888888889 0.03333333333333333 
7 0.24583333333333332 0.35625 0.030555555555555555 0.08333333333333333 
7 0.33402777777777776 0.234375 0.015277777777777777 0.035416666666666666 
2 0.3159722222222222 0.43333333333333335 0.24027777777777778 0.4375 
3 0.875 0.6041666666666666 0.20555555555555555 0.17916666666666667 
7 0.36875 0.15625 0.0125 0.041666666666666664 
7 0.3173611111111111 0.259375 0.020833333333333332 0.03958333333333333 
7 0.39375 0.15208333333333332 0.015277777777777777 0.04583333333333333 
3 0.9270833333333334 0.75 0.13194444444444445 0.20416666666666666 
3 0.9298611111111111 0.9 0.10972222222222222 0.1875 
3 0.4270833333333333 0.20833333333333334 0.043055555555555555 0.05416666666666667 
