3 0.41805555555555557 0.31145833333333334 0.058333333333333334 0.03125 
3 0.3173611111111111 0.303125 0.04027777777777778 0.03125 
3 0.5409722222222222 0.328125 0.0875 0.03125 
3 0.22916666666666666 0.29791666666666666 0.022222222222222223 0.020833333333333332 
2 0.5284722222222222 0.47604166666666664 0.4013888888888889 0.3020833333333333 
3 0.25625 0.29583333333333334 0.0375 0.025 
2 0.2777777777777778 0.27708333333333335 0.06111111111111111 0.05 
2 0.17152777777777778 0.321875 0.05694444444444444 0.06041666666666667 
8 0.7319444444444444 0.37604166666666666 0.16111111111111112 0.10208333333333333 
2 0.5916666666666667 0.296875 0.21666666666666667 0.10625 
