3 0.875 0.052083333333333336 0.022222222222222223 0.020833333333333332 
3 0.6708333333333333 0.21979166666666666 0.10277777777777777 0.09791666666666667 
3 0.8597222222222223 0.075 0.025 0.025 
3 0.8902777777777777 0.04895833333333333 0.013888888888888888 0.014583333333333334 
3 0.8972222222222223 0.1125 0.03611111111111111 0.0375 
3 0.8506944444444444 0.08020833333333334 0.018055555555555554 0.027083333333333334 
3 0.6798611111111111 0.07395833333333333 0.04861111111111111 0.04375 
3 0.9055555555555556 0.041666666666666664 0.016666666666666666 0.020833333333333332 
3 0.8333333333333334 0.09166666666666666 0.03333333333333333 0.05 
3 0.75625 0.05416666666666667 0.04027777777777778 0.041666666666666664 
3 0.7951388888888888 0.11666666666666667 0.05416666666666667 0.06666666666666667 
3 0.8680555555555556 0.0625 0.019444444444444445 0.020833333333333332 
3 0.7645833333333333 0.15 0.05138888888888889 0.07083333333333333 
3 0.9152777777777777 0.071875 0.016666666666666666 0.022916666666666665 
