3 0.5131944444444444 0.6791666666666667 0.24305555555555555 0.3458333333333333 
3 0.30694444444444446 0.19375 0.12222222222222222 0.10416666666666667 
3 0.31319444444444444 0.38125 0.17916666666666667 0.175 
1 0.5409722222222222 0.28854166666666664 0.04583333333333333 0.11875 
1 0.49930555555555556 0.40520833333333334 0.05416666666666667 0.14791666666666667 
3 0.5958333333333333 0.07083333333333333 0.044444444444444446 0.041666666666666664 
3 0.7486111111111111 0.11145833333333334 0.03888888888888889 0.04791666666666667 
3 0.049305555555555554 0.39791666666666664 0.09861111111111111 0.1875 
3 0.7111111111111111 0.22291666666666668 0.06666666666666667 0.09166666666666666 
3 0.6138888888888889 0.43333333333333335 0.13333333333333333 0.1875 
3 0.4166666666666667 0.134375 0.08333333333333333 0.07708333333333334 
