5 0.28125 0.971875 0.14583333333333334 0.052083333333333336 
3 0.7270833333333333 0.15520833333333334 0.04583333333333333 0.05625 
3 0.5694444444444444 0.07291666666666667 0.05 0.04583333333333333 
3 0.5138888888888888 0.671875 0.24166666666666667 0.35625 
1 0.5833333333333334 0.24583333333333332 0.03611111111111111 0.10416666666666667 
3 0.21736111111111112 0.6260416666666667 0.27361111111111114 0.32708333333333334 
3 0.7069444444444445 0.190625 0.06388888888888888 0.06875 
2 0.3902777777777778 0.20416666666666666 0.31666666666666665 0.2833333333333333 
3 0.16805555555555557 0.2604166666666667 0.14166666666666666 0.16666666666666666 
3 0.6298611111111111 0.3489583333333333 0.13194444444444445 0.14791666666666667 
