3 0.6590277777777778 0.159375 0.05694444444444444 0.05625 
3 0.6298611111111111 0.37916666666666665 0.1375 0.16666666666666666 
3 0.71875 0.16770833333333332 0.04861111111111111 0.06458333333333334 
3 0.55625 0.075 0.05416666666666667 0.03333333333333333 
3 0.1798611111111111 0.265625 0.10972222222222222 0.16458333333333333 
3 0.6847222222222222 0.26979166666666665 0.09722222222222222 0.11041666666666666 
3 0.5951388888888889 0.08229166666666667 0.03194444444444444 0.027083333333333334 
2 0.4 0.22604166666666667 0.3277777777777778 0.29791666666666666 
3 0.6631944444444444 0.08541666666666667 0.034722222222222224 0.041666666666666664 
3 0.06180555555555556 0.39791666666666664 0.11805555555555555 0.18333333333333332 
3 0.7131944444444445 0.20416666666666666 0.05138888888888889 0.0625 
3 0.7395833333333334 0.13541666666666666 0.02361111111111111 0.04583333333333333 
5 0.27847222222222223 0.9708333333333333 0.12916666666666668 0.04583333333333333 
3 0.4548611111111111 0.796875 0.2652777777777778 0.38125 
