3 0.12152777777777778 0.26666666666666666 0.034722222222222224 0.0375 
3 0.19305555555555556 0.296875 0.07777777777777778 0.03125 
2 0.12361111111111112 0.5260416666666666 0.24722222222222223 0.4395833333333333 
3 0.058333333333333334 0.26458333333333334 0.044444444444444446 0.041666666666666664 
3 0.25763888888888886 0.21666666666666667 0.034722222222222224 0.0375 
3 0.1625 0.2625 0.06944444444444445 0.05 
3 0.3423611111111111 0.20833333333333334 0.04583333333333333 0.03333333333333333 
3 0.5479166666666667 0.17604166666666668 0.03194444444444444 0.027083333333333334 
5 0.025 0.35 0.05 0.05 
3 0.2986111111111111 0.24270833333333333 0.06111111111111111 0.04791666666666667 
3 0.21666666666666667 0.21666666666666667 0.041666666666666664 0.0375 
5 0.01597222222222222 0.4010416666666667 0.03194444444444444 0.04791666666666667 
