3 0.6708333333333333 0.16458333333333333 0.08333333333333333 0.16666666666666666 
8 0.7631944444444444 0.21770833333333334 0.08194444444444444 0.08958333333333333 
3 0.6694444444444444 0.065625 0.027777777777777776 0.022916666666666665 
3 0.7479166666666667 0.36666666666666664 0.12083333333333333 0.225 
3 0.8347222222222223 0.340625 0.09722222222222222 0.13125 
5 0.6611111111111111 0.07916666666666666 0.027777777777777776 0.020833333333333332 
3 0.6215277777777778 0.103125 0.020833333333333332 0.03125 
5 0.6152777777777778 0.057291666666666664 0.03888888888888889 0.052083333333333336 
3 0.36875 0.3 0.16527777777777777 0.15833333333333333 
8 0.8875 0.7447916666666666 0.2111111111111111 0.49375 
5 0.3506944444444444 0.04791666666666667 0.029166666666666667 0.016666666666666666 
5 0.31319444444444444 0.05625 0.03194444444444444 0.020833333333333332 
5 0.44305555555555554 0.04791666666666667 0.03611111111111111 0.025 
5 0.3368055555555556 0.053125 0.029166666666666667 0.014583333333333334 
