8 0.45069444444444445 0.328125 0.0763888888888889 0.06458333333333334 
3 0.8736111111111111 0.4239583333333333 0.06388888888888888 0.10208333333333333 
9 0.6284722222222222 0.22083333333333333 0.04861111111111111 0.05416666666666667 
3 0.3472222222222222 0.353125 0.08055555555555556 0.05625 
3 0.8729166666666667 0.5708333333333333 0.09027777777777778 0.16666666666666666 
3 0.2965277777777778 0.28229166666666666 0.04583333333333333 0.03125 
8 0.7430555555555556 0.27291666666666664 0.05 0.058333333333333334 
3 0.6375 0.2989583333333333 0.058333333333333334 0.052083333333333336 
3 0.5833333333333334 0.26458333333333334 0.044444444444444446 0.041666666666666664 
3 0.3215277777777778 0.6041666666666666 0.18194444444444444 0.175 
3 0.3472222222222222 0.409375 0.1111111111111111 0.09375 
5 0.19583333333333333 0.95 0.2388888888888889 0.09583333333333334 
3 0.86875 0.33958333333333335 0.05416666666666667 0.07916666666666666 
3 0.08194444444444444 0.6104166666666667 0.14722222222222223 0.175 
