5 0.38263888888888886 0.171875 0.009722222222222222 0.027083333333333334 
5 0.3597222222222222 0.171875 0.013888888888888888 0.014583333333333334 
3 0.3229166666666667 0.7510416666666667 0.08472222222222223 0.23125 
5 0.3645833333333333 0.128125 0.009722222222222222 0.00625 
5 0.39166666666666666 0.10104166666666667 0.005555555555555556 0.00625 
0 0.53125 0.16770833333333332 0.0625 0.08958333333333333 
5 0.45208333333333334 0.13645833333333332 0.02638888888888889 0.014583333333333334 
5 0.9506944444444444 0.9260416666666667 0.0875 0.13958333333333334 
3 0.37222222222222223 0.225 0.016666666666666666 0.041666666666666664 
5 0.3854166666666667 0.10104166666666667 0.0125 0.00625 
3 0.075 0.628125 0.06111111111111111 0.11875 
5 0.3819444444444444 0.11875 0.005555555555555556 0.008333333333333333 
3 0.36041666666666666 0.309375 0.034722222222222224 0.05625 
5 0.35138888888888886 0.153125 0.011111111111111112 0.014583333333333334 
3 0.3145833333333333 0.21666666666666667 0.018055555555555554 0.025 
3 0.31805555555555554 0.26979166666666665 0.027777777777777776 0.04375 
5 0.39166666666666666 0.11666666666666667 0.013888888888888888 0.004166666666666667 
3 0.2590277777777778 0.28020833333333334 0.02638888888888889 0.035416666666666666 
5 0.37569444444444444 0.13125 0.009722222222222222 0.0125 
3 0.1638888888888889 0.9020833333333333 0.08055555555555556 0.1875 
5 0.3875 0.14375 0.008333333333333333 0.0125 
5 0.4166666666666667 0.11875 0.008333333333333333 0.008333333333333333 
5 0.38958333333333334 0.13020833333333334 0.004166666666666667 0.010416666666666666 
10 0.05277777777777778 0.8604166666666667 0.07222222222222222 0.22083333333333333 
5 0.4222222222222222 0.09375 0.002777777777777778 0.008333333333333333 
5 0.42569444444444443 0.11354166666666667 0.009722222222222222 0.010416666666666666 
