3 0.75625 0.33541666666666664 0.05138888888888889 0.05 
3 0.8097222222222222 0.3489583333333333 0.05277777777777778 0.04791666666666667 
3 0.8958333333333334 0.384375 0.06666666666666667 0.05625 
3 0.5993055555555555 0.32083333333333336 0.06805555555555555 0.04583333333333333 
3 0.6791666666666667 0.471875 0.11944444444444445 0.10208333333333333 
3 0.8986111111111111 0.6197916666666666 0.16944444444444445 0.17291666666666666 
3 0.7284722222222222 0.525 0.15138888888888888 0.11666666666666667 
3 0.5881944444444445 0.43020833333333336 0.10972222222222222 0.052083333333333336 
3 0.9368055555555556 0.39895833333333336 0.06805555555555555 0.06875 
3 0.6902777777777778 0.32916666666666666 0.05555555555555555 0.05 
3 0.9576388888888889 0.6895833333333333 0.07361111111111111 0.16666666666666666 
3 0.8465277777777778 0.3614583333333333 0.08472222222222223 0.06875 
3 0.8083333333333333 0.5572916666666666 0.1527777777777778 0.15208333333333332 
4 0.3 0.76875 0.06666666666666667 0.14583333333333334 
3 0.58125 0.471875 0.1486111111111111 0.08958333333333333 
3 0.9701388888888889 0.41875 0.05416666666666667 0.08333333333333333 
