3 0.7590277777777777 0.346875 0.043055555555555555 0.04791666666666667 
3 0.7430555555555556 0.5041666666666667 0.15555555555555556 0.1375 
3 0.9534722222222223 0.4114583333333333 0.06527777777777778 0.08125 
3 0.5847222222222223 0.4552083333333333 0.10555555555555556 0.07708333333333334 
3 0.8166666666666667 0.5635416666666667 0.12777777777777777 0.13125 
3 0.7930555555555555 0.35625 0.05277777777777778 0.04583333333333333 
3 0.5875 0.4166666666666667 0.125 0.0625 
3 0.9423611111111111 0.6604166666666667 0.10694444444444444 0.17916666666666667 
3 0.5819444444444445 0.33125 0.06944444444444445 0.05416666666666667 
3 0.8444444444444444 0.36875 0.08055555555555556 0.0625 
3 0.6548611111111111 0.4822916666666667 0.11527777777777778 0.09791666666666667 
3 0.9194444444444444 0.38229166666666664 0.06388888888888888 0.06458333333333334 
3 0.8993055555555556 0.5885416666666666 0.14305555555555555 0.16041666666666668 
3 0.2743055555555556 0.8739583333333333 0.17083333333333334 0.24791666666666667 
