3 0.5986111111111111 0.321875 0.06111111111111111 0.03958333333333333 
3 0.93125 0.4 0.059722222222222225 0.058333333333333334 
3 0.9597222222222223 0.6875 0.06666666666666667 0.15416666666666667 
3 0.5909722222222222 0.4270833333333333 0.1125 0.05416666666666667 
3 0.8097222222222222 0.5572916666666666 0.1388888888888889 0.14791666666666667 
3 0.9006944444444445 0.6145833333333334 0.16805555555555557 0.17083333333333334 
3 0.68125 0.46979166666666666 0.12361111111111112 0.09791666666666667 
3 0.3034722222222222 0.3875 0.05416666666666667 0.03333333333333333 
3 0.9666666666666667 0.41875 0.05555555555555555 0.07083333333333333 
8 0.20555555555555555 0.7958333333333333 0.1638888888888889 0.20833333333333334 
3 0.8951388888888889 0.38229166666666664 0.06527777777777778 0.052083333333333336 
3 0.8444444444444444 0.36354166666666665 0.06944444444444445 0.05625 
3 0.5833333333333334 0.4739583333333333 0.14722222222222223 0.08125 
2 0.49166666666666664 0.3125 0.19722222222222222 0.1125 
3 0.7243055555555555 0.5239583333333333 0.1486111111111111 0.10625 
