5 0.025694444444444443 0.10625 0.015277777777777777 0.016666666666666666 
3 0.12638888888888888 0.171875 0.05 0.05625 
5 0.1597222222222222 0.975 0.10833333333333334 0.041666666666666664 
7 0.05763888888888889 0.23020833333333332 0.02361111111111111 0.07291666666666667 
5 0.11041666666666666 0.121875 0.029166666666666667 0.035416666666666666 
5 0.19583333333333333 0.05625 0.041666666666666664 0.03333333333333333 
5 0.14097222222222222 0.078125 0.034722222222222224 0.035416666666666666 
5 0.044444444444444446 0.103125 0.013888888888888888 0.014583333333333334 
5 0.06041666666666667 0.10729166666666666 0.018055555555555554 0.01875 
3 0.8416666666666667 0.5291666666666667 0.2861111111111111 0.2833333333333333 
3 0.24513888888888888 0.15729166666666666 0.0763888888888889 0.06875 
