3 0.8729166666666667 0.5739583333333333 0.09027777777777778 0.17708333333333334 
3 0.6055555555555555 0.21979166666666666 0.03333333333333333 0.027083333333333334 
3 0.5673611111111111 0.2708333333333333 0.05694444444444444 0.041666666666666664 
3 0.4465277777777778 0.33125 0.09305555555555556 0.0875 
3 0.45069444444444445 0.4708333333333333 0.15138888888888888 0.1375 
3 0.8715277777777778 0.428125 0.06527777777777778 0.10208333333333333 
3 0.5152777777777777 0.29791666666666666 0.05277777777777778 0.05 
0 0.33958333333333335 0.3385416666666667 0.26805555555555555 0.23541666666666666 
0 0.6625 0.196875 0.06666666666666667 0.07291666666666667 
5 0.7833333333333333 0.19270833333333334 0.06111111111111111 0.05625 
3 0.34444444444444444 0.4 0.08888888888888889 0.08333333333333333 
3 0.8652777777777778 0.3375 0.05277777777777778 0.075 
6 0.1125 0.5072916666666667 0.2222222222222222 0.29791666666666666 
