3 0.5777777777777777 0.38645833333333335 0.11666666666666667 0.04375 
5 0.9729166666666667 0.703125 0.043055555555555555 0.13125 
3 0.9291666666666667 0.40208333333333335 0.058333333333333334 0.05416666666666667 
3 0.5833333333333334 0.42604166666666665 0.125 0.07708333333333334 
3 0.6708333333333333 0.48020833333333335 0.125 0.09791666666666667 
3 0.5909722222222222 0.3229166666666667 0.07361111111111111 0.05416666666666667 
3 0.5861111111111111 0.45625 0.09722222222222222 0.07916666666666666 
3 0.9201388888888888 0.628125 0.1375 0.15625 
3 0.96875 0.421875 0.04027777777777778 0.07708333333333334 
3 0.25833333333333336 0.415625 0.06666666666666667 0.04791666666666667 
3 0.8590277777777777 0.434375 0.10694444444444444 0.08958333333333333 
3 0.7666666666666667 0.5197916666666667 0.1361111111111111 0.12291666666666666 
10 0.8381944444444445 0.359375 0.09583333333333334 0.06458333333333334 
3 0.8111111111111111 0.3072916666666667 0.06388888888888888 0.04791666666666667 
3 0.7361111111111112 0.33229166666666665 0.04722222222222222 0.04791666666666667 
3 0.6951388888888889 0.3385416666666667 0.043055555555555555 0.04375 
3 0.8354166666666667 0.571875 0.14305555555555555 0.14375 
3 0.31319444444444444 0.7979166666666667 0.14583333333333334 0.2375 
3 0.8673611111111111 0.38645833333333335 0.059722222222222225 0.04375 
