0 0.6840277777777778 0.18854166666666666 0.0625 0.07291666666666667 
3 0.3680555555555556 0.3458333333333333 0.08611111111111111 0.07083333333333333 
3 0.74375 0.21875 0.02361111111111111 0.029166666666666667 
3 0.63125 0.225 0.0375 0.0375 
3 0.8659722222222223 0.3375 0.05138888888888889 0.07916666666666666 
3 0.7979166666666667 0.20833333333333334 0.02638888888888889 0.016666666666666666 
3 0.8743055555555556 0.5697916666666667 0.09305555555555556 0.17291666666666666 
3 0.5 0.6604166666666667 0.17777777777777778 0.2125 
3 0.8736111111111111 0.41875 0.06666666666666667 0.10416666666666667 
3 0.42916666666666664 0.5020833333333333 0.14166666666666666 0.125 
3 0.46041666666666664 0.325 0.08472222222222223 0.06666666666666667 
9 0.5784722222222223 0.24375 0.07361111111111111 0.07916666666666666 
3 0.1875 0.5197916666666667 0.125 0.14375 
