3 0.6951388888888889 0.32916666666666666 0.06527777777777778 0.058333333333333334 
3 0.5833333333333334 0.309375 0.08055555555555556 0.03958333333333333 
3 0.5868055555555556 0.44375 0.09305555555555556 0.07083333333333333 
3 0.76875 0.5052083333333334 0.13472222222222222 0.12291666666666666 
3 0.8375 0.55 0.1361111111111111 0.15416666666666667 
3 0.96875 0.396875 0.04861111111111111 0.08958333333333333 
3 0.5861111111111111 0.4114583333333333 0.125 0.05625 
3 0.86875 0.37083333333333335 0.07083333333333333 0.07083333333333333 
3 0.6743055555555556 0.4666666666666667 0.12916666666666668 0.09166666666666666 
3 0.6152777777777778 0.37604166666666666 0.08055555555555556 0.04791666666666667 
3 0.4083333333333333 0.43020833333333336 0.08333333333333333 0.09791666666666667 
5 0.9715277777777778 0.6833333333333333 0.04861111111111111 0.13333333333333333 
3 0.8333333333333334 0.340625 0.09166666666666666 0.07291666666666667 
3 0.6493055555555556 0.3416666666666667 0.0763888888888889 0.0625 
3 0.9305555555555556 0.3802083333333333 0.06944444444444445 0.06875 
3 0.9229166666666667 0.6072916666666667 0.14305555555555555 0.17291666666666666 
3 0.7354166666666667 0.31145833333333334 0.04861111111111111 0.04791666666666667 
