2 0.2048611111111111 0.303125 0.3736111111111111 0.21875 
10 0.7138888888888889 0.2864583333333333 0.11944444444444445 0.08125 
5 0.3486111111111111 0.984375 0.125 0.027083333333333334 
7 0.8520833333333333 0.40208333333333335 0.02638888888888889 0.0875 
3 0.8944444444444445 0.26458333333333334 0.06388888888888888 0.0375 
3 0.46041666666666664 0.8010416666666667 0.19027777777777777 0.28958333333333336 
3 0.46875 0.25833333333333336 0.0625 0.058333333333333334 
3 0.6256944444444444 0.25833333333333336 0.059722222222222225 0.04583333333333333 
9 0.029861111111111113 0.621875 0.059722222222222225 0.19375 
9 0.7381944444444445 0.21770833333333334 0.14583333333333334 0.09375 
3 0.8486111111111111 0.2520833333333333 0.044444444444444446 0.029166666666666667 
