3 0.6715277777777777 0.28958333333333336 0.04861111111111111 0.016666666666666666 
3 0.9402777777777778 0.75625 0.10555555555555556 0.21666666666666667 
3 0.7645833333333333 0.3458333333333333 0.05138888888888889 0.041666666666666664 
4 0.6201388888888889 0.36354166666666665 0.02361111111111111 0.03125 
3 0.7048611111111112 0.30625 0.08194444444444444 0.03333333333333333 
3 0.8819444444444444 0.3489583333333333 0.05 0.03125 
3 0.8416666666666667 0.33645833333333336 0.041666666666666664 0.027083333333333334 
3 0.7333333333333333 0.33541666666666664 0.03611111111111111 0.025 
3 0.5548611111111111 0.31979166666666664 0.03194444444444444 0.035416666666666666 
3 0.5777777777777777 0.36875 0.05 0.04583333333333333 
7 0.09583333333333334 0.5625 0.030555555555555555 0.06666666666666667 
3 0.9090277777777778 0.3614583333333333 0.043055555555555555 0.03125 
7 0.06527777777777778 0.6010416666666667 0.030555555555555555 0.08541666666666667 
2 0.5590277777777778 0.5979166666666667 0.30972222222222223 0.4583333333333333 
3 0.9527777777777777 0.37604166666666666 0.044444444444444446 0.035416666666666666 
3 0.75625 0.29270833333333335 0.04861111111111111 0.01875 
5 0.4305555555555556 0.28125 0.030555555555555555 0.04583333333333333 
5 0.49930555555555556 0.30833333333333335 0.034722222222222224 0.075 
