3 0.38680555555555557 0.525 0.10694444444444444 0.12083333333333333 
3 0.9263888888888889 0.4 0.06111111111111111 0.05416666666666667 
3 0.5888888888888889 0.42916666666666664 0.12777777777777777 0.07916666666666666 
3 0.36875 0.715625 0.1375 0.20208333333333334 
3 0.48125 0.375 0.059722222222222225 0.06666666666666667 
3 0.6673611111111111 0.27708333333333335 0.043055555555555555 0.029166666666666667 
3 0.9680555555555556 0.4197916666666667 0.044444444444444446 0.08125 
3 0.9729166666666667 0.6958333333333333 0.0375 0.14166666666666666 
3 0.6701388888888888 0.478125 0.12638888888888888 0.09375 
5 0.29791666666666666 0.9666666666666667 0.15416666666666667 0.058333333333333334 
7 0.46805555555555556 0.4395833333333333 0.016666666666666666 0.06666666666666667 
3 0.8375 0.5635416666666667 0.14166666666666666 0.15625 
10 0.10625 0.834375 0.20972222222222223 0.3229166666666667 
3 0.7708333333333334 0.5229166666666667 0.1361111111111111 0.125 
3 0.8722222222222222 0.38645833333333335 0.07222222222222222 0.06041666666666667 
3 0.9222222222222223 0.6302083333333334 0.1388888888888889 0.16041666666666668 
3 0.42986111111111114 0.44375 0.05694444444444444 0.07916666666666666 
3 0.5861111111111111 0.325 0.07777777777777778 0.04583333333333333 
3 0.6958333333333333 0.34270833333333334 0.04722222222222222 0.03958333333333333 
3 0.8402777777777778 0.3625 0.10277777777777777 0.075 
3 0.5868055555555556 0.459375 0.09583333333333334 0.07291666666666667 
7 0.26319444444444445 0.4041666666666667 0.0125 0.041666666666666664 
3 0.7298611111111111 0.33229166666666665 0.04027777777777778 0.04791666666666667 
3 0.5770833333333333 0.39166666666666666 0.10972222222222222 0.041666666666666664 
