3 0.90625 0.16041666666666668 0.07083333333333333 0.05 
3 0.9652777777777778 0.159375 0.03333333333333333 0.03125 
3 0.875 0.13333333333333333 0.05277777777777778 0.03333333333333333 
3 0.0875 0.15729166666666666 0.075 0.052083333333333336 
3 0.9416666666666667 0.134375 0.03611111111111111 0.035416666666666666 
3 0.7833333333333333 0.075 0.041666666666666664 0.029166666666666667 
3 0.7583333333333333 0.0625 0.03888888888888889 0.025 
5 0.23958333333333334 0.04479166666666667 0.03194444444444444 0.027083333333333334 
3 0.6666666666666666 0.16354166666666667 0.12777777777777777 0.06875 
3 0.90625 0.11041666666666666 0.0375 0.029166666666666667 
3 0.8173611111111111 0.09375 0.059722222222222225 0.0375 
3 0.8916666666666667 0.584375 0.18888888888888888 0.18541666666666667 
3 0.8486111111111111 0.12083333333333333 0.03611111111111111 0.029166666666666667 
