3 0.63125 0.23958333333333334 0.0625 0.04583333333333333 
3 0.5798611111111112 0.22395833333333334 0.05694444444444444 0.04375 
7 0.5166666666666667 0.49583333333333335 0.030555555555555555 0.11666666666666667 
7 0.38472222222222224 0.5145833333333333 0.03888888888888889 0.15416666666666667 
7 0.48055555555555557 0.44479166666666664 0.03611111111111111 0.08541666666666667 
3 0.7298611111111111 0.26875 0.07083333333333333 0.06666666666666667 
7 0.4756944444444444 0.5302083333333333 0.04583333333333333 0.11458333333333333 
3 0.64375 0.684375 0.19305555555555556 0.27291666666666664 
3 0.5472222222222223 0.2125 0.06666666666666667 0.05416666666666667 
10 0.28194444444444444 0.215625 0.06944444444444445 0.052083333333333336 
