3 0.8118055555555556 0.35208333333333336 0.05138888888888889 0.05 
3 0.6902777777777778 0.32916666666666666 0.05555555555555555 0.04583333333333333 
5 0.9597222222222223 0.6864583333333333 0.07222222222222222 0.16875 
3 0.6791666666666667 0.46875 0.11666666666666667 0.10416666666666667 
3 0.8993055555555556 0.6166666666666667 0.16805555555555557 0.17083333333333334 
10 0.325 0.43645833333333334 0.08888888888888889 0.11875 
5 0.0798611111111111 0.4083333333333333 0.029166666666666667 0.0375 
3 0.5798611111111112 0.471875 0.14305555555555555 0.08958333333333333 
3 0.5909722222222222 0.43333333333333335 0.11805555555555555 0.05416666666666667 
5 0.12777777777777777 0.39479166666666665 0.03333333333333333 0.03125 
3 0.725 0.5270833333333333 0.14166666666666666 0.1125 
3 0.7611111111111111 0.3385416666666667 0.058333333333333334 0.06041666666666667 
9 0.43680555555555556 0.365625 0.09861111111111111 0.12708333333333333 
3 0.5854166666666667 0.3229166666666667 0.043055555555555555 0.041666666666666664 
3 0.8090277777777778 0.559375 0.15416666666666667 0.15208333333333332 
3 0.9388888888888889 0.4 0.06944444444444445 0.07083333333333333 
3 0.9659722222222222 0.3229166666666667 0.05138888888888889 0.041666666666666664 
3 0.39652777777777776 0.47604166666666664 0.07361111111111111 0.07708333333333334 
3 0.8965277777777778 0.3802083333333333 0.0625 0.07291666666666667 
3 0.8444444444444444 0.3625 0.075 0.06666666666666667 
3 0.9645833333333333 0.41875 0.05138888888888889 0.0875 
