3 0.9486111111111111 0.38645833333333335 0.03611111111111111 0.03958333333333333 
3 0.5618055555555556 0.3177083333333333 0.0375 0.04375 
2 0.44166666666666665 0.47604166666666664 0.18611111111111112 0.2604166666666667 
3 0.5298611111111111 0.28229166666666666 0.018055555555555554 0.01875 
7 0.10902777777777778 0.4875 0.029166666666666667 0.10833333333333334 
10 0.8625 0.6020833333333333 0.15 0.20833333333333334 
3 0.5041666666666667 0.3020833333333333 0.025 0.025 
3 0.8006944444444445 0.36354166666666665 0.04861111111111111 0.035416666666666666 
7 0.024305555555555556 0.6302083333333334 0.020833333333333332 0.08958333333333333 
3 0.7756944444444445 0.3489583333333333 0.05416666666666667 0.03958333333333333 
3 0.7305555555555555 0.325 0.041666666666666664 0.0375 
3 0.7590277777777777 0.3302083333333333 0.05416666666666667 0.027083333333333334 
3 0.8486111111111111 0.8885416666666667 0.22777777777777777 0.21458333333333332 
3 0.9784722222222222 0.39166666666666666 0.029166666666666667 0.05416666666666667 
3 0.6916666666666667 0.43125 0.07777777777777778 0.0875 
7 0.14027777777777778 0.475 0.022222222222222223 0.07083333333333333 
