5 0.2625 0.234375 0.019444444444444445 0.014583333333333334 
3 0.12569444444444444 0.8447916666666667 0.2125 0.3020833333333333 
5 0.40347222222222223 0.2 0.018055555555555554 0.0125 
5 0.2861111111111111 0.203125 0.008333333333333333 0.010416666666666666 
3 0.2847222222222222 0.440625 0.09722222222222222 0.15208333333333332 
3 0.2625 0.2708333333333333 0.03611111111111111 0.03333333333333333 
5 0.39375 0.246875 0.018055555555555554 0.027083333333333334 
3 0.23125 0.259375 0.020833333333333332 0.035416666666666666 
3 0.8645833333333334 0.5354166666666667 0.1486111111111111 0.15833333333333333 
5 0.3638888888888889 0.2833333333333333 0.041666666666666664 0.05416666666666667 
5 0.4131944444444444 0.15208333333333332 0.0125 0.025 
3 0.22361111111111112 0.3229166666666667 0.041666666666666664 0.0625 
3 0.1361111111111111 0.4375 0.08055555555555556 0.10416666666666667 
5 0.40694444444444444 0.17916666666666667 0.011111111111111112 0.0125 
5 0.39305555555555555 0.221875 0.025 0.014583333333333334 
5 0.2777777777777778 0.1875 0.016666666666666666 0.020833333333333332 
5 0.3020833333333333 0.225 0.015277777777777777 0.020833333333333332 
5 0.2465277777777778 0.18541666666666667 0.015277777777777777 0.016666666666666666 
3 0.14097222222222222 0.36875 0.06805555555555555 0.0625 
5 0.016666666666666666 0.5572916666666666 0.03333333333333333 0.13541666666666666 
5 0.2743055555555556 0.21666666666666667 0.0125 0.008333333333333333 
3 0.19444444444444445 0.30416666666666664 0.03611111111111111 0.05416666666666667 
5 0.28402777777777777 0.246875 0.015277777777777777 0.027083333333333334 
