5 0.03611111111111111 0.6239583333333333 0.06388888888888888 0.20208333333333334 
3 0.5416666666666666 0.25416666666666665 0.075 0.05 
7 0.7506944444444444 0.28020833333333334 0.009722222222222222 0.05625 
3 0.9159722222222222 0.28125 0.05694444444444444 0.0375 
3 0.7013888888888888 0.25104166666666666 0.08055555555555556 0.035416666666666666 
7 0.8111111111111111 0.2947916666666667 0.011111111111111112 0.04375 
7 0.09375 0.48854166666666665 0.029166666666666667 0.09375 
7 0.1125 0.47708333333333336 0.027777777777777776 0.1 
7 0.09027777777777778 0.5427083333333333 0.041666666666666664 0.09375 
2 0.4097222222222222 0.21041666666666667 0.24166666666666667 0.11666666666666667 
7 0.6541666666666667 0.43020833333333336 0.025 0.08541666666666667 
5 0.16180555555555556 0.33958333333333335 0.02638888888888889 0.041666666666666664 
7 0.7638888888888888 0.2833333333333333 0.011111111111111112 0.04583333333333333 
3 0.5173611111111112 0.3072916666666667 0.09861111111111111 0.06458333333333334 
7 0.2263888888888889 0.428125 0.019444444444444445 0.06875 
7 0.7826388888888889 0.28958333333333336 0.006944444444444444 0.058333333333333334 
7 0.8243055555555555 0.2989583333333333 0.0125 0.052083333333333336 
7 0.26944444444444443 0.4625 0.03333333333333333 0.0875 
7 0.24097222222222223 0.521875 0.04027777777777778 0.11041666666666666 
3 0.4625 0.8145833333333333 0.19444444444444445 0.3 
2 0.0798611111111111 0.3333333333333333 0.1597222222222222 0.1875 
3 0.21319444444444444 0.3854166666666667 0.10416666666666667 0.07916666666666666 
