5 0.3958333333333333 0.21979166666666666 0.022222222222222223 0.014583333333333334 
3 0.14375 0.42916666666666664 0.08194444444444444 0.125 
3 0.2548611111111111 0.28125 0.029166666666666667 0.041666666666666664 
5 0.3 0.20625 0.019444444444444445 0.016666666666666666 
5 0.2673611111111111 0.18541666666666667 0.029166666666666667 0.029166666666666667 
5 0.36736111111111114 0.27708333333333335 0.04027777777777778 0.05416666666666667 
3 0.28958333333333336 0.2375 0.02361111111111111 0.0375 
5 0.4111111111111111 0.171875 0.016666666666666666 0.014583333333333334 
5 0.30069444444444443 0.18958333333333333 0.02638888888888889 0.020833333333333332 
3 0.23333333333333334 0.26875 0.022222222222222223 0.0375 
5 0.4076388888888889 0.19166666666666668 0.02638888888888889 0.025 
5 0.2638888888888889 0.228125 0.016666666666666666 0.014583333333333334 
3 0.26180555555555557 0.24479166666666666 0.015277777777777777 0.01875 
3 0.23472222222222222 0.56875 0.13055555555555556 0.20833333333333334 
3 0.19930555555555557 0.328125 0.05694444444444444 0.09375 
5 0.022222222222222223 0.5760416666666667 0.044444444444444446 0.11875 
