8 0.48194444444444445 0.08854166666666667 0.06111111111111111 0.03125 
5 0.09444444444444444 0.8614583333333333 0.18888888888888888 0.26458333333333334 
3 0.15347222222222223 0.11770833333333333 0.07083333333333333 0.027083333333333334 
3 0.09652777777777778 0.15104166666666666 0.07916666666666666 0.035416666666666666 
2 0.6368055555555555 0.29375 0.4930555555555556 0.25416666666666665 
3 0.6625 0.884375 0.6111111111111112 0.21875 
3 0.02847222222222222 0.19375 0.04583333333333333 0.041666666666666664 
3 0.6229166666666667 0.12708333333333333 0.05416666666666667 0.0375 
3 0.04375 0.17291666666666666 0.07083333333333333 0.0375 
3 0.6951388888888889 0.12916666666666668 0.04583333333333333 0.041666666666666664 
