3 0.7173611111111111 0.2989583333333333 0.23194444444444445 0.13541666666666666 
2 0.14375 0.5947916666666667 0.2875 0.8020833333333334 
3 0.6409722222222223 0.08020833333333334 0.11527777777777778 0.052083333333333336 
3 0.6451388888888889 0.13020833333333334 0.17083333333333334 0.10208333333333333 
3 0.6569444444444444 0.065625 0.08611111111111111 0.035416666666666666 
3 0.33194444444444443 0.571875 0.20833333333333334 0.3729166666666667 
3 0.6881944444444444 0.215625 0.20416666666666666 0.09791666666666667 
3 0.2263888888888889 0.17395833333333333 0.08611111111111111 0.05625 
3 0.3402777777777778 0.07604166666666666 0.06388888888888888 0.06041666666666667 
3 0.7354166666666667 0.44895833333333335 0.2902777777777778 0.23125 
3 0.6138888888888889 0.03958333333333333 0.05555555555555555 0.020833333333333332 
3 0.6430555555555556 0.0375 0.09166666666666666 0.0375 
