3 0.7791666666666667 0.2125 0.025 0.03333333333333333 
3 0.64375 0.20416666666666666 0.02638888888888889 0.016666666666666666 
0 0.3215277777777778 0.378125 0.37083333333333335 0.33958333333333335 
3 0.6659722222222222 0.196875 0.018055555555555554 0.014583333333333334 
3 0.27569444444444446 0.278125 0.029166666666666667 0.014583333333333334 
3 0.7576388888888889 0.259375 0.043055555555555555 0.03958333333333333 
3 0.8722222222222222 0.5677083333333334 0.09444444444444444 0.17291666666666666 
3 0.7527777777777778 0.203125 0.022222222222222223 0.027083333333333334 
3 0.6166666666666667 0.434375 0.10833333333333334 0.11041666666666666 
3 0.5972222222222222 0.23958333333333334 0.05555555555555555 0.05416666666666667 
3 0.8645833333333334 0.3333333333333333 0.059722222222222225 0.07916666666666666 
3 0.6979166666666666 0.19791666666666666 0.020833333333333332 0.025 
3 0.5104166666666666 0.26666666666666666 0.020833333333333332 0.029166666666666667 
3 0.8729166666666667 0.42083333333333334 0.0625 0.10416666666666667 
