3 0.29791666666666666 0.8541666666666666 0.16805555555555557 0.2708333333333333 
3 0.6138888888888889 0.384375 0.06388888888888888 0.03125 
5 0.9722222222222222 0.68125 0.041666666666666664 0.12083333333333333 
3 0.5923611111111111 0.4479166666666667 0.09305555555555556 0.075 
3 0.6743055555555556 0.4708333333333333 0.12916666666666668 0.09583333333333334 
3 0.9236111111111112 0.6145833333333334 0.1388888888888889 0.15833333333333333 
3 0.96875 0.4041666666666667 0.04583333333333333 0.0875 
3 0.7 0.33125 0.04722222222222222 0.05416666666666667 
3 0.76875 0.509375 0.1375 0.12291666666666666 
3 0.8388888888888889 0.5541666666666667 0.1388888888888889 0.14583333333333334 
5 0.6444444444444445 0.340625 0.06944444444444445 0.04791666666666667 
3 0.9326388888888889 0.3885416666666667 0.06527777777777778 0.052083333333333336 
3 0.5895833333333333 0.42083333333333334 0.1375 0.07916666666666666 
3 0.8361111111111111 0.34375 0.10277777777777777 0.07083333333333333 
3 0.8743055555555556 0.371875 0.07361111111111111 0.06458333333333334 
8 0.7347222222222223 0.31875 0.041666666666666664 0.05 
3 0.5840277777777778 0.315625 0.0875 0.04791666666666667 
