3 0.1951388888888889 0.6072916666666667 0.15694444444444444 0.24375 
3 0.2604166666666667 0.271875 0.03194444444444444 0.04791666666666667 
5 0.6263888888888889 0.2375 0.03333333333333333 0.04583333333333333 
3 0.0625 0.4864583333333333 0.08888888888888889 0.11875 
3 0.1875 0.3729166666666667 0.06944444444444445 0.09583333333333334 
5 0.59375 0.20625 0.020833333333333332 0.025 
3 0.20069444444444445 0.303125 0.04861111111111111 0.05625 
5 0.28402777777777777 0.20208333333333334 0.0125 0.020833333333333332 
5 0.2861111111111111 0.21875 0.016666666666666666 0.020833333333333332 
5 0.37569444444444444 0.25729166666666664 0.04583333333333333 0.035416666666666666 
5 0.24930555555555556 0.25 0.029166666666666667 0.05 
5 0.38472222222222224 0.22395833333333334 0.027777777777777776 0.022916666666666665 
0 0.29791666666666666 0.18541666666666667 0.04027777777777778 0.029166666666666667 
5 0.05 0.9447916666666667 0.1 0.10208333333333333 
3 0.3541666666666667 0.3177083333333333 0.05277777777777778 0.08541666666666667 
5 0.5756944444444444 0.18020833333333333 0.03194444444444444 0.05625 
5 0.2652777777777778 0.184375 0.022222222222222223 0.027083333333333334 
3 0.8166666666666667 0.45 0.125 0.1125 
3 0.2847222222222222 0.24895833333333334 0.025 0.03958333333333333 
0 0.39444444444444443 0.18958333333333333 0.030555555555555555 0.07916666666666666 
