3 0.7430555555555556 0.5072916666666667 0.15 0.14375 
3 0.5868055555555556 0.45625 0.1125 0.0875 
3 0.9395833333333333 0.6625 0.10416666666666667 0.17083333333333334 
7 0.59375 0.2552083333333333 0.009722222222222222 0.027083333333333334 
3 0.9215277777777777 0.3875 0.07083333333333333 0.075 
3 0.6486111111111111 0.371875 0.03611111111111111 0.04375 
3 0.6972222222222222 0.346875 0.058333333333333334 0.04375 
3 0.5805555555555556 0.328125 0.07222222222222222 0.052083333333333336 
7 0.10208333333333333 0.44895833333333335 0.015277777777777777 0.04791666666666667 
3 0.6034722222222222 0.3854166666666667 0.06805555555555555 0.03333333333333333 
7 0.6284722222222222 0.30833333333333335 0.009722222222222222 0.058333333333333334 
7 0.7819444444444444 0.32083333333333336 0.013888888888888888 0.05416666666666667 
3 0.27569444444444446 0.7989583333333333 0.1597222222222222 0.20625 
3 0.8173611111111111 0.5645833333333333 0.1375 0.125 
3 0.6666666666666666 0.48020833333333335 0.12777777777777777 0.09791666666666667 
3 0.5854166666666667 0.415625 0.12916666666666668 0.052083333333333336 
3 0.8458333333333333 0.36770833333333336 0.08055555555555556 0.06458333333333334 
7 0.5340277777777778 0.28020833333333334 0.009722222222222222 0.03125 
