3 0.5743055555555555 0.3125 0.06527777777777778 0.029166666666666667 
8 0.26805555555555555 0.16666666666666666 0.06388888888888888 0.04583333333333333 
3 0.7131944444444445 0.3958333333333333 0.05694444444444444 0.03333333333333333 
10 0.9604166666666667 0.5885416666666666 0.0625 0.06458333333333334 
6 0.01875 0.30416666666666664 0.034722222222222224 0.13333333333333333 
3 0.3347222222222222 0.209375 0.07777777777777778 0.04791666666666667 
3 0.8534722222222222 0.509375 0.0625 0.05625 
3 0.36527777777777776 0.203125 0.05 0.03958333333333333 
9 0.25069444444444444 0.471875 0.4486111111111111 0.39791666666666664 
3 0.4597222222222222 0.246875 0.08055555555555556 0.03958333333333333 
3 0.49166666666666664 0.290625 0.08055555555555556 0.052083333333333336 
3 0.15555555555555556 0.13229166666666667 0.06111111111111111 0.035416666666666666 
3 0.7430555555555556 0.43645833333333334 0.06944444444444445 0.052083333333333336 
3 0.60625 0.34791666666666665 0.0763888888888889 0.0625 
8 0.06597222222222222 0.1 0.05416666666666667 0.041666666666666664 
