3 0.6777777777777778 0.4708333333333333 0.11666666666666667 0.1 
10 0.27847222222222223 0.6395833333333333 0.12638888888888888 0.14166666666666666 
3 0.9388888888888889 0.3958333333333333 0.075 0.058333333333333334 
3 0.8173611111111111 0.3489583333333333 0.059722222222222225 0.04375 
3 0.30416666666666664 0.3885416666666667 0.06111111111111111 0.04375 
3 0.8465277777777778 0.36354166666666665 0.08194444444444444 0.05625 
3 0.6305555555555555 0.36666666666666664 0.08888888888888889 0.058333333333333334 
3 0.9006944444444445 0.615625 0.16805555555555557 0.16875 
3 0.9666666666666667 0.415625 0.05277777777777778 0.07291666666666667 
5 0.9604166666666667 0.6927083333333334 0.06527777777777778 0.15625 
3 0.5993055555555555 0.3229166666666667 0.0763888888888889 0.041666666666666664 
3 0.7277777777777777 0.5239583333333333 0.14166666666666666 0.11875 
3 0.5791666666666667 0.46979166666666666 0.14166666666666666 0.08125 
3 0.6986111111111111 0.3302083333333333 0.06666666666666667 0.05625 
3 0.8951388888888889 0.3770833333333333 0.06805555555555555 0.0625 
3 0.7590277777777777 0.33125 0.05416666666666667 0.05416666666666667 
3 0.5881944444444445 0.4270833333333333 0.11527777777777778 0.05416666666666667 
3 0.8083333333333333 0.5552083333333333 0.14166666666666666 0.14375 
2 0.4909722222222222 0.3125 0.2013888888888889 0.1125 
