3 0.7326388888888888 0.32395833333333335 0.043055555555555555 0.052083333333333336 
10 0.4270833333333333 0.41875 0.06805555555555555 0.075 
3 0.9243055555555556 0.6260416666666667 0.13472222222222222 0.15208333333333332 
3 0.9694444444444444 0.4166666666666667 0.04722222222222222 0.07916666666666666 
3 0.6965277777777777 0.3416666666666667 0.04861111111111111 0.04583333333333333 
3 0.5861111111111111 0.4552083333333333 0.1 0.07291666666666667 
3 0.8722222222222222 0.3854166666666667 0.07222222222222222 0.05416666666666667 
3 0.5847222222222223 0.415625 0.125 0.05625 
3 0.8361111111111111 0.5625 0.1388888888888889 0.15416666666666667 
3 0.6736111111111112 0.478125 0.125 0.09375 
3 0.8388888888888889 0.35833333333333334 0.1 0.06666666666666667 
3 0.5875 0.321875 0.075 0.04375 
3 0.9284722222222223 0.396875 0.059722222222222225 0.05625 
5 0.9708333333333333 0.6947916666666667 0.044444444444444446 0.15625 
3 0.76875 0.5177083333333333 0.14305555555555555 0.11875 
10 0.5020833333333333 0.32708333333333334 0.06805555555555555 0.0625 
7 0.24722222222222223 0.40208333333333335 0.013888888888888888 0.075 
