3 0.26944444444444443 0.33125 0.12222222222222222 0.12916666666666668 
10 0.8319444444444445 0.384375 0.2361111111111111 0.23958333333333334 
3 0.04652777777777778 0.22395833333333334 0.020833333333333332 0.03125 
3 0.12430555555555556 0.24583333333333332 0.06805555555555555 0.08333333333333333 
3 0.3368055555555556 0.075 0.05138888888888889 0.029166666666666667 
5 0.2763888888888889 0.090625 0.027777777777777776 0.03125 
5 0.30625 0.08020833333333334 0.029166666666666667 0.035416666666666666 
3 0.08680555555555555 0.240625 0.0375 0.052083333333333336 
8 0.18263888888888888 0.275 0.10138888888888889 0.1125 
3 0.2520833333333333 0.12291666666666666 0.043055555555555555 0.025 
3 0.0625 0.22708333333333333 0.019444444444444445 0.0375 
