5 0.5083333333333333 0.103125 0.019444444444444445 0.027083333333333334 
8 0.7423611111111111 0.21666666666666667 0.06805555555555555 0.075 
5 0.3958333333333333 0.1375 0.06944444444444445 0.07916666666666666 
5 0.7326388888888888 0.13020833333333334 0.0125 0.014583333333333334 
3 0.13125 0.26875 0.09861111111111111 0.1 
3 0.7055555555555556 0.25416666666666665 0.06111111111111111 0.06666666666666667 
3 0.3076388888888889 0.48125 0.23472222222222222 0.2125 
5 0.6888888888888889 0.08958333333333333 0.019444444444444445 0.029166666666666667 
5 0.7597222222222222 0.10416666666666667 0.013888888888888888 0.020833333333333332 
5 0.4777777777777778 0.11979166666666667 0.013888888888888888 0.01875 
