3 0.9673611111111111 0.15520833333333334 0.0375 0.03125 
3 0.8715277777777778 0.13020833333333334 0.05138888888888889 0.03125 
5 0.9611111111111111 0.384375 0.05277777777777778 0.11041666666666666 
3 0.7625 0.058333333333333334 0.044444444444444446 0.029166666666666667 
3 0.9069444444444444 0.11041666666666666 0.03611111111111111 0.029166666666666667 
3 0.7881944444444444 0.07708333333333334 0.04583333333333333 0.025 
3 0.8118055555555556 0.084375 0.04861111111111111 0.03125 
3 0.08819444444444445 0.15208333333333332 0.07083333333333333 0.05416666666666667 
3 0.8541666666666666 0.559375 0.25555555555555554 0.20208333333333334 
3 0.9388888888888889 0.13333333333333333 0.027777777777777776 0.020833333333333332 
3 0.8486111111111111 0.11666666666666667 0.041666666666666664 0.025 
3 0.9048611111111111 0.15625 0.07916666666666666 0.05 
