3 0.7118055555555556 0.22291666666666668 0.06527777777777778 0.07916666666666666 
3 0.052083333333333336 0.39375 0.10138888888888889 0.17916666666666667 
3 0.6048611111111111 0.06770833333333333 0.03194444444444444 0.03125 
2 0.3854166666666667 0.221875 0.32916666666666666 0.28958333333333336 
3 0.7395833333333334 0.13645833333333332 0.0375 0.04791666666666667 
10 0.6270833333333333 0.415625 0.1486111111111111 0.19791666666666666 
5 0.34305555555555556 0.9375 0.2611111111111111 0.12083333333333333 
7 0.7930555555555555 0.265625 0.019444444444444445 0.06458333333333334 
3 0.5118055555555555 0.6770833333333334 0.24027777777777778 0.3541666666666667 
3 0.56875 0.08229166666666667 0.043055555555555555 0.05625 
