3 0.8736111111111111 0.390625 0.08055555555555556 0.06041666666666667 
3 0.9229166666666667 0.6333333333333333 0.14027777777777778 0.15833333333333333 
3 0.6715277777777777 0.4822916666666667 0.12361111111111112 0.09375 
3 0.7694444444444445 0.5208333333333334 0.14166666666666666 0.1125 
5 0.9756944444444444 0.703125 0.034722222222222224 0.13958333333333334 
3 0.9680555555555556 0.41770833333333335 0.04722222222222222 0.08541666666666667 
3 0.8381944444444445 0.3614583333333333 0.09861111111111111 0.06875 
3 0.73125 0.32708333333333334 0.04583333333333333 0.04583333333333333 
3 0.6951388888888889 0.3416666666666667 0.04583333333333333 0.05416666666666667 
3 0.58125 0.4166666666666667 0.12361111111111112 0.05 
3 0.9361111111111111 0.39895833333333336 0.058333333333333334 0.04791666666666667 
3 0.5854166666666667 0.46041666666666664 0.09305555555555556 0.07916666666666666 
3 0.5777777777777777 0.3854166666666667 0.10555555555555556 0.029166666666666667 
3 0.8354166666666667 0.5708333333333333 0.14305555555555555 0.14166666666666666 
