5 0.9659722222222222 0.5927083333333333 0.06527777777777778 0.12291666666666666 
3 0.20069444444444445 0.8375 0.22083333333333333 0.32083333333333336 
7 0.86875 0.5197916666666667 0.02361111111111111 0.08958333333333333 
3 0.4340277777777778 0.29375 0.04583333333333333 0.058333333333333334 
7 0.9027777777777778 0.603125 0.03611111111111111 0.07291666666666667 
3 0.3875 0.36354166666666665 0.08055555555555556 0.08958333333333333 
2 0.5236111111111111 0.21979166666666666 0.04722222222222222 0.05625 
7 0.9194444444444444 0.521875 0.016666666666666666 0.07291666666666667 
7 0.8979166666666667 0.528125 0.02361111111111111 0.08125 
3 0.33125 0.49583333333333335 0.12638888888888888 0.14166666666666666 
5 0.9604166666666667 0.5177083333333333 0.06527777777777778 0.08541666666666667 
5 0.024305555555555556 0.30416666666666664 0.04861111111111111 0.075 
2 0.8625 0.3416666666666667 0.2388888888888889 0.17916666666666667 
3 0.6645833333333333 0.24270833333333333 0.06527777777777778 0.035416666666666666 
3 0.7409722222222223 0.2635416666666667 0.0375 0.03125 
