3 0.7618055555555555 0.34479166666666666 0.043055555555555555 0.052083333333333336 
3 0.8444444444444444 0.3645833333333333 0.08888888888888889 0.058333333333333334 
3 0.7 0.34375 0.05277777777777778 0.05 
3 0.7451388888888889 0.5072916666666667 0.15694444444444444 0.13958333333333334 
3 0.5833333333333334 0.4510416666666667 0.10555555555555556 0.08125 
3 0.8166666666666667 0.5614583333333333 0.13333333333333333 0.11875 
3 0.9541666666666667 0.4083333333333333 0.06388888888888888 0.0875 
3 0.9423611111111111 0.6572916666666667 0.10694444444444444 0.18125 
3 0.5805555555555556 0.3302083333333333 0.07777777777777778 0.04375 
3 0.9229166666666667 0.3875 0.06527777777777778 0.07083333333333333 
3 0.7958333333333333 0.35833333333333334 0.05277777777777778 0.05416666666666667 
3 0.6666666666666666 0.47708333333333336 0.11944444444444445 0.09166666666666666 
3 0.33541666666666664 0.6489583333333333 0.11527777777777778 0.14791666666666667 
3 0.5909722222222222 0.4083333333333333 0.12638888888888888 0.05 
3 0.8979166666666667 0.5864583333333333 0.14583333333333334 0.16041666666666668 
