3 0.16805555555555557 0.26875 0.14444444444444443 0.175 
3 0.6888888888888889 0.27708333333333335 0.09166666666666666 0.125 
3 0.5145833333333333 0.6729166666666667 0.24305555555555555 0.3541666666666667 
3 0.4152777777777778 0.13229166666666667 0.07777777777777778 0.06458333333333334 
3 0.7243055555555555 0.15520833333333334 0.0625 0.052083333333333336 
3 0.052083333333333336 0.39375 0.09861111111111111 0.17916666666666667 
3 0.6277777777777778 0.409375 0.14444444444444443 0.18958333333333333 
3 0.6923611111111111 0.09895833333333333 0.0375 0.035416666666666666 
2 0.3597222222222222 0.3875 0.48333333333333334 0.5541666666666667 
3 0.30694444444444446 0.18958333333333333 0.12222222222222222 0.10416666666666667 
3 0.6048611111111111 0.06770833333333333 0.029166666666666667 0.035416666666666666 
3 0.7201388888888889 0.21145833333333333 0.059722222222222225 0.06458333333333334 
3 0.5652777777777778 0.078125 0.05277777777777778 0.04791666666666667 
