3 0.06725146198830409 0.23464912280701755 0.05263157894736842 0.07456140350877193 
8 0.6608187134502924 0.8179824561403509 0.5321637426900585 0.35526315789473684 
10 0.1388888888888889 0.19736842105263158 0.07309941520467836 0.07894736842105263 
5 0.9166666666666666 0.4934210526315789 0.13742690058479531 0.16228070175438597 
8 0.5833333333333334 0.3508771929824561 0.260233918128655 0.18421052631578946 
8 0.8230994152046783 0.25219298245614036 0.14327485380116958 0.10087719298245613 
3 0.1871345029239766 0.17543859649122806 0.04678362573099415 0.03508771929824561 
8 0.6842105263157895 0.18859649122807018 0.1286549707602339 0.07894736842105263 
3 0.4926900584795322 0.13596491228070176 0.0847953216374269 0.043859649122807015 
3 0.2733918128654971 0.16885964912280702 0.06140350877192982 0.06578947368421052 
