3 0.8472222222222222 0.37083333333333335 0.08333333333333333 0.0625 
3 0.6430555555555556 0.36666666666666664 0.075 0.06666666666666667 
3 0.95625 0.6947916666666667 0.0763888888888889 0.17291666666666666 
3 0.5861111111111111 0.421875 0.1 0.06458333333333334 
3 0.9680555555555556 0.4239583333333333 0.044444444444444446 0.08541666666666667 
3 0.8118055555555556 0.35520833333333335 0.0625 0.052083333333333336 
3 0.6791666666666667 0.4791666666666667 0.12777777777777777 0.10416666666666667 
3 0.5965277777777778 0.32083333333333336 0.059722222222222225 0.05 
3 0.8923611111111112 0.384375 0.06527777777777778 0.07708333333333334 
3 0.6958333333333333 0.3302083333333333 0.058333333333333334 0.05625 
3 0.9013888888888889 0.61875 0.16944444444444445 0.175 
3 0.7291666666666666 0.528125 0.15833333333333333 0.11875 
3 0.58125 0.475 0.14305555555555555 0.10416666666666667 
3 0.4284722222222222 0.453125 0.0763888888888889 0.07708333333333334 
3 0.7597222222222222 0.3333333333333333 0.05555555555555555 0.07083333333333333 
3 0.9402777777777778 0.40520833333333334 0.07777777777777778 0.07291666666666667 
3 0.8097222222222222 0.5604166666666667 0.14722222222222223 0.15833333333333333 
3 0.9666666666666667 0.32708333333333334 0.05555555555555555 0.058333333333333334 
