3 0.8743055555555556 0.39375 0.059722222222222225 0.09166666666666666 
8 0.6430555555555556 0.3 0.06666666666666667 0.06666666666666667 
5 0.06597222222222222 0.6739583333333333 0.12916666666666668 0.27708333333333335 
3 0.5340277777777778 0.27708333333333335 0.07083333333333333 0.0625 
3 0.86875 0.30520833333333336 0.043055555555555555 0.052083333333333336 
3 0.6888888888888889 0.37083333333333335 0.07222222222222222 0.07916666666666666 
3 0.35 0.5895833333333333 0.18333333333333332 0.17083333333333334 
8 0.03888888888888889 0.4239583333333333 0.075 0.06458333333333334 
3 0.9666666666666667 0.2520833333333333 0.041666666666666664 0.029166666666666667 
8 0.4222222222222222 0.71875 0.28888888888888886 0.3125 
