8 0.6090277777777777 0.3375 0.10138888888888889 0.07083333333333333 
3 0.775 0.453125 0.06111111111111111 0.04791666666666667 
3 0.8805555555555555 0.528125 0.05277777777777778 0.04791666666666667 
8 0.2673611111111111 0.7208333333333333 0.5319444444444444 0.5208333333333334 
3 0.09652777777777778 0.11666666666666667 0.05694444444444444 0.0375 
3 0.41388888888888886 0.240625 0.08055555555555556 0.04791666666666667 
3 0.17777777777777778 0.140625 0.06666666666666667 0.035416666666666666 
3 0.29375 0.18854166666666666 0.07361111111111111 0.04791666666666667 
3 0.8326388888888889 0.4822916666666667 0.059722222222222225 0.06041666666666667 
5 0.9743055555555555 0.5927083333333333 0.0375 0.05625 
