3 0.5854166666666667 0.43125 0.1125 0.0625 
3 0.49375 0.35625 0.05694444444444444 0.04583333333333333 
3 0.6861111111111111 0.33125 0.06388888888888888 0.04583333333333333 
3 0.8069444444444445 0.3489583333333333 0.041666666666666664 0.03958333333333333 
3 0.7638888888888888 0.33645833333333336 0.03888888888888889 0.04791666666666667 
3 0.5993055555555555 0.321875 0.07361111111111111 0.04791666666666667 
10 0.41597222222222224 0.45 0.07916666666666666 0.10416666666666667 
3 0.9388888888888889 0.396875 0.07222222222222222 0.06458333333333334 
5 0.9576388888888889 0.6864583333333333 0.07083333333333333 0.17291666666666666 
3 0.9638888888888889 0.41458333333333336 0.058333333333333334 0.07916666666666666 
3 0.5784722222222223 0.471875 0.12916666666666668 0.08541666666666667 
3 0.6763888888888889 0.46875 0.11388888888888889 0.09583333333333334 
3 0.8888888888888888 0.37916666666666665 0.058333333333333334 0.06666666666666667 
3 0.84375 0.36666666666666664 0.0763888888888889 0.06666666666666667 
3 0.8076388888888889 0.55625 0.14027777777777778 0.14583333333333334 
3 0.7222222222222222 0.5239583333333333 0.15 0.11041666666666666 
3 0.8958333333333334 0.6125 0.16944444444444445 0.17083333333333334 
