7 0.04583333333333333 0.5145833333333333 0.013888888888888888 0.07083333333333333 
3 0.28888888888888886 0.23854166666666668 0.06388888888888888 0.04375 
5 0.035416666666666666 0.621875 0.0625 0.21041666666666667 
3 0.6819444444444445 0.19895833333333332 0.022222222222222223 0.022916666666666665 
3 0.9048611111111111 0.2708333333333333 0.05694444444444444 0.03333333333333333 
2 0.1701388888888889 0.2604166666666667 0.11527777777777778 0.08333333333333333 
3 0.2548611111111111 0.7729166666666667 0.25416666666666665 0.3125 
3 0.4618055555555556 0.809375 0.19305555555555556 0.29375 
3 0.6020833333333333 0.203125 0.02638888888888889 0.03125 
7 0.6652777777777777 0.5104166666666666 0.025 0.1125 
7 0.8243055555555555 0.4 0.03194444444444444 0.0875 
3 0.33194444444444443 0.26145833333333335 0.075 0.03125 
2 0.06041666666666667 0.290625 0.10694444444444444 0.08125 
7 0.0625 0.5177083333333333 0.030555555555555555 0.09791666666666667 
7 0.8013888888888889 0.39166666666666666 0.025 0.09583333333333334 
