7 0.9263888888888889 0.5208333333333334 0.03333333333333333 0.10416666666666667 
5 0.9784722222222222 0.3958333333333333 0.02638888888888889 0.0625 
3 0.5277777777777778 0.30416666666666664 0.11666666666666667 0.07083333333333333 
7 0.8965277777777778 0.9864583333333333 0.043055555555555555 0.01875 
10 0.8055555555555556 0.2989583333333333 0.11944444444444445 0.09375 
3 0.68125 0.2 0.020833333333333332 0.016666666666666666 
9 0.034722222222222224 0.6229166666666667 0.06111111111111111 0.17916666666666667 
2 0.13194444444444445 0.24166666666666667 0.20833333333333334 0.15833333333333333 
3 0.15694444444444444 0.39479166666666665 0.12222222222222222 0.09375 
7 0.6263888888888889 0.5614583333333333 0.041666666666666664 0.13125 
3 0.5979166666666667 0.26145833333333335 0.06527777777777778 0.05625 
3 0.2986111111111111 0.4708333333333333 0.09166666666666666 0.17083333333333334 
3 0.45902777777777776 0.8125 0.19305555555555556 0.29583333333333334 
7 0.025 0.5010416666666667 0.016666666666666666 0.06041666666666667 
3 0.28402777777777777 0.24166666666666667 0.07361111111111111 0.04583333333333333 
5 0.35138888888888886 0.9833333333333333 0.13055555555555556 0.025 
7 0.8527777777777777 0.9354166666666667 0.07222222222222222 0.12083333333333333 
3 0.05277777777777778 0.3875 0.08333333333333333 0.05416666666666667 
3 0.030555555555555555 0.425 0.058333333333333334 0.05416666666666667 
7 0.04791666666666667 0.48020833333333335 0.018055555555555554 0.07291666666666667 
