3 0.5986111111111111 0.4552083333333333 0.11666666666666667 0.08125 
3 0.7736111111111111 0.5208333333333334 0.14722222222222223 0.125 
3 0.7333333333333333 0.32708333333333334 0.044444444444444446 0.058333333333333334 
3 0.6715277777777777 0.484375 0.12916666666666668 0.09791666666666667 
3 0.9715277777777778 0.6979166666666666 0.043055555555555555 0.1625 
3 0.9673611111111111 0.41875 0.05138888888888889 0.09583333333333334 
3 0.9326388888888889 0.39791666666666664 0.06527777777777778 0.06666666666666667 
3 0.8375 0.36041666666666666 0.1111111111111111 0.07916666666666666 
3 0.9208333333333333 0.6302083333333334 0.1388888888888889 0.16458333333333333 
10 0.9486111111111111 0.325 0.08055555555555556 0.06666666666666667 
3 0.8347222222222223 0.5708333333333333 0.1388888888888889 0.14583333333333334 
3 0.5840277777777778 0.428125 0.12638888888888888 0.08958333333333333 
3 0.5916666666666667 0.32083333333333336 0.07222222222222222 0.04583333333333333 
3 0.8722222222222222 0.39166666666666666 0.08611111111111111 0.0625 
3 0.3923611111111111 0.46145833333333336 0.06527777777777778 0.07708333333333334 
7 0.6208333333333333 0.3333333333333333 0.022222222222222223 0.05 
3 0.2611111111111111 0.41041666666666665 0.07222222222222222 0.05416666666666667 
3 0.5770833333333333 0.396875 0.11527777777777778 0.06458333333333334 
3 0.6965277777777777 0.3458333333333333 0.05138888888888889 0.058333333333333334 
