7 0.24305555555555555 0.440625 0.013888888888888888 0.05625 
3 0.7638888888888888 0.3385416666666667 0.05 0.04791666666666667 
3 0.9659722222222222 0.4166666666666667 0.05416666666666667 0.08333333333333333 
7 0.25833333333333336 0.43645833333333334 0.013888888888888888 0.03958333333333333 
3 0.6868055555555556 0.3302083333333333 0.06527777777777778 0.052083333333333336 
3 0.7270833333333333 0.5291666666666667 0.15138888888888888 0.11666666666666667 
7 0.5013888888888889 0.7989583333333333 0.06388888888888888 0.14791666666666667 
3 0.5819444444444445 0.4739583333333333 0.14166666666666666 0.08958333333333333 
3 0.9548611111111112 0.6916666666666667 0.07083333333333333 0.1625 
7 0.2861111111111111 0.425 0.022222222222222223 0.05416666666666667 
3 0.8451388888888889 0.365625 0.08472222222222223 0.06458333333333334 
3 0.5993055555555555 0.32083333333333336 0.07083333333333333 0.04583333333333333 
3 0.5868055555555556 0.42916666666666664 0.10694444444444444 0.0625 
3 0.9319444444444445 0.39895833333333336 0.06111111111111111 0.07291666666666667 
3 0.8958333333333334 0.6208333333333333 0.17222222222222222 0.16666666666666666 
3 0.80625 0.559375 0.1486111111111111 0.14791666666666667 
3 0.6763888888888889 0.46770833333333334 0.11666666666666667 0.09375 
7 0.22777777777777777 0.4479166666666667 0.016666666666666666 0.04583333333333333 
3 0.8930555555555556 0.3854166666666667 0.06111111111111111 0.058333333333333334 
3 0.8104166666666667 0.346875 0.05416666666666667 0.04375 
3 0.4263888888888889 0.45416666666666666 0.07777777777777778 0.07916666666666666 
