3 0.9048611111111111 0.16458333333333333 0.0763888888888889 0.04583333333333333 
3 0.2375 0.041666666666666664 0.03333333333333333 0.020833333333333332 
3 0.08819444444444445 0.14583333333333334 0.06805555555555555 0.04583333333333333 
3 0.5222222222222223 0.5166666666666667 0.30277777777777776 0.20416666666666666 
3 0.04236111111111111 0.275 0.07361111111111111 0.075 
3 0.9055555555555556 0.10520833333333333 0.03888888888888889 0.03125 
3 0.9694444444444444 0.16041666666666668 0.03888888888888889 0.029166666666666667 
3 0.7618055555555555 0.058333333333333334 0.034722222222222224 0.025 
3 0.8729166666666667 0.13020833333333334 0.04583333333333333 0.03125 
3 0.8138888888888889 0.08333333333333333 0.04722222222222222 0.025 
3 0.9361111111111111 0.13854166666666667 0.044444444444444446 0.027083333333333334 
3 0.8444444444444444 0.11041666666666666 0.03333333333333333 0.020833333333333332 
