7 0.20347222222222222 0.4354166666666667 0.034722222222222224 0.07083333333333333 
5 0.9805555555555555 0.396875 0.03333333333333333 0.06041666666666667 
7 0.7743055555555556 0.7635416666666667 0.04861111111111111 0.16041666666666668 
10 0.5125 0.259375 0.06111111111111111 0.06875 
3 0.7395833333333334 0.33541666666666664 0.09583333333333334 0.06666666666666667 
7 0.8215277777777777 0.4864583333333333 0.029166666666666667 0.11875 
7 0.8354166666666667 0.796875 0.059722222222222225 0.13958333333333334 
7 0.7423611111111111 0.42916666666666664 0.020833333333333332 0.08333333333333333 
3 0.2763888888888889 0.7510416666666667 0.23055555555555557 0.29375 
7 0.9840277777777777 0.4739583333333333 0.02361111111111111 0.07291666666666667 
7 0.3715277777777778 0.496875 0.04027777777777778 0.11041666666666666 
3 0.3090277777777778 0.25729166666666664 0.06527777777777778 0.04375 
3 0.21736111111111112 0.33229166666666665 0.11805555555555555 0.06458333333333334 
7 0.9125 0.5375 0.044444444444444446 0.09583333333333334 
7 0.18958333333333333 0.446875 0.02638888888888889 0.07291666666666667 
7 0.8013888888888889 0.48020833333333335 0.016666666666666666 0.09375 
3 0.4625 0.80625 0.18888888888888888 0.29583333333333334 
7 0.29375 0.44166666666666665 0.04027777777777778 0.10416666666666667 
5 0.034722222222222224 0.6239583333333333 0.06388888888888888 0.20208333333333334 
7 0.8666666666666667 0.70625 0.05277777777777778 0.1375 
7 0.13055555555555556 0.453125 0.025 0.07708333333333334 
3 0.6840277777777778 0.20520833333333333 0.02361111111111111 0.035416666666666666 
2 0.20416666666666666 0.24270833333333333 0.18333333333333332 0.11041666666666666 
3 0.6444444444444445 0.26875 0.041666666666666664 0.058333333333333334 
7 0.7631944444444444 0.5270833333333333 0.0125 0.0625 
3 0.6 0.19479166666666667 0.025 0.03125 
3 0.7166666666666667 0.25104166666666666 0.05555555555555555 0.035416666666666666 
