3 0.8965277777777778 0.38645833333333335 0.07083333333333333 0.06458333333333334 
3 0.7256944444444444 0.5291666666666667 0.15138888888888888 0.1125 
3 0.6784722222222223 0.47604166666666664 0.11805555555555555 0.09791666666666667 
3 0.7618055555555555 0.34270833333333334 0.043055555555555555 0.04375 
3 0.5777777777777777 0.428125 0.09166666666666666 0.05625 
3 0.93125 0.4 0.059722222222222225 0.075 
3 0.59375 0.328125 0.0625 0.03958333333333333 
3 0.8048611111111111 0.5614583333333333 0.15138888888888888 0.14375 
3 0.9652777777777778 0.33229166666666665 0.05 0.04375 
3 0.84375 0.365625 0.07916666666666666 0.06041666666666667 
3 0.9618055555555556 0.6875 0.06805555555555555 0.1625 
3 0.6875 0.32708333333333334 0.06388888888888888 0.0625 
3 0.7145833333333333 0.2947916666666667 0.04583333333333333 0.035416666666666666 
3 0.9652777777777778 0.4197916666666667 0.05555555555555555 0.08541666666666667 
3 0.3638888888888889 0.6114583333333333 0.11944444444444445 0.15625 
3 0.8069444444444445 0.35 0.05277777777777778 0.05416666666666667 
3 0.9006944444444445 0.6229166666666667 0.17083333333333334 0.175 
3 0.5791666666666667 0.471875 0.1361111111111111 0.08958333333333333 
