3 0.7152777777777778 0.44166666666666665 0.2916666666666667 0.20833333333333334 
3 0.42569444444444443 0.017708333333333333 0.05694444444444444 0.03125 
3 0.6993055555555555 0.303125 0.26805555555555555 0.13541666666666666 
2 0.2298611111111111 0.30833333333333335 0.35138888888888886 0.5083333333333333 
3 0.3861111111111111 0.034375 0.05 0.04375 
3 0.5277777777777778 0.03854166666666667 0.05277777777777778 0.052083333333333336 
3 0.6409722222222223 0.052083333333333336 0.10694444444444444 0.029166666666666667 
3 0.6444444444444445 0.03125 0.07777777777777778 0.0375 
3 0.6597222222222222 0.09479166666666666 0.13333333333333333 0.06041666666666667 
3 0.6486111111111111 0.06666666666666667 0.09722222222222222 0.041666666666666664 
3 0.6618055555555555 0.13645833333333332 0.1625 0.08541666666666667 
