3 0.2590277777777778 0.41354166666666664 0.07361111111111111 0.04791666666666667 
3 0.9208333333333333 0.6302083333333334 0.1361111111111111 0.15625 
3 0.9694444444444444 0.42083333333333334 0.041666666666666664 0.07916666666666666 
3 0.40902777777777777 0.440625 0.06805555555555555 0.07708333333333334 
3 0.5909722222222222 0.32708333333333334 0.0763888888888889 0.041666666666666664 
3 0.8375 0.571875 0.14444444444444443 0.14375 
3 0.6951388888888889 0.34375 0.04583333333333333 0.05 
3 0.9263888888888889 0.403125 0.05 0.052083333333333336 
3 0.675 0.4822916666666667 0.12222222222222222 0.09375 
3 0.5763888888888888 0.42604166666666665 0.11666666666666667 0.06458333333333334 
3 0.7715277777777778 0.5197916666666667 0.1375 0.12708333333333333 
3 0.8263888888888888 0.3625 0.06666666666666667 0.075 
3 0.73125 0.33125 0.0375 0.04583333333333333 
3 0.8694444444444445 0.39166666666666666 0.05277777777777778 0.05416666666666667 
3 0.5833333333333334 0.45625 0.08611111111111111 0.07083333333333333 
3 0.5756944444444444 0.3885416666666667 0.10694444444444444 0.035416666666666666 
