3 0.9125 0.11458333333333333 0.041666666666666664 0.029166666666666667 
3 0.9423611111111111 0.140625 0.034722222222222224 0.027083333333333334 
3 0.8486111111111111 0.12083333333333333 0.03888888888888889 0.020833333333333332 
3 0.09027777777777778 0.15729166666666666 0.06666666666666667 0.03958333333333333 
3 0.78125 0.08125 0.043055555555555555 0.03333333333333333 
3 0.8118055555555556 0.09270833333333334 0.05416666666666667 0.027083333333333334 
3 0.8798611111111111 0.14166666666666666 0.04583333333333333 0.029166666666666667 
8 0.30625 0.3927083333333333 0.30694444444444446 0.18541666666666667 
8 0.48333333333333334 0.6010416666666667 0.4222222222222222 0.27291666666666664 
3 0.96875 0.16145833333333334 0.034722222222222224 0.03125 
8 0.24166666666666667 0.04791666666666667 0.030555555555555555 0.020833333333333332 
3 0.017361111111111112 0.19166666666666668 0.03194444444444444 0.0375 
