7 0.44375 0.50625 0.034722222222222224 0.12083333333333333 
1 0.5180555555555556 0.334375 0.058333333333333334 0.07708333333333334 
1 0.6041666666666666 0.35625 0.06388888888888888 0.0875 
3 0.2 0.265625 0.044444444444444446 0.04375 
3 0.4583333333333333 0.8145833333333333 0.19444444444444445 0.30416666666666664 
3 0.4618055555555556 0.30104166666666665 0.12361111111111112 0.06458333333333334 
9 0.034722222222222224 0.6239583333333333 0.06388888888888888 0.18958333333333333 
2 0.09513888888888888 0.31666666666666665 0.19027777777777777 0.15 
3 0.9152777777777777 0.278125 0.05555555555555555 0.01875 
3 0.4041666666666667 0.25104166666666666 0.08611111111111111 0.035416666666666666 
7 0.8465277777777778 0.4791666666666667 0.0375 0.10416666666666667 
5 0.3506944444444444 0.9791666666666666 0.12083333333333333 0.03333333333333333 
7 0.4534722222222222 0.47604166666666664 0.02361111111111111 0.12291666666666666 
