7 0.3326388888888889 0.2677083333333333 0.009722222222222222 0.03958333333333333 
3 0.07013888888888889 0.30416666666666664 0.03194444444444444 0.029166666666666667 
3 0.47638888888888886 0.26458333333333334 0.044444444444444446 0.05 
3 0.64375 0.26145833333333335 0.07083333333333333 0.06458333333333334 
3 0.3506944444444444 0.325 0.10416666666666667 0.05 
3 0.35138888888888886 0.25 0.07777777777777778 0.05 
7 0.23125 0.5322916666666667 0.02638888888888889 0.12291666666666666 
7 0.8388888888888889 0.5416666666666666 0.044444444444444446 0.10833333333333334 
10 0.6736111111111112 0.23125 0.10555555555555556 0.07083333333333333 
2 0.15069444444444444 0.25 0.16527777777777777 0.11666666666666667 
10 0.5645833333333333 0.25104166666666666 0.10694444444444444 0.10625 
3 0.825 0.3385416666666667 0.11666666666666667 0.08958333333333333 
5 0.034722222222222224 0.6291666666666667 0.06666666666666667 0.21666666666666667 
3 0.4618055555555556 0.8177083333333334 0.19027777777777777 0.3145833333333333 
