3 0.14652777777777778 0.3875 0.059722222222222225 0.058333333333333334 
2 0.70625 0.37395833333333334 0.30416666666666664 0.20625 
3 0.05 0.3729166666666667 0.03888888888888889 0.041666666666666664 
10 0.07083333333333333 0.33541666666666664 0.030555555555555555 0.0375 
3 0.42777777777777776 0.2677083333333333 0.022222222222222223 0.022916666666666665 
3 0.27847222222222223 0.28020833333333334 0.020833333333333332 0.03125 
10 0.3784722222222222 0.23854166666666668 0.020833333333333332 0.022916666666666665 
3 0.45416666666666666 0.275 0.030555555555555555 0.025 
3 0.3951388888888889 0.2520833333333333 0.015277777777777777 0.016666666666666666 
3 0.14305555555555555 0.3104166666666667 0.022222222222222223 0.025 
