3 0.18263888888888888 0.39166666666666666 0.27361111111111114 0.19166666666666668 
3 0.4375 0.11770833333333333 0.058333333333333334 0.07708333333333334 
3 0.03680555555555556 0.18541666666666667 0.07083333333333333 0.05416666666666667 
3 0.09583333333333334 0.140625 0.06388888888888888 0.03125 
3 0.6215277777777778 0.11875 0.04583333333333333 0.041666666666666664 
3 0.6888888888888889 0.12395833333333334 0.041666666666666664 0.05625 
3 0.3923611111111111 0.19479166666666667 0.0375 0.04791666666666667 
3 0.4736111111111111 0.06979166666666667 0.03888888888888889 0.03125 
3 0.6673611111111111 0.8822916666666667 0.6180555555555556 0.23125 
5 0.08402777777777778 0.8583333333333333 0.16805555555555557 0.2791666666666667 
3 0.07152777777777777 0.16145833333333334 0.05694444444444444 0.03125 
2 0.6458333333333334 0.27395833333333336 0.49444444444444446 0.25625 
