3 0.17569444444444443 0.11145833333333334 0.04583333333333333 0.03958333333333333 
3 0.03333333333333333 0.36875 0.05555555555555555 0.09583333333333334 
3 0.09097222222222222 0.30833333333333335 0.10416666666666667 0.09583333333333334 
3 0.13125 0.11666666666666667 0.04861111111111111 0.05 
3 0.3423611111111111 0.359375 0.2263888888888889 0.16041666666666668 
3 0.9041666666666667 0.546875 0.17777777777777778 0.16041666666666668 
8 0.5590277777777778 0.6041666666666666 0.4513888888888889 0.32916666666666666 
5 0.029861111111111113 0.5125 0.04861111111111111 0.14583333333333334 
3 0.28055555555555556 0.25104166666666666 0.15833333333333333 0.08125 
3 0.6583333333333333 0.453125 0.26666666666666666 0.17291666666666666 
