3 0.7423611111111111 0.5052083333333334 0.1486111111111111 0.14375 
3 0.84375 0.3614583333333333 0.08194444444444444 0.06041666666666667 
3 0.9243055555555556 0.38333333333333336 0.07361111111111111 0.07083333333333333 
3 0.5861111111111111 0.4552083333333333 0.10555555555555556 0.08125 
3 0.06319444444444444 0.496875 0.04583333333333333 0.06041666666666667 
3 0.5798611111111112 0.328125 0.06527777777777778 0.04791666666666667 
3 0.5902777777777778 0.4125 0.12222222222222222 0.04583333333333333 
5 0.08819444444444445 0.43020833333333336 0.04583333333333333 0.07291666666666667 
5 0.12291666666666666 0.41458333333333336 0.02361111111111111 0.025 
3 0.6652777777777777 0.48125 0.13333333333333333 0.1 
3 0.9409722222222222 0.6604166666666667 0.10972222222222222 0.17916666666666667 
3 0.27569444444444446 0.8177083333333334 0.15694444444444444 0.23125 
3 0.6083333333333333 0.39166666666666666 0.04722222222222222 0.0375 
3 0.8180555555555555 0.5604166666666667 0.1361111111111111 0.12916666666666668 
3 0.4583333333333333 0.3541666666666667 0.06111111111111111 0.041666666666666664 
