3 0.2263888888888889 0.14895833333333333 0.04722222222222222 0.035416666666666666 
3 0.06180555555555556 0.22291666666666668 0.02361111111111111 0.03333333333333333 
8 0.1798611111111111 0.2677083333333333 0.10138888888888889 0.11041666666666666 
3 0.043055555555555555 0.21458333333333332 0.022222222222222223 0.029166666666666667 
3 0.3763888888888889 0.07916666666666666 0.05555555555555555 0.0375 
8 0.11875 0.23854166666666668 0.0625 0.07708333333333334 
8 0.5569444444444445 0.18645833333333334 0.175 0.11041666666666666 
3 0.10833333333333334 0.17604166666666668 0.030555555555555555 0.022916666666666665 
3 0.2659722222222222 0.3229166666666667 0.12916666666666668 0.12916666666666668 
3 0.24791666666666667 0.11458333333333333 0.043055555555555555 0.03333333333333333 
3 0.08263888888888889 0.23020833333333332 0.029166666666666667 0.04375 
3 0.33541666666666664 0.06979166666666667 0.034722222222222224 0.027083333333333334 
