3 0.8458333333333333 0.3614583333333333 0.08333333333333333 0.06458333333333334 
3 0.8166666666666667 0.55625 0.1361111111111111 0.12083333333333333 
3 0.5854166666666667 0.4552083333333333 0.10972222222222222 0.09375 
3 0.6993055555555555 0.34375 0.05694444444444444 0.05 
3 0.3111111111111111 0.4947916666666667 0.075 0.08125 
3 0.74375 0.5072916666666667 0.15416666666666667 0.13958333333333334 
3 0.9388888888888889 0.65625 0.10833333333333334 0.1875 
3 0.8965277777777778 0.5895833333333333 0.1486111111111111 0.16666666666666666 
3 0.6631944444444444 0.48125 0.12361111111111112 0.09583333333333334 
3 0.9222222222222223 0.3854166666666667 0.06666666666666667 0.07083333333333333 
3 0.2701388888888889 0.875 0.20416666666666666 0.23333333333333334 
3 0.9569444444444445 0.41458333333333336 0.07222222222222222 0.08333333333333333 
3 0.5888888888888889 0.41458333333333336 0.13055555555555556 0.0625 
3 0.5791666666666667 0.3260416666666667 0.07222222222222222 0.04375 
3 0.7930555555555555 0.3572916666666667 0.05 0.052083333333333336 
