3 0.2763888888888889 0.8729166666666667 0.16944444444444445 0.24583333333333332 
3 0.5881944444444445 0.44375 0.09861111111111111 0.075 
3 0.43819444444444444 0.38958333333333334 0.06527777777777778 0.0625 
3 0.5805555555555556 0.41875 0.12777777777777777 0.075 
3 0.7 0.3333333333333333 0.05 0.04583333333333333 
5 0.9729166666666667 0.6854166666666667 0.0375 0.14583333333333334 
10 0.5840277777777778 0.31145833333333334 0.0763888888888889 0.04375 
3 0.73125 0.31666666666666665 0.05138888888888889 0.05416666666666667 
3 0.9284722222222223 0.3885416666666667 0.0625 0.05625 
3 0.7694444444444445 0.5072916666666667 0.1361111111111111 0.11458333333333333 
3 0.6645833333333333 0.465625 0.12361111111111112 0.09375 
3 0.8354166666666667 0.55625 0.14027777777777778 0.14583333333333334 
3 0.8361111111111111 0.34270833333333334 0.09444444444444444 0.07291666666666667 
3 0.9215277777777777 0.61875 0.13472222222222222 0.15833333333333333 
3 0.6131944444444445 0.3802083333333333 0.0763888888888889 0.05625 
3 0.8694444444444445 0.3729166666666667 0.06666666666666667 0.0625 
3 0.9694444444444444 0.409375 0.05 0.08125 
