3 0.9298611111111111 0.396875 0.05416666666666667 0.052083333333333336 
3 0.25763888888888886 0.4083333333333333 0.07083333333333333 0.05 
3 0.5861111111111111 0.453125 0.08611111111111111 0.07291666666666667 
3 0.8354166666666667 0.565625 0.14027777777777778 0.13958333333333334 
3 0.5145833333333333 0.33541666666666664 0.06527777777777778 0.041666666666666664 
3 0.41597222222222224 0.440625 0.0625 0.052083333333333336 
3 0.7645833333333333 0.5229166666666667 0.13472222222222222 0.12083333333333333 
3 0.6708333333333333 0.48333333333333334 0.125 0.09583333333333334 
5 0.9722222222222222 0.6979166666666666 0.041666666666666664 0.12916666666666668 
3 0.5833333333333334 0.32395833333333335 0.058333333333333334 0.03958333333333333 
3 0.9673611111111111 0.42083333333333334 0.04583333333333333 0.08333333333333333 
3 0.5791666666666667 0.42083333333333334 0.125 0.07083333333333333 
3 0.8354166666666667 0.359375 0.09305555555555556 0.06875 
3 0.9222222222222223 0.6270833333333333 0.1361111111111111 0.15833333333333333 
3 0.7326388888888888 0.32916666666666666 0.04861111111111111 0.05416666666666667 
3 0.8722222222222222 0.3854166666666667 0.06944444444444445 0.058333333333333334 
3 0.5763888888888888 0.3875 0.10277777777777777 0.0375 
3 0.6972222222222222 0.3416666666666667 0.04722222222222222 0.05 
