3 0.9444444444444444 0.13333333333333333 0.030555555555555555 0.025 
3 0.23819444444444443 0.040625 0.0375 0.03125 
3 0.8645833333333334 0.3875 0.1875 0.14583333333333334 
3 0.9055555555555556 0.159375 0.06666666666666667 0.052083333333333336 
3 0.9138888888888889 0.10833333333333334 0.04722222222222222 0.029166666666666667 
3 0.875 0.5791666666666667 0.24166666666666667 0.22916666666666666 
3 0.08680555555555555 0.15208333333333332 0.08472222222222223 0.06666666666666667 
3 0.7659722222222223 0.058333333333333334 0.059722222222222225 0.029166666666666667 
3 0.8138888888888889 0.0875 0.05 0.029166666666666667 
3 0.8513888888888889 0.11354166666666667 0.05 0.022916666666666665 
3 0.7895833333333333 0.07395833333333333 0.0625 0.027083333333333334 
3 0.1798611111111111 0.203125 0.12916666666666668 0.08125 
3 0.9666666666666667 0.15520833333333334 0.030555555555555555 0.035416666666666666 
3 0.8770833333333333 0.128125 0.07083333333333333 0.035416666666666666 
