3 0.21388888888888888 0.4947916666666667 0.14166666666666666 0.15208333333333332 
3 0.35694444444444445 0.5541666666666667 0.16666666666666666 0.1625 
3 0.8652777777777778 0.3385416666666667 0.05277777777777778 0.07708333333333334 
3 0.28402777777777777 0.2833333333333333 0.043055555555555555 0.025 
8 0.4861111111111111 0.3020833333333333 0.06944444444444445 0.05 
3 0.41041666666666665 0.3614583333333333 0.09583333333333334 0.08541666666666667 
3 0.8729166666666667 0.4270833333333333 0.06805555555555555 0.1 
10 0.6409722222222223 0.215625 0.043055555555555555 0.052083333333333336 
8 0.6472222222222223 0.39479166666666665 0.11666666666666667 0.12708333333333333 
3 0.8736111111111111 0.565625 0.09444444444444444 0.18125 
3 0.6 0.24791666666666667 0.041666666666666664 0.0375 
3 0.025694444444444443 0.5927083333333333 0.05138888888888889 0.10208333333333333 
3 0.7652777777777777 0.246875 0.030555555555555555 0.03125 
3 0.7118055555555556 0.23958333333333334 0.034722222222222224 0.03333333333333333 
