3 0.23819444444444443 0.041666666666666664 0.029166666666666667 0.025 
3 0.0875 0.15520833333333334 0.07222222222222222 0.04791666666666667 
3 0.9583333333333334 0.15208333333333332 0.019444444444444445 0.025 
3 0.8395833333333333 0.190625 0.10416666666666667 0.052083333333333336 
3 0.8729166666666667 0.13125 0.05694444444444444 0.041666666666666664 
3 0.49444444444444446 0.55625 0.3472222222222222 0.2125 
3 0.7833333333333333 0.075 0.03888888888888889 0.029166666666666667 
3 0.8479166666666667 0.11666666666666667 0.034722222222222224 0.029166666666666667 
3 0.9069444444444444 0.11041666666666666 0.03888888888888889 0.029166666666666667 
3 0.8090277777777778 0.08541666666666667 0.05138888888888889 0.03333333333333333 
3 0.90625 0.15833333333333333 0.06805555555555555 0.05416666666666667 
3 0.9402777777777778 0.128125 0.027777777777777776 0.035416666666666666 
3 0.7638888888888888 0.058333333333333334 0.04722222222222222 0.029166666666666667 
