3 0.5770833333333333 0.2677083333333333 0.04027777777777778 0.035416666666666666 
8 0.7756944444444445 0.2989583333333333 0.04861111111111111 0.03125 
8 0.8354166666666667 0.365625 0.07916666666666666 0.052083333333333336 
3 0.3638888888888889 0.37395833333333334 0.10833333333333334 0.08958333333333333 
8 0.8104166666666667 0.4010416666666667 0.08472222222222223 0.06458333333333334 
8 0.8215277777777777 0.3802083333333333 0.07361111111111111 0.04791666666666667 
3 0.36041666666666666 0.20104166666666667 0.02638888888888889 0.027083333333333334 
3 0.7784722222222222 0.603125 0.2013888888888889 0.18541666666666667 
3 0.38680555555555557 0.23333333333333334 0.04027777777777778 0.029166666666666667 
9 0.32222222222222224 0.17916666666666667 0.019444444444444445 0.029166666666666667 
8 0.4270833333333333 0.271875 0.04861111111111111 0.05625 
