3 0.35964912280701755 0.2412280701754386 0.1286549707602339 0.07894736842105263 
3 0.3508771929824561 0.3399122807017544 0.1695906432748538 0.19736842105263158 
3 0.17982456140350878 0.1513157894736842 0.043859649122807015 0.039473684210526314 
3 0.5906432748538012 0.2894736842105263 0.1695906432748538 0.11403508771929824 
3 0.4926900584795322 0.13815789473684212 0.07894736842105263 0.04824561403508772 
3 0.039473684210526314 0.20175438596491227 0.03216374269005848 0.03508771929824561 
8 0.8260233918128655 0.25 0.13157894736842105 0.10526315789473684 
8 0.1286549707602339 0.32894736842105265 0.1286549707602339 0.15789473684210525 
8 0.6842105263157895 0.18640350877192982 0.1286549707602339 0.08333333333333333 
3 0.08333333333333333 0.16666666666666666 0.038011695906432746 0.043859649122807015 
