3 0.17083333333333334 0.20208333333333334 0.09722222222222222 0.06666666666666667 
3 0.9111111111111111 0.11354166666666667 0.03888888888888889 0.027083333333333334 
3 0.7145833333333333 0.078125 0.04861111111111111 0.04375 
5 0.9597222222222223 0.25625 0.06111111111111111 0.05 
3 0.23958333333333334 0.03958333333333333 0.02638888888888889 0.020833333333333332 
3 0.8847222222222222 0.5708333333333333 0.20833333333333334 0.17916666666666667 
3 0.8791666666666667 0.14166666666666666 0.058333333333333334 0.041666666666666664 
3 0.2833333333333333 0.20208333333333334 0.16944444444444445 0.10416666666666667 
3 0.9715277777777778 0.190625 0.0375 0.04791666666666667 
3 0.9736111111111111 0.16354166666666667 0.044444444444444446 0.027083333333333334 
3 0.7104166666666667 0.16145833333333334 0.13194444444444445 0.06875 
3 0.7881944444444444 0.07604166666666666 0.05416666666666667 0.027083333333333334 
3 0.7486111111111111 0.06145833333333333 0.03611111111111111 0.027083333333333334 
