3 0.25277777777777777 0.15729166666666666 0.06388888888888888 0.04375 
3 0.4861111111111111 0.26979166666666665 0.08055555555555556 0.052083333333333336 
3 0.3277777777777778 0.19791666666666666 0.08611111111111111 0.05 
8 0.30069444444444443 0.5072916666666667 0.3375 0.29791666666666666 
3 0.9541666666666667 0.5864583333333333 0.06666666666666667 0.06041666666666667 
3 0.7854166666666667 0.45 0.06527777777777778 0.05 
3 0.8680555555555556 0.5104166666666666 0.07777777777777778 0.05416666666666667 
3 0.7222222222222222 0.42083333333333334 0.075 0.058333333333333334 
8 0.6104166666666667 0.34791666666666665 0.08472222222222223 0.06666666666666667 
3 0.12638888888888888 0.11145833333333334 0.041666666666666664 0.03958333333333333 
