5 0.9569444444444445 0.5604166666666667 0.058333333333333334 0.07916666666666666 
3 0.06875 0.23020833333333332 0.08472222222222223 0.05625 
3 0.12638888888888888 0.12083333333333333 0.041666666666666664 0.05416666666666667 
3 0.2298611111111111 0.11458333333333333 0.07083333333333333 0.05 
3 0.4951388888888889 0.38958333333333334 0.2708333333333333 0.19583333333333333 
8 0.17847222222222223 0.4552083333333333 0.26805555555555555 0.24791666666666667 
3 0.06527777777777778 0.3 0.1 0.07916666666666666 
3 0.17083333333333334 0.11875 0.041666666666666664 0.041666666666666664 
3 0.6972222222222222 0.35 0.2111111111111111 0.15833333333333333 
8 0.8756944444444444 0.6854166666666667 0.22083333333333333 0.19166666666666668 
3 0.38472222222222224 0.821875 0.48055555555555557 0.34791666666666665 
