3 0.6271929824561403 0.1337719298245614 0.07894736842105263 0.04824561403508772 
3 0.26608187134502925 0.13157894736842105 0.04678362573099415 0.02631578947368421 
3 0.35964912280701755 0.4868421052631579 0.26900584795321636 0.20175438596491227 
3 0.31140350877192985 0.1425438596491228 0.06725146198830409 0.039473684210526314 
3 0.049707602339181284 0.2543859649122807 0.04093567251461988 0.043859649122807015 
3 0.22514619883040934 0.14473684210526316 0.04678362573099415 0.02631578947368421 
10 0.5160818713450293 0.33771929824561403 0.2719298245614035 0.21929824561403508 
3 0.42543859649122806 0.1206140350877193 0.05555555555555555 0.03070175438596491 
3 0.5394736842105263 0.15350877192982457 0.07309941520467836 0.043859649122807015 
10 0.6900584795321637 0.2565789473684211 0.1871345029239766 0.13596491228070176 
