3 0.6527777777777778 0.34375 0.06666666666666667 0.05416666666666667 
5 0.9763888888888889 0.6979166666666666 0.03888888888888889 0.10416666666666667 
3 0.76875 0.5114583333333333 0.14027777777777778 0.12291666666666666 
3 0.9701388888888889 0.40729166666666666 0.04861111111111111 0.07708333333333334 
10 0.5819444444444445 0.3145833333333333 0.075 0.05 
3 0.7 0.33229166666666665 0.044444444444444446 0.04375 
3 0.8368055555555556 0.559375 0.12916666666666668 0.14791666666666667 
3 0.5854166666666667 0.44479166666666664 0.09305555555555556 0.06875 
10 0.33055555555555555 0.640625 0.12222222222222222 0.17708333333333334 
3 0.6152777777777778 0.390625 0.06666666666666667 0.052083333333333336 
3 0.5763888888888888 0.40208333333333335 0.10555555555555556 0.04583333333333333 
3 0.6743055555555556 0.4708333333333333 0.12916666666666668 0.09166666666666666 
3 0.8729166666666667 0.37395833333333334 0.07083333333333333 0.06041666666666667 
3 0.9229166666666667 0.6229166666666667 0.13194444444444445 0.1625 
3 0.93125 0.38958333333333334 0.06527777777777778 0.05 
3 0.7326388888888888 0.32083333333333336 0.04861111111111111 0.04583333333333333 
