3 0.25069444444444444 0.11666666666666667 0.04583333333333333 0.03333333333333333 
3 0.30486111111111114 0.07395833333333333 0.02361111111111111 0.03125 
3 0.2777777777777778 0.08541666666666667 0.027777777777777776 0.029166666666666667 
3 0.21597222222222223 0.12708333333333333 0.029166666666666667 0.025 
3 0.26319444444444445 0.3229166666666667 0.12361111111111112 0.12083333333333333 
8 0.9097222222222222 0.29791666666666666 0.1527777777777778 0.13333333333333333 
3 0.06527777777777778 0.22291666666666668 0.030555555555555555 0.03333333333333333 
8 0.17916666666666667 0.2635416666666667 0.10277777777777777 0.10208333333333333 
3 0.08263888888888889 0.23541666666666666 0.03194444444444444 0.04583333333333333 
7 0.33402777777777776 0.09791666666666667 0.006944444444444444 0.03333333333333333 
3 0.33819444444444446 0.07395833333333333 0.04027777777777778 0.027083333333333334 
8 0.12361111111111112 0.23958333333333334 0.06388888888888888 0.08333333333333333 
