8 0.1798611111111111 0.26666666666666666 0.10416666666666667 0.1 
3 0.06736111111111111 0.22083333333333333 0.02361111111111111 0.020833333333333332 
3 0.15 0.15625 0.027777777777777776 0.020833333333333332 
8 0.9055555555555556 0.30416666666666664 0.175 0.15833333333333333 
3 0.3645833333333333 0.11770833333333333 0.059722222222222225 0.035416666666666666 
3 0.0798611111111111 0.23541666666666666 0.020833333333333332 0.0375 
3 0.044444444444444446 0.21770833333333334 0.013888888888888888 0.01875 
3 0.3125 0.071875 0.019444444444444445 0.014583333333333334 
3 0.34652777777777777 0.06875 0.02361111111111111 0.020833333333333332 
3 0.11666666666666667 0.23958333333333334 0.06388888888888888 0.0625 
3 0.2722222222222222 0.08854166666666667 0.022222222222222223 0.022916666666666665 
3 0.24722222222222223 0.12291666666666666 0.019444444444444445 0.020833333333333332 
