3 0.43819444444444444 0.29270833333333335 0.04583333333333333 0.04791666666666667 
3 0.9104166666666667 0.3020833333333333 0.043055555555555555 0.04583333333333333 
3 0.40208333333333335 0.3625 0.06805555555555555 0.08333333333333333 
6 0.7875 0.28229166666666666 0.12222222222222222 0.08125 
3 0.15694444444444444 0.8739583333333333 0.19444444444444445 0.23958333333333334 
3 0.4652777777777778 0.23229166666666667 0.027777777777777776 0.03125 
3 0.3138888888888889 0.2989583333333333 0.05555555555555555 0.04375 
3 0.3472222222222222 0.48020833333333335 0.09722222222222222 0.11875 
3 0.44722222222222224 0.24791666666666667 0.03333333333333333 0.020833333333333332 
8 0.6986111111111111 0.2635416666666667 0.06111111111111111 0.06041666666666667 
5 0.022916666666666665 0.30104166666666665 0.04583333333333333 0.07291666666666667 
2 0.8472222222222222 0.3385416666666667 0.1388888888888889 0.09375 
