3 0.63125 0.2916666666666667 0.06527777777777778 0.058333333333333334 
3 0.025694444444444443 0.66875 0.05138888888888889 0.1 
3 0.7472222222222222 0.26666666666666666 0.03888888888888889 0.0375 
3 0.2833333333333333 0.28125 0.04722222222222222 0.025 
3 0.8715277777777778 0.4239583333333333 0.0625 0.10625 
8 0.3541666666666667 0.6072916666666667 0.25833333333333336 0.26458333333333334 
3 0.27291666666666664 0.3885416666666667 0.10694444444444444 0.08958333333333333 
5 0.7506944444444444 0.2125 0.02638888888888889 0.020833333333333332 
5 0.6597222222222222 0.20729166666666668 0.030555555555555555 0.03958333333333333 
8 0.6715277777777777 0.3572916666666667 0.09027777777777778 0.10208333333333333 
3 0.8715277777777778 0.5697916666666667 0.09027777777777778 0.17708333333333334 
3 0.86875 0.3333333333333333 0.04861111111111111 0.075 
0 0.5388888888888889 0.24791666666666667 0.1638888888888889 0.15 
3 0.30486111111111114 0.42916666666666664 0.12638888888888888 0.10833333333333334 
