8 0.5569444444444445 0.37395833333333334 0.11666666666666667 0.09791666666666667 
3 0.6590277777777778 0.20833333333333334 0.029166666666666667 0.029166666666666667 
0 0.38958333333333334 0.38333333333333336 0.4097222222222222 0.375 
3 0.8652777777777778 0.33645833333333336 0.05555555555555555 0.06875 
8 0.19652777777777777 0.7104166666666667 0.26805555555555555 0.2875 
3 0.8729166666666667 0.56875 0.09583333333333334 0.1625 
10 0.6083333333333333 0.46770833333333334 0.1527777777777778 0.18958333333333333 
3 0.8715277777777778 0.421875 0.06805555555555555 0.09375 
8 0.6305555555555555 0.290625 0.05277777777777778 0.052083333333333336 
5 0.9791666666666666 0.33229166666666665 0.03611111111111111 0.06875 
6 0.05555555555555555 0.9270833333333334 0.10833333333333334 0.14166666666666666 
