3 0.5715277777777777 0.628125 0.19305555555555556 0.29791666666666666 
3 0.6909722222222222 0.375 0.09861111111111111 0.125 
5 0.3854166666666667 0.9197916666666667 0.2625 0.15208333333333332 
3 0.1763888888888889 0.22083333333333333 0.05555555555555555 0.05 
3 0.5840277777777778 0.10208333333333333 0.04027777777777778 0.03333333333333333 
3 0.36319444444444443 0.15 0.04583333333333333 0.041666666666666664 
7 0.6069444444444444 0.34479166666666666 0.025 0.09375 
3 0.49583333333333335 0.12916666666666668 0.05 0.041666666666666664 
2 0.2625 0.4625 0.4666666666666667 0.4625 
3 0.5409722222222222 0.11666666666666667 0.04027777777777778 0.0375 
2 0.4423611111111111 0.21875 0.22916666666666666 0.13333333333333333 
