3 0.3645833333333333 0.3802083333333333 0.08194444444444444 0.04375 
3 0.7694444444444445 0.525 0.1388888888888889 0.11666666666666667 
3 0.9215277777777777 0.6333333333333333 0.14305555555555555 0.1625 
3 0.8326388888888889 0.3625 0.10416666666666667 0.0625 
3 0.6972222222222222 0.3489583333333333 0.05 0.04791666666666667 
3 0.7326388888888888 0.33229166666666665 0.04583333333333333 0.052083333333333336 
3 0.9722222222222222 0.7145833333333333 0.041666666666666664 0.13333333333333333 
3 0.58125 0.42604166666666665 0.12638888888888888 0.07708333333333334 
3 0.34791666666666665 0.6458333333333334 0.10972222222222222 0.14166666666666666 
3 0.86875 0.39166666666666666 0.0763888888888889 0.058333333333333334 
3 0.9305555555555556 0.403125 0.06388888888888888 0.052083333333333336 
3 0.9666666666666667 0.425 0.04722222222222222 0.08333333333333333 
3 0.5854166666666667 0.4583333333333333 0.10416666666666667 0.075 
3 0.8930555555555556 0.33645833333333336 0.09166666666666666 0.05625 
3 0.5909722222222222 0.3260416666666667 0.07916666666666666 0.04375 
3 0.5138888888888888 0.35625 0.06111111111111111 0.05416666666666667 
3 0.5743055555555555 0.3875 0.10416666666666667 0.03333333333333333 
3 0.6701388888888888 0.484375 0.12638888888888888 0.10208333333333333 
3 0.8340277777777778 0.5729166666666666 0.14305555555555555 0.14166666666666666 
