8 0.5526315789473685 0.1513157894736842 0.10526315789473684 0.04824561403508772 
3 0.38596491228070173 0.22149122807017543 0.12280701754385964 0.07456140350877193 
5 0.021929824561403508 0.3508771929824561 0.043859649122807015 0.08771929824561403 
3 0.2149122807017544 0.3048245614035088 0.13157894736842105 0.07456140350877193 
8 0.391812865497076 0.4692982456140351 0.3391812865497076 0.2543859649122807 
3 0.07602339181286549 0.24780701754385964 0.05263157894736842 0.05701754385964912 
3 0.22076023391812866 0.1425438596491228 0.049707602339181284 0.03070175438596491 
3 0.9517543859649122 0.4868421052631579 0.0847953216374269 0.13157894736842105 
5 0.014619883040935672 0.27850877192982454 0.029239766081871343 0.04824561403508772 
5 0.8377192982456141 0.18421052631578946 0.09649122807017543 0.08771929824561403 
3 0.7236842105263158 0.3333333333333333 0.195906432748538 0.13157894736842105 
