3 0.5861111111111111 0.45625 0.11388888888888889 0.09166666666666666 
3 0.7027777777777777 0.34375 0.058333333333333334 0.05 
3 0.9243055555555556 0.38958333333333334 0.07083333333333333 0.07083333333333333 
3 0.7402777777777778 0.5083333333333333 0.15833333333333333 0.15416666666666667 
3 0.5763888888888888 0.32708333333333334 0.075 0.05416666666666667 
3 0.9416666666666667 0.6583333333333333 0.10833333333333334 0.2 
3 0.6645833333333333 0.4822916666666667 0.13194444444444445 0.08541666666666667 
3 0.3798611111111111 0.36354166666666665 0.08194444444444444 0.05625 
3 0.8479166666666667 0.36041666666666666 0.07916666666666666 0.05416666666666667 
3 0.8159722222222222 0.5635416666666667 0.1375 0.12291666666666666 
3 0.31805555555555554 0.8177083333333334 0.16944444444444445 0.25625 
3 0.8986111111111111 0.5854166666666667 0.14722222222222223 0.16666666666666666 
3 0.5861111111111111 0.4166666666666667 0.125 0.05 
