3 0.7 0.340625 0.044444444444444446 0.04791666666666667 
3 0.5875 0.45729166666666665 0.09722222222222222 0.07708333333333334 
3 0.8340277777777778 0.5645833333333333 0.1375 0.14583333333333334 
3 0.26458333333333334 0.8677083333333333 0.17916666666666667 0.25625 
3 0.6708333333333333 0.4791666666666667 0.11944444444444445 0.10416666666666667 
3 0.8416666666666667 0.3541666666666667 0.10555555555555556 0.075 
3 0.5826388888888889 0.40520833333333334 0.14027777777777778 0.04791666666666667 
3 0.9256944444444445 0.6197916666666666 0.14305555555555555 0.16458333333333333 
3 0.9305555555555556 0.39375 0.06111111111111111 0.058333333333333334 
3 0.7673611111111112 0.515625 0.12916666666666668 0.11875 
3 0.6104166666666667 0.38958333333333334 0.07361111111111111 0.0375 
3 0.9770833333333333 0.6958333333333333 0.043055555555555555 0.125 
3 0.9722222222222222 0.41458333333333336 0.04722222222222222 0.0875 
3 0.73125 0.3260416666666667 0.043055555555555555 0.04791666666666667 
3 0.8701388888888889 0.38229166666666664 0.06527777777777778 0.05625 
