3 0.8777777777777778 0.13854166666666667 0.06111111111111111 0.04791666666666667 
3 0.9125 0.11041666666666666 0.04722222222222222 0.03333333333333333 
3 0.7618055555555555 0.05520833333333333 0.04583333333333333 0.027083333333333334 
3 0.23958333333333334 0.07083333333333333 0.04027777777777778 0.041666666666666664 
3 0.08611111111111111 0.15208333333333332 0.07777777777777778 0.05416666666666667 
3 0.96875 0.15729166666666666 0.034722222222222224 0.03125 
3 0.19027777777777777 0.615625 0.33611111111111114 0.22291666666666668 
3 0.23680555555555555 0.03958333333333333 0.03194444444444444 0.029166666666666667 
3 0.1388888888888889 0.23958333333333334 0.09722222222222222 0.0875 
3 0.7909722222222222 0.07916666666666666 0.05138888888888889 0.029166666666666667 
