3 0.8958333333333334 0.6166666666666667 0.16944444444444445 0.16666666666666666 
3 0.5826388888888889 0.4322916666666667 0.09583333333333334 0.06041666666666667 
7 0.2361111111111111 0.45208333333333334 0.013888888888888888 0.041666666666666664 
7 0.24513888888888888 0.43333333333333335 0.015277777777777777 0.05 
3 0.8041666666666667 0.5604166666666667 0.14444444444444443 0.14166666666666666 
4 0.43194444444444446 0.434375 0.027777777777777776 0.06458333333333334 
7 0.2652777777777778 0.4354166666666667 0.013888888888888888 0.05 
3 0.8972222222222223 0.384375 0.075 0.05625 
3 0.6888888888888889 0.3302083333333333 0.06666666666666667 0.04791666666666667 
3 0.9555555555555556 0.69375 0.07222222222222222 0.15833333333333333 
3 0.8041666666666667 0.3541666666666667 0.044444444444444446 0.03333333333333333 
3 0.7270833333333333 0.528125 0.14305555555555555 0.11041666666666666 
3 0.9645833333333333 0.42083333333333334 0.05138888888888889 0.075 
7 0.27708333333333335 0.42916666666666664 0.015277777777777777 0.041666666666666664 
3 0.9305555555555556 0.40729166666666666 0.05555555555555555 0.06041666666666667 
3 0.7618055555555555 0.33541666666666664 0.05694444444444444 0.05 
3 0.5791666666666667 0.471875 0.14166666666666666 0.09375 
3 0.6020833333333333 0.3229166666666667 0.07361111111111111 0.04583333333333333 
3 0.8409722222222222 0.3697916666666667 0.07916666666666666 0.06041666666666667 
3 0.6715277777777777 0.471875 0.10972222222222222 0.08958333333333333 
