3 0.17083333333333334 0.13541666666666666 0.05555555555555555 0.0375 
3 0.30625 0.19791666666666666 0.06805555555555555 0.041666666666666664 
3 0.8236111111111111 0.49583333333333335 0.06666666666666667 0.058333333333333334 
5 0.9659722222222222 0.6 0.04861111111111111 0.058333333333333334 
8 0.33958333333333335 0.5114583333333333 0.30972222222222223 0.26458333333333334 
3 0.5694444444444444 0.32916666666666666 0.08611111111111111 0.058333333333333334 
3 0.7798611111111111 0.4510416666666667 0.07361111111111111 0.052083333333333336 
3 0.9111111111111111 0.5625 0.05277777777777778 0.05 
3 0.06875 0.10520833333333333 0.043055555555555555 0.03125 
3 0.25 0.16041666666666668 0.05277777777777778 0.0375 
8 0.5076388888888889 0.2791666666666667 0.08472222222222223 0.05416666666666667 
3 0.8875 0.5208333333333334 0.03888888888888889 0.020833333333333332 
3 0.42430555555555555 0.253125 0.07916666666666666 0.05625 
3 0.6479166666666667 0.3572916666666667 0.05694444444444444 0.03958333333333333 
3 0.3645833333333333 0.20729166666666668 0.04861111111111111 0.03958333333333333 
3 0.6840277777777778 0.403125 0.0763888888888889 0.06041666666666667 
