3 0.1701388888888889 0.1125 0.05416666666666667 0.041666666666666664 
3 0.23402777777777778 0.11354166666666667 0.07916666666666666 0.06041666666666667 
3 0.7236111111111111 0.478125 0.2777777777777778 0.18125 
3 0.14930555555555555 0.30416666666666664 0.15138888888888888 0.12083333333333333 
5 0.027083333333333334 0.27395833333333336 0.04861111111111111 0.08541666666666667 
3 0.5222222222222223 0.5645833333333333 0.32222222222222224 0.24583333333333332 
3 0.12986111111111112 0.11979166666666667 0.05138888888888889 0.04791666666666667 
3 0.04583333333333333 0.23333333333333334 0.058333333333333334 0.058333333333333334 
3 0.3909722222222222 0.3770833333333333 0.24305555555555555 0.14583333333333334 
5 0.024305555555555556 0.36666666666666664 0.04027777777777778 0.08333333333333333 
3 0.38125 0.26666666666666666 0.17916666666666667 0.09583333333333334 
