5 0.16875 0.6177083333333333 0.3375 0.34375 
3 0.6555555555555556 0.4 0.11388888888888889 0.12083333333333333 
3 0.7895833333333333 0.225 0.018055555555555554 0.025 
8 0.46041666666666664 0.35625 0.10972222222222222 0.09166666666666666 
3 0.7680555555555556 0.240625 0.022222222222222223 0.022916666666666665 
3 0.8701388888888889 0.303125 0.034722222222222224 0.06041666666666667 
3 0.88125 0.4010416666666667 0.06805555555555555 0.08958333333333333 
3 0.6430555555555556 0.296875 0.05555555555555555 0.052083333333333336 
0 0.9222222222222223 0.23020833333333332 0.125 0.06458333333333334 
3 0.7631944444444444 0.20416666666666666 0.015277777777777777 0.020833333333333332 
8 0.17291666666666666 0.7072916666666667 0.2652777777777778 0.25625 
