3 0.8902777777777777 0.7010416666666667 0.18888888888888888 0.18541666666666667 
3 0.15138888888888888 0.30833333333333335 0.14722222222222223 0.12083333333333333 
3 0.7263888888888889 0.478125 0.275 0.18958333333333333 
3 0.3909722222222222 0.3802083333333333 0.24861111111111112 0.15208333333333332 
3 0.2298611111111111 0.11354166666666667 0.07361111111111111 0.05625 
3 0.1701388888888889 0.4510416666666667 0.21805555555555556 0.16875 
3 0.13055555555555556 0.11770833333333333 0.05277777777777778 0.05625 
3 0.9090277777777778 0.4479166666666667 0.1625 0.13333333333333333 
3 0.21458333333333332 0.23854166666666668 0.14305555555555555 0.09375 
3 0.17222222222222222 0.11979166666666667 0.04722222222222222 0.04791666666666667 
3 0.029166666666666667 0.2791666666666667 0.05555555555555555 0.09583333333333334 
