3 0.6159722222222223 0.3958333333333333 0.059722222222222225 0.025 
3 0.6069444444444444 0.3770833333333333 0.05277777777777778 0.025 
3 0.76875 0.5145833333333333 0.1375 0.1125 
3 0.8340277777777778 0.5645833333333333 0.1375 0.14583333333333334 
3 0.675 0.47708333333333336 0.12777777777777777 0.0875 
3 0.8708333333333333 0.3885416666666667 0.06944444444444445 0.052083333333333336 
3 0.5875 0.321875 0.06944444444444445 0.03958333333333333 
3 0.5854166666666667 0.45416666666666666 0.08194444444444444 0.06666666666666667 
3 0.9708333333333333 0.41458333333333336 0.041666666666666664 0.09166666666666666 
2 0.1840277777777778 0.7052083333333333 0.3597222222222222 0.5854166666666667 
3 0.9222222222222223 0.6239583333333333 0.1361111111111111 0.16041666666666668 
3 0.9305555555555556 0.3958333333333333 0.058333333333333334 0.05416666666666667 
3 0.58125 0.42291666666666666 0.11527777777777778 0.06666666666666667 
3 0.6993055555555555 0.3416666666666667 0.04583333333333333 0.05 
3 0.9722222222222222 0.7104166666666667 0.03333333333333333 0.1125 
3 0.8395833333333333 0.35520833333333335 0.09861111111111111 0.05625 
3 0.73125 0.3302083333333333 0.043055555555555555 0.03958333333333333 
