7 0.4131944444444444 0.9135416666666667 0.043055555555555555 0.16875 
3 0.7 0.321875 0.05 0.03125 
5 0.4013888888888889 0.26979166666666665 0.025 0.04375 
3 0.7111111111111111 0.4822916666666667 0.09722222222222222 0.11458333333333333 
3 0.7909722222222222 0.35625 0.06527777777777778 0.029166666666666667 
7 0.06458333333333334 0.8875 0.05694444444444444 0.2 
10 0.5701388888888889 0.35520833333333335 0.05138888888888889 0.08125 
2 0.5013888888888889 0.359375 0.09444444444444444 0.14375 
3 0.9305555555555556 0.3885416666666667 0.04722222222222222 0.022916666666666665 
7 0.32083333333333336 0.3572916666666667 0.008333333333333333 0.05625 
3 0.7576388888888889 0.3385416666666667 0.05416666666666667 0.035416666666666666 
