7 0.85 0.2677083333333333 0.005555555555555556 0.03125 
7 0.8215277777777777 0.3302083333333333 0.0125 0.06041666666666667 
7 0.8034722222222223 0.3260416666666667 0.015277777777777777 0.052083333333333336 
3 0.6194444444444445 0.8552083333333333 0.3138888888888889 0.28125 
7 0.85625 0.34375 0.009722222222222222 0.05 
7 0.8284722222222223 0.259375 0.009722222222222222 0.027083333333333334 
3 0.6604166666666667 0.24479166666666666 0.05694444444444444 0.03958333333333333 
3 0.7354166666666667 0.2677083333333333 0.0763888888888889 0.05625 
7 0.8402777777777778 0.2604166666666667 0.005555555555555556 0.03333333333333333 
7 0.8375 0.3375 0.019444444444444445 0.05 
