7 0.6673611111111111 0.2635416666666667 0.015277777777777777 0.07708333333333334 
7 0.6506944444444445 0.275 0.015277777777777777 0.06666666666666667 
3 0.05625 0.5458333333333333 0.10972222222222222 0.17083333333333334 
7 0.5770833333333333 0.20625 0.0125 0.0625 
7 0.5868055555555556 0.2677083333333333 0.020833333333333332 0.04791666666666667 
7 0.5583333333333333 0.19895833333333332 0.016666666666666666 0.05625 
3 0.8847222222222222 0.609375 0.16111111111111112 0.16875 
3 0.9270833333333334 0.7364583333333333 0.11527777777777778 0.20625 
7 0.1763888888888889 0.546875 0.05 0.11041666666666666 
7 0.675 0.203125 0.011111111111111112 0.03125 
2 0.7590277777777777 0.7052083333333333 0.4597222222222222 0.5854166666666667 
3 0.26180555555555557 0.825 0.1736111111111111 0.3375 
7 0.59375 0.21458333333333332 0.020833333333333332 0.04583333333333333 
1 0.6555555555555556 0.203125 0.008333333333333333 0.03958333333333333 
