10 0.6868055555555556 0.384375 0.09583333333333334 0.08125 
8 0.05486111111111111 0.21875 0.10138888888888889 0.13333333333333333 
8 0.9159722222222222 0.553125 0.07361111111111111 0.06041666666666667 
8 0.2423611111111111 0.15208333333333332 0.06805555555555555 0.04583333333333333 
8 0.46944444444444444 0.2520833333333333 0.08333333333333333 0.06666666666666667 
3 0.4076388888888889 0.24270833333333333 0.08472222222222223 0.052083333333333336 
3 0.03819444444444445 0.09375 0.043055555555555555 0.041666666666666664 
8 0.23819444444444443 0.14791666666666667 0.0763888888888889 0.04583333333333333 
8 0.2638888888888889 0.6739583333333333 0.4888888888888889 0.48541666666666666 
3 0.03333333333333333 0.09479166666666666 0.03888888888888889 0.022916666666666665 
3 0.41041666666666665 0.23958333333333334 0.0763888888888889 0.04583333333333333 
8 0.4576388888888889 0.24791666666666667 0.09861111111111111 0.07083333333333333 
3 0.9215277777777777 0.5572916666666666 0.06527777777777778 0.06458333333333334 
