8 0.18194444444444444 0.2635416666666667 0.10555555555555556 0.09791666666666667 
8 0.9347222222222222 0.6572916666666667 0.10277777777777777 0.2604166666666667 
3 0.11875 0.23645833333333333 0.059722222222222225 0.07291666666666667 
3 0.8298611111111112 0.3697916666666667 0.24027777777777778 0.22708333333333333 
3 0.26944444444444443 0.3229166666666667 0.11944444444444445 0.12916666666666668 
3 0.3013888888888889 0.07083333333333333 0.03611111111111111 0.025 
3 0.2777777777777778 0.08645833333333333 0.030555555555555555 0.027083333333333334 
3 0.2520833333333333 0.11666666666666667 0.04027777777777778 0.025 
3 0.08055555555555556 0.22916666666666666 0.025 0.03333333333333333 
3 0.3375 0.06979166666666667 0.044444444444444446 0.03125 
3 0.3784722222222222 0.14375 0.0875 0.058333333333333334 
