3 0.6784722222222223 0.46979166666666666 0.11805555555555555 0.09375 
3 0.9666666666666667 0.41458333333333336 0.05 0.075 
3 0.8465277777777778 0.3645833333333333 0.07916666666666666 0.0625 
7 0.23125 0.440625 0.018055555555555554 0.052083333333333336 
3 0.5979166666666667 0.321875 0.07083333333333333 0.052083333333333336 
3 0.34305555555555556 0.371875 0.06944444444444445 0.04375 
3 0.58125 0.46770833333333334 0.1375 0.08958333333333333 
3 0.9 0.6125 0.16111111111111112 0.15833333333333333 
3 0.8076388888888889 0.559375 0.1486111111111111 0.14375 
3 0.9611111111111111 0.6875 0.06388888888888888 0.16666666666666666 
3 0.9305555555555556 0.39895833333333336 0.05555555555555555 0.06458333333333334 
3 0.8916666666666667 0.3770833333333333 0.058333333333333334 0.058333333333333334 
3 0.6902777777777778 0.328125 0.06388888888888888 0.06041666666666667 
7 0.28958333333333336 0.42291666666666666 0.015277777777777777 0.058333333333333334 
3 0.7263888888888889 0.5302083333333333 0.1388888888888889 0.10625 
7 0.25069444444444444 0.4395833333333333 0.020833333333333332 0.05 
3 0.58125 0.4270833333333333 0.09861111111111111 0.06666666666666667 
3 0.33611111111111114 0.6447916666666667 0.14722222222222223 0.20625 
