3 0.8930555555555556 0.3802083333333333 0.07222222222222222 0.06458333333333334 
3 0.46944444444444444 0.37083333333333335 0.06944444444444445 0.05416666666666667 
3 0.6763888888888889 0.46770833333333334 0.12222222222222222 0.10208333333333333 
3 0.96875 0.41770833333333335 0.05416666666666667 0.07708333333333334 
3 0.4027777777777778 0.47604166666666664 0.08333333333333333 0.08541666666666667 
3 0.80625 0.3489583333333333 0.05416666666666667 0.052083333333333336 
5 0.9597222222222223 0.6854166666666667 0.075 0.17083333333333334 
3 0.7583333333333333 0.33229166666666665 0.06111111111111111 0.052083333333333336 
3 0.5819444444444445 0.46979166666666666 0.1388888888888889 0.09791666666666667 
3 0.8451388888888889 0.359375 0.07916666666666666 0.06041666666666667 
3 0.6930555555555555 0.32916666666666666 0.06388888888888888 0.05 
3 0.9013888888888889 0.6135416666666667 0.16944444444444445 0.16875 
3 0.5916666666666667 0.4322916666666667 0.12222222222222222 0.05625 
3 0.12222222222222222 0.42083333333333334 0.03333333333333333 0.03333333333333333 
3 0.9375 0.3958333333333333 0.075 0.0625 
3 0.9652777777777778 0.3229166666666667 0.05555555555555555 0.04583333333333333 
3 0.8055555555555556 0.5583333333333333 0.1527777777777778 0.15 
3 0.7256944444444444 0.528125 0.14027777777777778 0.12708333333333333 
3 0.5993055555555555 0.31979166666666664 0.07083333333333333 0.04375 
