3 0.6701388888888888 0.46875 0.12638888888888888 0.1 
3 0.8354166666666667 0.5572916666666666 0.14583333333333334 0.15208333333333332 
5 0.9736111111111111 0.6885416666666667 0.03888888888888889 0.11458333333333333 
3 0.6104166666666667 0.384375 0.06527777777777778 0.03958333333333333 
3 0.6972222222222222 0.3302083333333333 0.058333333333333334 0.06041666666666667 
3 0.9277777777777778 0.3875 0.06388888888888888 0.058333333333333334 
3 0.7659722222222223 0.509375 0.13472222222222222 0.11875 
10 0.24027777777777778 0.88125 0.2111111111111111 0.23333333333333334 
3 0.9666666666666667 0.4125 0.044444444444444446 0.07916666666666666 
3 0.8708333333333333 0.3729166666666667 0.06944444444444445 0.06666666666666667 
3 0.5805555555555556 0.4083333333333333 0.12777777777777777 0.07083333333333333 
3 0.9208333333333333 0.615625 0.1361111111111111 0.15625 
3 0.5881944444444445 0.44479166666666664 0.09027777777777778 0.08125 
10 0.034027777777777775 0.525 0.06805555555555555 0.14166666666666666 
10 0.8368055555555556 0.34479166666666666 0.09027777777777778 0.07291666666666667 
3 0.7326388888888888 0.325 0.04861111111111111 0.058333333333333334 
3 0.5805555555555556 0.31354166666666666 0.075 0.03958333333333333 
