3 0.7111111111111111 0.28541666666666665 0.06111111111111111 0.03333333333333333 
3 0.5833333333333334 0.3927083333333333 0.125 0.04375 
3 0.9340277777777778 0.396875 0.059722222222222225 0.052083333333333336 
3 0.43819444444444444 0.440625 0.06805555555555555 0.07708333333333334 
3 0.83125 0.5666666666666667 0.14583333333333334 0.15 
3 0.33819444444444446 0.44583333333333336 0.06527777777777778 0.06666666666666667 
3 0.9743055555555555 0.6989583333333333 0.043055555555555555 0.13541666666666666 
3 0.5805555555555556 0.4583333333333333 0.09444444444444444 0.07083333333333333 
3 0.5916666666666667 0.325 0.075 0.04583333333333333 
3 0.2513888888888889 0.32916666666666666 0.03888888888888889 0.03333333333333333 
3 0.7340277777777777 0.32708333333333334 0.04027777777777778 0.041666666666666664 
3 0.6979166666666666 0.34375 0.05138888888888889 0.04583333333333333 
3 0.18055555555555555 0.4010416666666667 0.06666666666666667 0.052083333333333336 
3 0.6763888888888889 0.4791666666666667 0.1388888888888889 0.09583333333333334 
3 0.2951388888888889 0.4041666666666667 0.08472222222222223 0.041666666666666664 
3 0.8423611111111111 0.359375 0.10694444444444444 0.07291666666666667 
3 0.7729166666666667 0.5197916666666667 0.1486111111111111 0.11875 
3 0.3909722222222222 0.5229166666666667 0.10416666666666667 0.11666666666666667 
3 0.11388888888888889 0.43020833333333336 0.030555555555555555 0.035416666666666666 
3 0.5826388888888889 0.42916666666666664 0.12638888888888888 0.075 
3 0.91875 0.6322916666666667 0.14027777777777778 0.15625 
3 0.9708333333333333 0.4166666666666667 0.044444444444444446 0.08333333333333333 
3 0.6458333333333334 0.278125 0.03333333333333333 0.03125 
3 0.8715277777777778 0.3875 0.07361111111111111 0.05416666666666667 
3 0.36875 0.7166666666666667 0.13194444444444445 0.20833333333333334 
