3 0.9694444444444444 0.4125 0.04722222222222222 0.07916666666666666 
3 0.73125 0.31875 0.043055555555555555 0.05 
3 0.8729166666666667 0.378125 0.07361111111111111 0.05625 
3 0.5833333333333334 0.4166666666666667 0.12777777777777777 0.07916666666666666 
3 0.8347222222222223 0.5572916666666666 0.14166666666666666 0.15208333333333332 
3 0.5819444444444445 0.315625 0.07222222222222222 0.04375 
3 0.7652777777777777 0.5072916666666667 0.13333333333333333 0.11458333333333333 
3 0.3506944444444444 0.58125 0.10138888888888889 0.12916666666666668 
3 0.5854166666666667 0.4427083333333333 0.09861111111111111 0.07708333333333334 
5 0.9729166666666667 0.6770833333333334 0.04027777777777778 0.12916666666666668 
3 0.9284722222222223 0.38958333333333334 0.059722222222222225 0.05 
3 0.9222222222222223 0.61875 0.14166666666666666 0.15416666666666667 
3 0.7020833333333333 0.3302083333333333 0.04027777777777778 0.04791666666666667 
3 0.6708333333333333 0.4708333333333333 0.125 0.09166666666666666 
3 0.8340277777777778 0.34479166666666666 0.09305555555555556 0.07291666666666667 
3 0.2152777777777778 0.6541666666666667 0.12777777777777777 0.15416666666666667 
