3 0.9 0.5885416666666666 0.14722222222222223 0.16458333333333333 
3 0.9381944444444444 0.6583333333333333 0.10972222222222222 0.18333333333333332 
3 0.5888888888888889 0.453125 0.125 0.09791666666666667 
3 0.6659722222222222 0.47291666666666665 0.13472222222222222 0.10416666666666667 
3 0.8145833333333333 0.5614583333333333 0.12916666666666668 0.12291666666666666 
3 0.7916666666666666 0.353125 0.03611111111111111 0.05625 
3 0.8465277777777778 0.3614583333333333 0.08472222222222223 0.06041666666666667 
3 0.9277777777777778 0.3854166666666667 0.075 0.075 
3 0.6972222222222222 0.340625 0.058333333333333334 0.06041666666666667 
3 0.33055555555555555 0.6364583333333333 0.14722222222222223 0.21041666666666667 
3 0.58125 0.325 0.07916666666666666 0.05 
7 0.7506944444444444 0.35208333333333336 0.018055555555555554 0.0625 
3 0.5847222222222223 0.41875 0.13055555555555556 0.07083333333333333 
3 0.74375 0.50625 0.15416666666666667 0.14583333333333334 
