3 0.7722222222222223 0.09791666666666667 0.05 0.025 
10 0.041666666666666664 0.28020833333333334 0.05277777777777778 0.08958333333333333 
3 0.10069444444444445 0.37916666666666665 0.07361111111111111 0.1 
3 0.6638888888888889 0.11666666666666667 0.04722222222222222 0.03333333333333333 
3 0.6895833333333333 0.11145833333333334 0.0375 0.027083333333333334 
3 0.6291666666666667 0.12395833333333334 0.075 0.04375 
3 0.53125 0.109375 0.05416666666666667 0.03125 
3 0.4909722222222222 0.12604166666666666 0.04583333333333333 0.027083333333333334 
2 0.6861111111111111 0.4166666666666667 0.6027777777777777 0.4875 
3 0.7090277777777778 0.10520833333333333 0.04861111111111111 0.027083333333333334 
