3 0.05763888888888889 0.5927083333333333 0.11527777777777778 0.18125 
3 0.8756944444444444 0.1375 0.06527777777777778 0.04583333333333333 
3 0.9090277777777778 0.11354166666666667 0.0375 0.027083333333333334 
3 0.7875 0.08229166666666667 0.05277777777777778 0.035416666666666666 
3 0.7256944444444444 0.03854166666666667 0.03194444444444444 0.027083333333333334 
3 0.15902777777777777 0.41354166666666664 0.22916666666666666 0.17708333333333334 
8 0.2388888888888889 0.0375 0.027777777777777776 0.029166666666666667 
3 0.9722222222222222 0.16145833333333334 0.03333333333333333 0.022916666666666665 
3 0.7104166666666667 0.07604166666666666 0.04027777777777778 0.03958333333333333 
3 0.7597222222222222 0.057291666666666664 0.041666666666666664 0.022916666666666665 
