3 0.32083333333333336 0.309375 0.03611111111111111 0.027083333333333334 
2 0.7381944444444445 0.6020833333333333 0.5041666666666667 0.475 
2 0.29375 0.28125 0.07083333333333333 0.041666666666666664 
3 0.3951388888888889 0.3229166666666667 0.05138888888888889 0.025 
2 0.5493055555555556 0.3 0.19583333333333333 0.09166666666666666 
10 0.9104166666666667 0.42916666666666664 0.12361111111111112 0.058333333333333334 
3 0.5444444444444444 0.3458333333333333 0.08888888888888889 0.0375 
10 0.2673611111111111 0.30104166666666665 0.034722222222222224 0.035416666666666666 
2 0.16458333333333333 0.3145833333333333 0.05138888888888889 0.058333333333333334 
3 0.3590277777777778 0.2989583333333333 0.04583333333333333 0.035416666666666666 
