3 0.38819444444444445 0.53125 0.10416666666666667 0.10833333333333334 
3 0.5909722222222222 0.32708333333333334 0.07361111111111111 0.04583333333333333 
3 0.8354166666666667 0.5697916666666667 0.14583333333333334 0.14791666666666667 
3 0.4375 0.446875 0.06666666666666667 0.06458333333333334 
3 0.5847222222222223 0.4635416666666667 0.09166666666666666 0.08541666666666667 
3 0.5798611111111112 0.43020833333333336 0.12638888888888888 0.07291666666666667 
3 0.9326388888888889 0.4010416666666667 0.06527777777777778 0.06041666666666667 
3 0.6951388888888889 0.34375 0.04583333333333333 0.05 
3 0.9208333333333333 0.625 0.1388888888888889 0.16666666666666666 
3 0.4791666666666667 0.378125 0.06666666666666667 0.06458333333333334 
3 0.9680555555555556 0.421875 0.04722222222222222 0.09375 
3 0.7694444444444445 0.525 0.14166666666666666 0.125 
3 0.8680555555555556 0.39166666666666666 0.07777777777777778 0.0625 
3 0.28958333333333336 0.40729166666666666 0.0763888888888889 0.04375 
10 0.8333333333333334 0.36875 0.10555555555555556 0.07916666666666666 
3 0.27152777777777776 0.6739583333333333 0.08472222222222223 0.13958333333333334 
3 0.7347222222222223 0.33645833333333336 0.041666666666666664 0.04375 
5 0.9729166666666667 0.715625 0.0375 0.13125 
3 0.58125 0.39166666666666666 0.10972222222222222 0.04583333333333333 
3 0.6701388888888888 0.4875 0.12083333333333333 0.09583333333333334 
