3 0.24375 0.12708333333333333 0.06805555555555555 0.025 
3 0.5486111111111112 0.18229166666666666 0.14722222222222223 0.08958333333333333 
3 0.3763888888888889 0.08125 0.058333333333333334 0.025 
9 0.3680555555555556 0.178125 0.20277777777777778 0.15625 
9 0.08888888888888889 0.16458333333333333 0.041666666666666664 0.058333333333333334 
3 0.26805555555555555 0.32916666666666666 0.12222222222222222 0.12916666666666668 
3 0.33819444444444446 0.075 0.0375 0.03333333333333333 
3 0.06180555555555556 0.23020833333333332 0.015277777777777777 0.03125 
8 0.18125 0.27291666666666664 0.1125 0.1125 
3 0.07708333333333334 0.2375 0.029166666666666667 0.05 
8 0.11875 0.240625 0.0625 0.07708333333333334 
