3 0.6027777777777777 0.321875 0.07777777777777778 0.04375 
3 0.8076388888888889 0.5604166666666667 0.15138888888888888 0.15416666666666667 
3 0.8145833333333333 0.3541666666666667 0.059722222222222225 0.05 
3 0.5854166666666667 0.425 0.10416666666666667 0.058333333333333334 
3 0.9409722222222222 0.396875 0.06805555555555555 0.06458333333333334 
3 0.7666666666666667 0.340625 0.06111111111111111 0.05625 
3 0.6791666666666667 0.46458333333333335 0.12222222222222222 0.08333333333333333 
7 0.6416666666666667 0.30104166666666665 0.008333333333333333 0.035416666666666666 
3 0.5861111111111111 0.47604166666666664 0.14444444444444443 0.08958333333333333 
3 0.8472222222222222 0.3697916666666667 0.08888888888888889 0.06041666666666667 
3 0.7277777777777777 0.525 0.14722222222222223 0.11666666666666667 
3 0.9027777777777778 0.6166666666666667 0.18055555555555555 0.17083333333333334 
3 0.6958333333333333 0.3302083333333333 0.06666666666666667 0.052083333333333336 
3 0.58125 0.26458333333333334 0.02361111111111111 0.020833333333333332 
3 0.3194444444444444 0.6447916666666667 0.12777777777777777 0.18125 
3 0.9666666666666667 0.4239583333333333 0.05277777777777778 0.08125 
3 0.9604166666666667 0.6875 0.0763888888888889 0.1625 
3 0.8979166666666667 0.38229166666666664 0.06805555555555555 0.06458333333333334 
