3 0.8381944444444445 0.5666666666666667 0.14583333333333334 0.14583333333333334 
3 0.7368055555555556 0.32708333333333334 0.05138888888888889 0.05416666666666667 
3 0.6965277777777777 0.33958333333333335 0.05416666666666667 0.05 
5 0.9708333333333333 0.6979166666666666 0.041666666666666664 0.12083333333333333 
3 0.5854166666666667 0.32395833333333335 0.07361111111111111 0.04791666666666667 
3 0.6722222222222223 0.478125 0.12222222222222222 0.09375 
3 0.93125 0.3885416666666667 0.0625 0.06041666666666667 
3 0.76875 0.5177083333333333 0.14027777777777778 0.11875 
3 0.6138888888888889 0.3854166666666667 0.058333333333333334 0.03333333333333333 
3 0.9680555555555556 0.41041666666666665 0.04722222222222222 0.09166666666666666 
3 0.8680555555555556 0.384375 0.06944444444444445 0.06041666666666667 
3 0.5902777777777778 0.4510416666666667 0.09722222222222222 0.07708333333333334 
3 0.9222222222222223 0.621875 0.1388888888888889 0.15208333333333332 
3 0.33958333333333335 0.6291666666666667 0.12083333333333333 0.15833333333333333 
10 0.8375 0.3541666666666667 0.09722222222222222 0.07083333333333333 
3 0.5826388888888889 0.41770833333333335 0.13472222222222222 0.06875 
