3 0.7909722222222222 0.6822916666666666 0.20416666666666666 0.29375 
3 0.6604166666666667 0.24791666666666667 0.06527777777777778 0.05416666666666667 
7 0.8743055555555556 0.20416666666666666 0.004166666666666667 0.020833333333333332 
3 0.5694444444444444 0.21145833333333333 0.06944444444444445 0.03958333333333333 
3 0.7284722222222222 0.2708333333333333 0.0625 0.05416666666666667 
7 0.8902777777777777 0.30625 0.011111111111111112 0.029166666666666667 
3 0.28680555555555554 0.21354166666666666 0.0763888888888889 0.052083333333333336 
3 0.4597222222222222 0.175 0.041666666666666664 0.025 
3 0.61875 0.23958333333333334 0.07083333333333333 0.04583333333333333 
7 0.8666666666666667 0.203125 0.005555555555555556 0.014583333333333334 
