3 0.08958333333333333 0.14895833333333333 0.04583333333333333 0.03958333333333333 
3 0.9138888888888889 0.11354166666666667 0.044444444444444446 0.035416666666666666 
3 0.7673611111111112 0.05625 0.05416666666666667 0.029166666666666667 
9 0.5527777777777778 0.70625 0.8555555555555555 0.575 
3 0.034027777777777775 0.175 0.06527777777777778 0.06666666666666667 
3 0.7916666666666666 0.07916666666666666 0.05 0.03333333333333333 
3 0.5118055555555555 0.36354166666666665 0.2902777777777778 0.11458333333333333 
3 0.9680555555555556 0.15729166666666666 0.041666666666666664 0.027083333333333334 
8 0.2388888888888889 0.0375 0.03333333333333333 0.025 
5 0.8451388888888889 0.06666666666666667 0.04583333333333333 0.03333333333333333 
3 0.8777777777777778 0.13541666666666666 0.06944444444444445 0.05 
