5 0.8027777777777778 0.35520833333333335 0.03888888888888889 0.03958333333333333 
3 0.6763888888888889 0.471875 0.11944444444444445 0.09375 
3 0.5826388888888889 0.42291666666666666 0.09861111111111111 0.05416666666666667 
3 0.69375 0.3302083333333333 0.05416666666666667 0.052083333333333336 
3 0.8097222222222222 0.5583333333333333 0.15 0.14583333333333334 
3 0.5798611111111112 0.471875 0.1375 0.08541666666666667 
3 0.8916666666666667 0.38333333333333336 0.06111111111111111 0.05416666666666667 
3 0.6020833333333333 0.31979166666666664 0.07083333333333333 0.04375 
5 0.9555555555555556 0.703125 0.06666666666666667 0.14375 
7 0.2875 0.425 0.025 0.05 
5 0.7631944444444444 0.33645833333333336 0.04583333333333333 0.04375 
5 0.5298611111111111 0.32083333333333336 0.05416666666666667 0.04583333333333333 
5 0.9673611111111111 0.4239583333333333 0.05138888888888889 0.08541666666666667 
7 0.23125 0.44375 0.018055555555555554 0.04583333333333333 
3 0.7277777777777777 0.5260416666666666 0.14722222222222223 0.11458333333333333 
3 0.8958333333333334 0.6166666666666667 0.16666666666666666 0.17083333333333334 
3 0.9333333333333333 0.4 0.06388888888888888 0.07083333333333333 
3 0.8465277777777778 0.36770833333333336 0.07916666666666666 0.06041666666666667 
5 0.09722222222222222 0.46041666666666664 0.03333333333333333 0.05 
3 0.40902777777777777 0.46458333333333335 0.08472222222222223 0.08333333333333333 
