3 0.2520833333333333 0.6416666666666667 0.37083333333333335 0.38333333333333336 
3 0.1840277777777778 0.13125 0.0625 0.0375 
3 0.9319444444444445 0.5625 0.06388888888888888 0.058333333333333334 
3 0.8416666666666667 0.49583333333333335 0.058333333333333334 0.05 
3 0.5708333333333333 0.32708333333333334 0.07222222222222222 0.058333333333333334 
8 0.7201388888888889 0.409375 0.09027777777777778 0.06458333333333334 
3 0.11458333333333333 0.115625 0.06805555555555555 0.03958333333333333 
3 0.05277777777777778 0.09479166666666666 0.05277777777777778 0.035416666666666666 
3 0.35694444444444445 0.21979166666666666 0.075 0.04791666666666667 
8 0.29097222222222224 0.17291666666666666 0.0763888888888889 0.058333333333333334 
8 0.4263888888888889 0.23020833333333332 0.07777777777777778 0.06041666666666667 
3 0.22361111111111112 0.159375 0.06111111111111111 0.04375 
