3 0.8340277777777778 0.21145833333333333 0.09583333333333334 0.08125 
3 0.8909722222222223 0.203125 0.07361111111111111 0.09791666666666667 
3 0.5666666666666667 0.128125 0.06944444444444445 0.07708333333333334 
3 0.4548611111111111 0.08333333333333333 0.09027777777777778 0.07083333333333333 
3 0.6868055555555556 0.16979166666666667 0.09861111111111111 0.08541666666666667 
3 0.7770833333333333 0.22083333333333333 0.09027777777777778 0.0875 
2 0.5833333333333334 0.35833333333333334 0.5805555555555556 0.525 
3 0.8527777777777777 0.2 0.09166666666666666 0.08333333333333333 
10 0.4986111111111111 0.09583333333333334 0.09444444444444444 0.075 
10 0.4270833333333333 0.06354166666666666 0.10138888888888889 0.06041666666666667 
