2 0.6826388888888889 0.5041666666666667 0.2652777777777778 0.49583333333333335 
3 0.6680555555555555 0.265625 0.058333333333333334 0.052083333333333336 
2 0.5951388888888889 0.2125 0.09027777777777778 0.0625 
5 0.02638888888888889 0.28854166666666664 0.05277777777777778 0.06875 
3 0.44583333333333336 0.23958333333333334 0.03611111111111111 0.03333333333333333 
3 0.34305555555555556 0.48125 0.09722222222222222 0.12083333333333333 
3 0.4673611111111111 0.22083333333333333 0.029166666666666667 0.04583333333333333 
2 0.8819444444444444 0.33958333333333335 0.23055555555555557 0.18333333333333332 
3 0.11388888888888889 0.2635416666666667 0.05 0.03958333333333333 
2 0.725 0.24166666666666667 0.11944444444444445 0.1 
3 0.44166666666666665 0.26979166666666665 0.044444444444444446 0.052083333333333336 
3 0.16666666666666666 0.853125 0.23333333333333334 0.28125 
3 0.4 0.35104166666666664 0.08611111111111111 0.08958333333333333 
