3 0.0875 0.15416666666666667 0.075 0.05 
3 0.6229166666666667 0.20104166666666667 0.1597222222222222 0.08541666666666667 
3 0.875 0.14270833333333333 0.06111111111111111 0.04791666666666667 
3 0.7645833333333333 0.06145833333333333 0.05138888888888889 0.022916666666666665 
3 0.43819444444444444 0.4270833333333333 0.3013888888888889 0.18333333333333332 
3 0.5666666666666667 0.6104166666666667 0.38333333333333336 0.24166666666666667 
3 0.2388888888888889 0.04479166666666667 0.030555555555555555 0.022916666666666665 
3 0.5340277777777778 0.15833333333333333 0.13194444444444445 0.058333333333333334 
3 0.9458333333333333 0.253125 0.08611111111111111 0.06041666666666667 
3 0.9097222222222222 0.11666666666666667 0.041666666666666664 0.029166666666666667 
3 0.9701388888888889 0.1625 0.0375 0.029166666666666667 
3 0.7888888888888889 0.084375 0.05555555555555555 0.03125 
