3 0.3298611111111111 0.20208333333333334 0.16805555555555557 0.09166666666666666 
3 0.0375 0.17916666666666667 0.075 0.06666666666666667 
3 0.7638888888888888 0.06145833333333333 0.05277777777777778 0.022916666666666665 
3 0.20833333333333334 0.090625 0.05277777777777778 0.03958333333333333 
3 0.8791666666666667 0.140625 0.06388888888888888 0.052083333333333336 
3 0.9159722222222222 0.23333333333333334 0.12361111111111112 0.09583333333333334 
3 0.15555555555555556 0.16666666666666666 0.075 0.07916666666666666 
3 0.8354166666666667 0.18958333333333333 0.09861111111111111 0.058333333333333334 
3 0.96875 0.159375 0.0375 0.022916666666666665 
3 0.9159722222222222 0.11041666666666666 0.04583333333333333 0.03333333333333333 
3 0.7923611111111111 0.08229166666666667 0.04861111111111111 0.035416666666666666 
3 0.14375 0.6135416666666667 0.28194444444444444 0.18958333333333333 
