3 0.6826388888888889 0.246875 0.08472222222222223 0.11041666666666666 
3 0.7069444444444445 0.18854166666666666 0.06111111111111111 0.08541666666666667 
3 0.16319444444444445 0.26458333333333334 0.12638888888888888 0.175 
5 0.2791666666666667 0.9729166666666667 0.14444444444444443 0.05 
3 0.5125 0.675 0.2361111111111111 0.3458333333333333 
7 0.79375 0.20520833333333333 0.018055555555555554 0.05625 
3 0.6333333333333333 0.3489583333333333 0.13055555555555556 0.14791666666666667 
3 0.04722222222222222 0.3927083333333333 0.09444444444444444 0.17708333333333334 
2 0.38680555555555557 0.2125 0.32916666666666666 0.2916666666666667 
3 0.7381944444444445 0.1375 0.034722222222222224 0.0375 
