3 0.20277777777777778 0.24375 0.1388888888888889 0.06666666666666667 
3 0.2548611111111111 0.478125 0.2902777777777778 0.23125 
3 0.13333333333333333 0.11145833333333334 0.05277777777777778 0.05625 
3 0.03333333333333333 0.28854166666666664 0.06111111111111111 0.08125 
3 0.1798611111111111 0.734375 0.31805555555555554 0.33541666666666664 
3 0.1798611111111111 0.11354166666666667 0.0625 0.052083333333333336 
3 0.8826388888888889 0.5447916666666667 0.22361111111111112 0.18958333333333333 
3 0.16111111111111112 0.31979166666666664 0.16666666666666666 0.12708333333333333 
3 0.49027777777777776 0.39479166666666665 0.26666666666666666 0.16041666666666668 
7 0.09513888888888888 0.171875 0.0125 0.035416666666666666 
