5 0.34097222222222223 0.9229166666666667 0.24305555555555555 0.15 
3 0.17222222222222222 0.28125 0.1388888888888889 0.14166666666666666 
3 0.6256944444444444 0.06770833333333333 0.020833333333333332 0.035416666666666666 
3 0.6027777777777777 0.07708333333333334 0.030555555555555555 0.03333333333333333 
3 0.5131944444444444 0.6802083333333333 0.24305555555555555 0.34791666666666665 
1 0.5083333333333333 0.35625 0.04722222222222222 0.14583333333333334 
3 0.7076388888888889 0.21145833333333333 0.04861111111111111 0.06041666666666667 
3 0.04791666666666667 0.39479166666666665 0.09583333333333334 0.18125 
3 0.6125 0.4322916666666667 0.1388888888888889 0.17708333333333334 
3 0.6715277777777777 0.2916666666666667 0.10138888888888889 0.11666666666666667 
3 0.7243055555555555 0.16666666666666666 0.043055555555555555 0.05416666666666667 
3 0.30694444444444446 0.19375 0.12222222222222222 0.10833333333333334 
7 0.7944444444444444 0.271875 0.016666666666666666 0.07708333333333334 
3 0.7395833333333334 0.13229166666666667 0.0375 0.05625 
7 0.6229166666666667 0.25729166666666664 0.02361111111111111 0.08541666666666667 
3 0.4173611111111111 0.13645833333333332 0.08194444444444444 0.07291666666666667 
3 0.5666666666666667 0.08541666666666667 0.04722222222222222 0.041666666666666664 
7 0.7590277777777777 0.259375 0.020833333333333332 0.05625 
