3 0.5791666666666667 0.325 0.075 0.05 
3 0.8979166666666667 0.584375 0.14583333333333334 0.15625 
3 0.6979166666666666 0.3416666666666667 0.059722222222222225 0.04583333333333333 
10 0.05138888888888889 0.4875 0.08611111111111111 0.14166666666666666 
3 0.7402777777777778 0.50625 0.16111111111111112 0.14166666666666666 
3 0.8423611111111111 0.35833333333333334 0.07916666666666666 0.058333333333333334 
3 0.17916666666666667 0.8135416666666667 0.175 0.23125 
3 0.5881944444444445 0.45 0.11805555555555555 0.08333333333333333 
3 0.6583333333333333 0.47708333333333336 0.12222222222222222 0.09583333333333334 
3 0.925 0.38229166666666664 0.06944444444444445 0.07291666666666667 
3 0.8125 0.55625 0.13055555555555556 0.11666666666666667 
10 0.38472222222222224 0.578125 0.14444444444444443 0.22291666666666668 
3 0.5916666666666667 0.41041666666666665 0.13055555555555556 0.05 
3 0.9423611111111111 0.6541666666666667 0.10694444444444444 0.18333333333333332 
