5 0.03263888888888889 0.628125 0.0625 0.20208333333333334 
7 0.7631944444444444 0.49375 0.029166666666666667 0.1 
5 0.35555555555555557 0.984375 0.13333333333333333 0.022916666666666665 
5 0.6576388888888889 0.18229166666666666 0.03194444444444444 0.03125 
7 0.7472222222222222 0.47604166666666664 0.025 0.08958333333333333 
3 0.4618055555555556 0.815625 0.18472222222222223 0.30625 
7 0.7277777777777777 0.446875 0.027777777777777776 0.09791666666666667 
9 0.09166666666666666 0.3177083333333333 0.17777777777777778 0.19375 
3 0.4638888888888889 0.240625 0.08333333333333333 0.04791666666666667 
3 0.20555555555555555 0.25833333333333336 0.05555555555555555 0.04583333333333333 
3 0.9486111111111111 0.38645833333333335 0.08888888888888889 0.07291666666666667 
