5 0.04722222222222222 0.23958333333333334 0.09444444444444444 0.075 
3 0.8798611111111111 0.13645833333333332 0.06527777777777778 0.052083333333333336 
3 0.7875 0.07916666666666666 0.05555555555555555 0.03333333333333333 
3 0.21944444444444444 0.08958333333333333 0.03611111111111111 0.03333333333333333 
5 0.25069444444444444 0.06770833333333333 0.03194444444444444 0.027083333333333334 
3 0.38819444444444445 0.14791666666666667 0.13194444444444445 0.058333333333333334 
3 0.4756944444444444 0.6145833333333334 0.3597222222222222 0.22916666666666666 
5 0.9673611111111111 0.15625 0.043055555555555555 0.029166666666666667 
3 0.4409722222222222 0.396875 0.27361111111111114 0.16041666666666668 
5 0.7659722222222223 0.06145833333333333 0.05138888888888889 0.027083333333333334 
3 0.9145833333333333 0.1125 0.04583333333333333 0.03333333333333333 
5 0.9770833333333333 0.23020833333333332 0.0375 0.052083333333333336 
3 0.09097222222222222 0.15833333333333333 0.0763888888888889 0.05 
