3 0.9326388888888889 0.3885416666666667 0.06805555555555555 0.06875 
3 0.4395833333333333 0.4427083333333333 0.07361111111111111 0.07708333333333334 
3 0.83125 0.5697916666666667 0.14305555555555555 0.14791666666666667 
5 0.9715277777777778 0.7052083333333333 0.043055555555555555 0.11875 
3 0.8284722222222223 0.359375 0.09027777777777778 0.06875 
3 0.40555555555555556 0.5145833333333333 0.08333333333333333 0.10416666666666667 
3 0.5819444444444445 0.4270833333333333 0.11944444444444445 0.06666666666666667 
3 0.9680555555555556 0.42291666666666666 0.044444444444444446 0.07916666666666666 
3 0.9229166666666667 0.6291666666666667 0.13472222222222222 0.15833333333333333 
3 0.4777777777777778 0.37604166666666666 0.06944444444444445 0.04791666666666667 
3 0.7006944444444444 0.38229166666666664 0.09027777777777778 0.06875 
3 0.7652777777777777 0.5239583333333333 0.14166666666666666 0.11875 
3 0.6680555555555555 0.4822916666666667 0.125 0.08958333333333333 
3 0.8708333333333333 0.3885416666666667 0.07222222222222222 0.06458333333333334 
3 0.5909722222222222 0.3260416666666667 0.0763888888888889 0.04375 
3 0.24027777777777778 0.6416666666666667 0.11944444444444445 0.15 
3 0.9604166666666667 0.3302083333333333 0.0625 0.052083333333333336 
3 0.5895833333333333 0.46041666666666664 0.09305555555555556 0.07083333333333333 
