3 0.18194444444444444 0.13541666666666666 0.04722222222222222 0.029166666666666667 
3 0.3034722222222222 0.19270833333333334 0.07916666666666666 0.04791666666666667 
3 0.8673611111111111 0.5239583333333333 0.06527777777777778 0.06041666666666667 
3 0.8715277777777778 0.5197916666666667 0.06805555555555555 0.05625 
3 0.1798611111111111 0.13020833333333334 0.04583333333333333 0.03958333333333333 
8 0.2361111111111111 0.6739583333333333 0.4638888888888889 0.46458333333333335 
0 0.9423611111111111 0.5520833333333334 0.10416666666666667 0.1 
3 0.18611111111111112 0.13958333333333334 0.04722222222222222 0.029166666666666667 
3 0.8659722222222223 0.5166666666666667 0.06527777777777778 0.0625 
3 0.2965277777777778 0.19479166666666667 0.08194444444444444 0.05625 
