3 0.3076388888888889 0.196875 0.12361111111111112 0.10208333333333333 
3 0.75 0.115625 0.027777777777777776 0.03125 
2 0.47847222222222224 0.275 0.3375 0.37083333333333335 
5 0.3423611111111111 0.9364583333333333 0.25972222222222224 0.12291666666666666 
3 0.42291666666666666 0.13645833333333332 0.09305555555555556 0.06875 
3 0.7159722222222222 0.22395833333333334 0.06805555555555555 0.07708333333333334 
3 0.5659722222222222 0.07708333333333334 0.05694444444444444 0.041666666666666664 
10 0.6298611111111111 0.4125 0.14583333333333334 0.2 
3 0.5076388888888889 0.678125 0.24027777777777778 0.33958333333333335 
3 0.7236111111111111 0.16354166666666667 0.044444444444444446 0.052083333333333336 
3 0.7381944444444445 0.13541666666666666 0.04027777777777778 0.041666666666666664 
3 0.05 0.3958333333333333 0.1 0.1875 
3 0.49375 0.09791666666666667 0.07361111111111111 0.05 
