3 0.8111111111111111 0.55625 0.14444444444444443 0.15 
3 0.8972222222222223 0.6177083333333333 0.1638888888888889 0.16458333333333333 
3 0.5993055555555555 0.325 0.07916666666666666 0.04583333333333333 
3 0.45625 0.40520833333333334 0.05416666666666667 0.052083333333333336 
3 0.8041666666666667 0.353125 0.03888888888888889 0.03958333333333333 
4 0.38333333333333336 0.6427083333333333 0.05277777777777778 0.13541666666666666 
3 0.8979166666666667 0.38958333333333334 0.059722222222222225 0.05 
3 0.9701388888888889 0.425 0.05694444444444444 0.07916666666666666 
3 0.37430555555555556 0.5302083333333333 0.08472222222222223 0.11041666666666666 
3 0.6777777777777778 0.47708333333333336 0.1111111111111111 0.08333333333333333 
3 0.6958333333333333 0.33645833333333336 0.05277777777777778 0.05625 
3 0.8430555555555556 0.37083333333333335 0.08333333333333333 0.058333333333333334 
3 0.93125 0.40520833333333334 0.059722222222222225 0.06041666666666667 
3 0.9625 0.6958333333333333 0.07222222222222222 0.16666666666666666 
3 0.7243055555555555 0.5333333333333333 0.1375 0.10833333333333334 
4 0.25 0.8041666666666667 0.06944444444444445 0.16666666666666666 
3 0.5826388888888889 0.47708333333333336 0.12916666666666668 0.09166666666666666 
3 0.7590277777777777 0.3375 0.04583333333333333 0.041666666666666664 
