3 0.8930555555555556 0.378125 0.06388888888888888 0.06875 
3 0.7194444444444444 0.5260416666666666 0.1361111111111111 0.12291666666666666 
3 0.9375 0.39895833333333336 0.06666666666666667 0.06458333333333334 
3 0.9604166666666667 0.6739583333333333 0.07083333333333333 0.17708333333333334 
4 0.34791666666666665 0.6 0.043055555555555555 0.1125 
3 0.8083333333333333 0.34375 0.05 0.041666666666666664 
3 0.8423611111111111 0.3614583333333333 0.07083333333333333 0.06875 
3 0.8069444444444445 0.5583333333333333 0.14166666666666666 0.14583333333333334 
3 0.6784722222222223 0.465625 0.12083333333333333 0.09791666666666667 
3 0.6020833333333333 0.3177083333333333 0.0763888888888889 0.04375 
3 0.6895833333333333 0.32708333333333334 0.06527777777777778 0.05416666666666667 
3 0.7590277777777777 0.334375 0.05416666666666667 0.04375 
3 0.8979166666666667 0.61875 0.1625 0.16666666666666666 
3 0.5784722222222223 0.46770833333333334 0.1375 0.08958333333333333 
3 0.5847222222222223 0.425 0.11388888888888889 0.05 
3 0.9638888888888889 0.415625 0.05277777777777778 0.08125 
3 0.06666666666666667 0.4666666666666667 0.04722222222222222 0.07083333333333333 
