3 0.17847222222222223 0.10729166666666666 0.08194444444444444 0.08958333333333333 
3 0.1909722222222222 0.014583333333333334 0.0375 0.029166666666666667 
8 0.3770833333333333 0.065625 0.10694444444444444 0.07291666666666667 
3 0.3020833333333333 0.04895833333333333 0.05138888888888889 0.04791666666666667 
10 0.8291666666666667 0.13541666666666666 0.06944444444444445 0.07083333333333333 
3 0.7215277777777778 0.12604166666666666 0.07916666666666666 0.06041666666666667 
3 0.1284722222222222 0.08125 0.05694444444444444 0.07083333333333333 
3 0.9173611111111111 0.2677083333333333 0.0625 0.08125 
3 0.25277777777777777 0.030208333333333334 0.058333333333333334 0.04791666666666667 
3 0.7680555555555556 0.12291666666666666 0.041666666666666664 0.05416666666666667 
7 0.04722222222222222 0.12708333333333333 0.013888888888888888 0.0625 
3 0.9395833333333333 0.22604166666666667 0.0375 0.05625 
