0 0.59375 0.22395833333333334 0.10972222222222222 0.11875 
8 0.42569444444444443 0.30416666666666664 0.07083333333333333 0.05416666666666667 
3 0.7493055555555556 0.275 0.04027777777777778 0.0375 
3 0.8652777777777778 0.3375 0.04722222222222222 0.075 
8 0.6368055555555555 0.340625 0.08472222222222223 0.09791666666666667 
3 0.2861111111111111 0.28125 0.04722222222222222 0.029166666666666667 
3 0.8722222222222222 0.421875 0.06111111111111111 0.10208333333333333 
3 0.8729166666666667 0.5729166666666666 0.09027777777777778 0.17083333333333334 
3 0.47708333333333336 0.31666666666666665 0.08472222222222223 0.058333333333333334 
6 0.06319444444444444 0.4864583333333333 0.12638888888888888 0.16458333333333333 
3 0.23402777777777778 0.903125 0.3236111111111111 0.18541666666666667 
3 0.3138888888888889 0.4270833333333333 0.12222222222222222 0.10416666666666667 
3 0.175 0.7052083333333333 0.2388888888888889 0.2604166666666667 
