3 0.08680555555555555 0.103125 0.05694444444444444 0.04375 
3 0.6756944444444445 0.3802083333333333 0.08194444444444444 0.06458333333333334 
3 0.7861111111111111 0.45 0.06111111111111111 0.05416666666666667 
3 0.2708333333333333 0.17083333333333334 0.08055555555555556 0.05 
3 0.6680555555555555 0.6822916666666666 0.225 0.28125 
3 0.38055555555555554 0.22708333333333333 0.08055555555555556 0.05416666666666667 
3 0.5868055555555556 0.3385416666666667 0.07361111111111111 0.06041666666666667 
3 0.8888888888888888 0.5291666666666667 0.05 0.05 
8 0.24444444444444444 0.6729166666666667 0.4861111111111111 0.49166666666666664 
3 0.31666666666666665 0.38125 0.20277777777777778 0.16666666666666666 
3 0.43680555555555556 0.2375 0.05138888888888889 0.05416666666666667 
3 0.1625 0.13020833333333334 0.058333333333333334 0.03958333333333333 
