3 0.6972222222222222 0.33541666666666664 0.05 0.04583333333333333 
3 0.6680555555555555 0.4739583333333333 0.125 0.08958333333333333 
7 0.5104166666666666 0.8479166666666667 0.0625 0.17083333333333334 
3 0.5826388888888889 0.3177083333333333 0.0763888888888889 0.052083333333333336 
7 0.4236111111111111 0.8645833333333334 0.05555555555555555 0.14166666666666666 
3 0.6118055555555556 0.37916666666666665 0.05416666666666667 0.029166666666666667 
3 0.8729166666666667 0.37604166666666666 0.07083333333333333 0.05625 
3 0.7673611111111112 0.5104166666666666 0.12916666666666668 0.12083333333333333 
3 0.8361111111111111 0.35 0.09722222222222222 0.06666666666666667 
3 0.7347222222222223 0.325 0.041666666666666664 0.05 
3 0.9208333333333333 0.6229166666666667 0.14166666666666666 0.15833333333333333 
7 0.4777777777777778 0.9 0.058333333333333334 0.17916666666666667 
3 0.5819444444444445 0.415625 0.11944444444444445 0.06458333333333334 
3 0.8354166666666667 0.5552083333333333 0.1375 0.15625 
3 0.5868055555555556 0.44479166666666664 0.09027777777777778 0.07291666666666667 
3 0.9319444444444445 0.38958333333333334 0.06388888888888888 0.05 
3 0.9659722222222222 0.4041666666666667 0.04583333333333333 0.08333333333333333 
5 0.9729166666666667 0.6875 0.0375 0.12083333333333333 
