3 0.18958333333333333 0.4583333333333333 0.22083333333333333 0.17083333333333334 
3 0.2326388888888889 0.11354166666666667 0.07361111111111111 0.06041666666666667 
3 0.12986111111111112 0.11770833333333333 0.05416666666666667 0.05625 
3 0.175 0.11979166666666667 0.05277777777777778 0.04791666666666667 
5 0.010416666666666666 0.340625 0.020833333333333332 0.07708333333333334 
3 0.16944444444444445 0.303125 0.1527777777777778 0.11875 
8 0.8777777777777778 0.5229166666666667 0.2388888888888889 0.2125 
3 0.04791666666666667 0.290625 0.09583333333333334 0.07708333333333334 
8 0.7868055555555555 0.6791666666666667 0.34305555555555556 0.24166666666666667 
3 0.4173611111111111 0.365625 0.25972222222222224 0.17291666666666666 
