3 0.9104166666666667 0.109375 0.043055555555555555 0.035416666666666666 
3 0.08819444444444445 0.15 0.07361111111111111 0.05416666666666667 
3 0.2388888888888889 0.040625 0.027777777777777776 0.035416666666666666 
3 0.17916666666666667 0.20104166666666667 0.12222222222222222 0.08125 
3 0.12638888888888888 0.434375 0.24722222222222223 0.15625 
3 0.16597222222222222 0.15416666666666667 0.06527777777777778 0.04583333333333333 
3 0.7590277777777777 0.059375 0.04027777777777778 0.027083333333333334 
3 0.7895833333333333 0.084375 0.05138888888888889 0.03125 
3 0.96875 0.15520833333333334 0.04861111111111111 0.027083333333333334 
3 0.8763888888888889 0.14166666666666666 0.06111111111111111 0.04583333333333333 
