9 0.3527777777777778 0.29583333333333334 0.08888888888888889 0.0625 
3 0.33194444444444443 0.35104166666666664 0.06944444444444445 0.06458333333333334 
3 0.8243055555555555 0.4114583333333333 0.12638888888888888 0.08125 
3 0.15833333333333333 0.31979166666666664 0.016666666666666666 0.027083333333333334 
3 0.9173611111111111 0.415625 0.07916666666666666 0.08541666666666667 
3 0.46944444444444444 0.334375 0.075 0.035416666666666666 
3 0.6361111111111111 0.3489583333333333 0.11666666666666667 0.08125 
3 0.2326388888888889 0.3 0.02638888888888889 0.016666666666666666 
2 0.6430555555555556 0.55625 0.5083333333333333 0.4166666666666667 
3 0.26805555555555555 0.303125 0.030555555555555555 0.022916666666666665 
