3 0.7479166666666667 0.1375 0.07916666666666666 0.05416666666666667 
3 0.7083333333333334 0.15104166666666666 0.1 0.07708333333333334 
3 0.6819444444444445 0.17604166666666668 0.1 0.08125 
3 0.7854166666666667 0.14270833333333333 0.0875 0.07291666666666667 
3 0.8215277777777777 0.209375 0.12083333333333333 0.10208333333333333 
3 0.45069444444444445 0.08125 0.09861111111111111 0.06666666666666667 
2 0.3527777777777778 0.4125 0.44166666666666665 0.5833333333333334 
3 0.7798611111111111 0.22395833333333334 0.09861111111111111 0.08541666666666667 
3 0.5354166666666667 0.11979166666666667 0.0875 0.06458333333333334 
3 0.8784722222222222 0.20208333333333334 0.09861111111111111 0.08333333333333333 
8 0.5659722222222222 0.057291666666666664 0.0763888888888889 0.06458333333333334 
3 0.9180555555555555 0.171875 0.06111111111111111 0.06875 
3 0.8041666666666667 0.13020833333333334 0.075 0.06041666666666667 
3 0.6770833333333334 0.09270833333333334 0.06527777777777778 0.052083333333333336 
3 0.8930555555555556 0.18854166666666666 0.08611111111111111 0.06875 
10 0.49583333333333335 0.10208333333333333 0.10277777777777777 0.07083333333333333 
3 0.9041666666666667 0.175 0.08055555555555556 0.0625 
10 0.4215277777777778 0.071875 0.10694444444444444 0.07708333333333334 
5 0.5652777777777778 0.13020833333333334 0.07222222222222222 0.08958333333333333 
