3 0.7527777777777778 0.346875 0.058333333333333334 0.035416666666666666 
3 0.9527777777777777 0.3854166666666667 0.041666666666666664 0.03333333333333333 
3 0.5770833333333333 0.35520833333333335 0.059722222222222225 0.06875 
3 0.4583333333333333 0.27291666666666664 0.022222222222222223 0.029166666666666667 
2 0.40208333333333335 0.42083333333333334 0.13472222222222222 0.20833333333333334 
7 0.3333333333333333 0.8895833333333333 0.06666666666666667 0.1625 
3 0.8770833333333333 0.3614583333333333 0.02361111111111111 0.035416666666666666 
3 0.9131944444444444 0.37604166666666666 0.034722222222222224 0.027083333333333334 
5 0.38263888888888886 0.2947916666666667 0.05138888888888889 0.04791666666666667 
7 0.26944444444444443 0.940625 0.04722222222222222 0.11041666666666666 
9 0.7902777777777777 0.696875 0.4111111111111111 0.4979166666666667 
3 0.7881944444444444 0.36041666666666666 0.06527777777777778 0.025 
