3 0.7298611111111111 0.22916666666666666 0.029166666666666667 0.025 
3 0.4486111111111111 0.4552083333333333 0.15833333333333333 0.13541666666666666 
3 0.03125 0.6614583333333334 0.059722222222222225 0.14375 
3 0.36527777777777776 0.3958333333333333 0.10833333333333334 0.09166666666666666 
3 0.5993055555555555 0.24583333333333332 0.043055555555555555 0.041666666666666664 
3 0.8708333333333333 0.56875 0.09444444444444444 0.16666666666666666 
0 0.6798611111111111 0.19479166666666667 0.06527777777777778 0.07291666666666667 
3 0.86875 0.3385416666666667 0.05138888888888889 0.07291666666666667 
5 0.2638888888888889 0.9322916666666666 0.24722222222222223 0.13125 
3 0.7694444444444445 0.23854166666666668 0.027777777777777776 0.035416666666666666 
8 0.5284722222222222 0.27395833333333336 0.09305555555555556 0.09791666666666667 
3 0.42916666666666664 0.2375 0.05 0.0375 
3 0.8729166666666667 0.4197916666666667 0.059722222222222225 0.09375 
