3 0.7680555555555556 0.5125 0.1388888888888889 0.125 
5 0.9743055555555555 0.6645833333333333 0.043055555555555555 0.16666666666666666 
3 0.5888888888888889 0.31354166666666666 0.07777777777777778 0.04375 
3 0.9201388888888888 0.6239583333333333 0.14305555555555555 0.16875 
2 0.39166666666666666 0.3958333333333333 0.14444444444444443 0.20833333333333334 
3 0.3326388888888889 0.65625 0.12361111111111112 0.17916666666666667 
3 0.9694444444444444 0.409375 0.05277777777777778 0.08958333333333333 
3 0.8361111111111111 0.5625 0.14166666666666666 0.15416666666666667 
3 0.9277777777777778 0.3885416666666667 0.058333333333333334 0.05625 
10 0.8305555555555556 0.34791666666666665 0.09722222222222222 0.09166666666666666 
2 0.575 0.25 0.044444444444444446 0.05 
3 0.5819444444444445 0.44895833333333335 0.09722222222222222 0.08958333333333333 
3 0.6673611111111111 0.4708333333333333 0.12083333333333333 0.1 
3 0.8729166666666667 0.378125 0.07361111111111111 0.06458333333333334 
