3 0.16041666666666668 0.42083333333333334 0.2513888888888889 0.15833333333333333 
3 0.21597222222222223 0.08645833333333333 0.03194444444444444 0.03125 
3 0.7659722222222223 0.058333333333333334 0.05416666666666667 0.029166666666666667 
3 0.9152777777777777 0.11354166666666667 0.03888888888888889 0.03125 
5 0.23402777777777778 0.04479166666666667 0.02638888888888889 0.03958333333333333 
3 0.08819444444444445 0.14895833333333333 0.0763888888888889 0.03958333333333333 
3 0.9680555555555556 0.15729166666666666 0.03611111111111111 0.022916666666666665 
3 0.7930555555555555 0.08020833333333334 0.05 0.035416666666666666 
3 0.24861111111111112 0.06145833333333333 0.03333333333333333 0.03125 
3 0.8576388888888888 0.07083333333333333 0.04027777777777778 0.03333333333333333 
3 0.8805555555555555 0.14166666666666666 0.06388888888888888 0.04583333333333333 
