3 0.5923611111111111 0.41041666666666665 0.1125 0.0375 
3 0.5784722222222223 0.3302083333333333 0.07083333333333333 0.04791666666666667 
3 0.33541666666666664 0.6197916666666666 0.10694444444444444 0.13958333333333334 
3 0.9409722222222222 0.6604166666666667 0.10416666666666667 0.1625 
3 0.7 0.33958333333333335 0.05277777777777778 0.05 
3 0.9 0.5854166666666667 0.14444444444444443 0.15833333333333333 
3 0.5895833333333333 0.45729166666666665 0.10138888888888889 0.09375 
3 0.8201388888888889 0.5552083333333333 0.12916666666666668 0.11875 
3 0.7472222222222222 0.5104166666666666 0.1527777777777778 0.13333333333333333 
3 0.6631944444444444 0.484375 0.12916666666666668 0.09375 
3 0.9236111111111112 0.38229166666666664 0.06388888888888888 0.07291666666666667 
3 0.8458333333333333 0.3625 0.08611111111111111 0.05416666666666667 
