3 0.5881944444444445 0.3229166666666667 0.04861111111111111 0.0375 
3 0.9381944444444444 0.40625 0.06805555555555555 0.075 
3 0.5930555555555556 0.42083333333333334 0.11666666666666667 0.05416666666666667 
3 0.8076388888888889 0.5645833333333333 0.1375 0.15 
3 0.8902777777777777 0.3875 0.06388888888888888 0.0625 
3 0.5763888888888888 0.47604166666666664 0.14166666666666666 0.08541666666666667 
3 0.9673611111111111 0.33541666666666664 0.05694444444444444 0.04583333333333333 
3 0.1284722222222222 0.840625 0.16805555555555557 0.25625 
3 0.8444444444444444 0.37604166666666666 0.07777777777777778 0.06875 
9 0.4097222222222222 0.41041666666666665 0.1 0.17083333333333334 
3 0.33958333333333335 0.6072916666666667 0.10694444444444444 0.15625 
5 0.4895833333333333 0.3645833333333333 0.05138888888888889 0.05 
3 0.8951388888888889 0.615625 0.1763888888888889 0.16041666666666668 
3 0.6770833333333334 0.4708333333333333 0.11527777777777778 0.09583333333333334 
3 0.7284722222222222 0.5260416666666666 0.14027777777777778 0.11041666666666666 
3 0.9659722222222222 0.41770833333333335 0.05138888888888889 0.08541666666666667 
3 0.9534722222222223 0.7135416666666666 0.07361111111111111 0.17291666666666666 
10 0.29583333333333334 0.4875 0.09722222222222222 0.1125 
3 0.6909722222222222 0.33541666666666664 0.05138888888888889 0.05416666666666667 
