9 0.49027777777777776 0.33541666666666664 0.06944444444444445 0.0875 
3 0.8972222222222223 0.5864583333333333 0.14444444444444443 0.16041666666666668 
3 0.5958333333333333 0.41354166666666664 0.13055555555555556 0.052083333333333336 
3 0.8166666666666667 0.559375 0.13055555555555556 0.11875 
3 0.6993055555555555 0.34375 0.05416666666666667 0.041666666666666664 
3 0.5826388888888889 0.3260416666666667 0.07083333333333333 0.052083333333333336 
3 0.7444444444444445 0.5114583333333333 0.1638888888888889 0.13958333333333334 
3 0.65625 0.48020833333333335 0.11527777777777778 0.09375 
3 0.5895833333333333 0.4479166666666667 0.10972222222222222 0.08333333333333333 
4 0.425 0.43854166666666666 0.030555555555555555 0.06458333333333334 
3 0.9423611111111111 0.6541666666666667 0.10416666666666667 0.19583333333333333 
3 0.8472222222222222 0.3614583333333333 0.08333333333333333 0.06458333333333334 
3 0.9277777777777778 0.37916666666666665 0.06944444444444445 0.0625 
