8 0.7701388888888889 0.23645833333333333 0.029166666666666667 0.03958333333333333 
3 0.19236111111111112 0.734375 0.22083333333333333 0.23958333333333334 
5 0.17569444444444443 0.625 0.35138888888888886 0.38333333333333336 
3 0.7256944444444444 0.3020833333333333 0.05138888888888889 0.05 
8 0.46041666666666664 0.35208333333333336 0.10972222222222222 0.09166666666666666 
3 0.8694444444444445 0.3020833333333333 0.03611111111111111 0.05 
3 0.875 0.39895833333333336 0.06111111111111111 0.09375 
0 0.9201388888888888 0.22395833333333334 0.12638888888888888 0.06041666666666667 
3 0.6722222222222223 0.38645833333333335 0.08055555555555556 0.08958333333333333 
3 0.5847222222222223 0.35104166666666664 0.07777777777777778 0.08125 
