3 0.08819444444444445 0.15520833333333334 0.07361111111111111 0.04791666666666667 
3 0.7819444444444444 0.078125 0.041666666666666664 0.022916666666666665 
3 0.9111111111111111 0.11458333333333333 0.044444444444444446 0.029166666666666667 
3 0.9444444444444444 0.140625 0.03333333333333333 0.01875 
3 0.3541666666666667 0.04895833333333333 0.03333333333333333 0.027083333333333334 
3 0.2881944444444444 0.08541666666666667 0.043055555555555555 0.041666666666666664 
3 0.8111111111111111 0.09375 0.06666666666666667 0.03333333333333333 
3 0.2222222222222222 0.22291666666666668 0.1388888888888889 0.07916666666666666 
3 0.8493055555555555 0.11458333333333333 0.043055555555555555 0.020833333333333332 
3 0.9708333333333333 0.16041666666666668 0.041666666666666664 0.025 
3 0.035416666666666666 0.19791666666666666 0.059722222222222225 0.05416666666666667 
3 0.8791666666666667 0.140625 0.058333333333333334 0.04791666666666667 
3 0.48541666666666666 0.5697916666666667 0.4013888888888889 0.2604166666666667 
