7 0.6034722222222222 0.4270833333333333 0.03194444444444444 0.09166666666666666 
3 0.6055555555555555 0.196875 0.027777777777777776 0.03125 
3 0.3875 0.246875 0.075 0.04791666666666667 
7 0.08611111111111111 0.5760416666666667 0.04722222222222222 0.10208333333333333 
5 0.027777777777777776 0.37604166666666666 0.05277777777777778 0.04791666666666667 
5 0.9826388888888888 0.3885416666666667 0.03194444444444444 0.06041666666666667 
2 0.1875 0.25729166666666664 0.18611111111111112 0.09791666666666667 
7 0.2701388888888889 0.4979166666666667 0.0375 0.12083333333333333 
7 0.5104166666666666 0.48333333333333334 0.03194444444444444 0.10833333333333334 
5 0.35 0.9854166666666667 0.11666666666666667 0.025 
3 0.19444444444444445 0.33541666666666664 0.10277777777777777 0.0625 
3 0.3 0.240625 0.041666666666666664 0.035416666666666666 
7 0.23402777777777778 0.528125 0.034722222222222224 0.13541666666666666 
3 0.26666666666666666 0.7666666666666667 0.26666666666666666 0.35 
3 0.4708333333333333 0.303125 0.11666666666666667 0.06875 
9 0.0375 0.6177083333333333 0.075 0.20625 
3 0.2611111111111111 0.3489583333333333 0.13055555555555556 0.06458333333333334 
2 0.8611111111111112 0.2833333333333333 0.275 0.17916666666666667 
5 0.05416666666666667 0.9708333333333333 0.10277777777777777 0.04583333333333333 
3 0.6048611111111111 0.24270833333333333 0.0875 0.04375 
7 0.9222222222222223 0.46770833333333334 0.027777777777777776 0.09791666666666667 
7 0.1284722222222222 0.5697916666666667 0.04027777777777778 0.11458333333333333 
3 0.4597222222222222 0.8135416666666667 0.19444444444444445 0.3104166666666667 
3 0.2125 0.40520833333333334 0.12777777777777777 0.07708333333333334 
7 0.5277777777777778 0.45729166666666665 0.03611111111111111 0.10208333333333333 
