3 0.6743055555555556 0.46979166666666666 0.11527777777777778 0.10625 
3 0.8451388888888889 0.365625 0.07361111111111111 0.06458333333333334 
3 0.9354166666666667 0.4 0.0625 0.0625 
3 0.9604166666666667 0.41770833333333335 0.0625 0.07291666666666667 
3 0.8048611111111111 0.359375 0.05138888888888889 0.052083333333333336 
7 0.2569444444444444 0.4270833333333333 0.022222222222222223 0.041666666666666664 
3 0.5868055555555556 0.42604166666666665 0.11527777777777778 0.05625 
3 0.6881944444444444 0.334375 0.0625 0.035416666666666666 
3 0.6013888888888889 0.31666666666666665 0.07222222222222222 0.05416666666666667 
3 0.5861111111111111 0.475 0.14166666666666666 0.09166666666666666 
3 0.8902777777777777 0.3802083333333333 0.06666666666666667 0.07291666666666667 
3 0.8118055555555556 0.559375 0.15694444444444444 0.17291666666666666 
3 0.9013888888888889 0.6177083333333333 0.1638888888888889 0.17291666666666666 
7 0.23541666666666666 0.45729166666666665 0.020833333333333332 0.03958333333333333 
3 0.7298611111111111 0.53125 0.15138888888888888 0.14583333333333334 
3 0.7583333333333333 0.3375 0.03888888888888889 0.041666666666666664 
3 0.4076388888888889 0.465625 0.0875 0.10625 
3 0.9604166666666667 0.696875 0.07361111111111111 0.18125 
7 0.28888888888888886 0.421875 0.008333333333333333 0.052083333333333336 
