3 0.46111111111111114 0.8114583333333333 0.19166666666666668 0.29375 
3 0.60625 0.19895833333333332 0.020833333333333332 0.027083333333333334 
2 0.13402777777777777 0.271875 0.23194444444444445 0.11458333333333333 
7 0.14097222222222222 0.48333333333333334 0.020833333333333332 0.1 
3 0.8625 0.2677083333333333 0.05 0.03125 
3 0.6555555555555556 0.2677083333333333 0.06944444444444445 0.04791666666666667 
5 0.3548611111111111 0.9854166666666667 0.12638888888888888 0.025 
10 0.5854166666666667 0.25 0.09027777777777778 0.075 
3 0.03958333333333333 0.3697916666666667 0.07361111111111111 0.06041666666666667 
3 0.33402777777777776 0.33125 0.13194444444444445 0.0625 
7 0.12013888888888889 0.4083333333333333 0.029166666666666667 0.06666666666666667 
5 0.035416666666666666 0.6291666666666667 0.0625 0.20416666666666666 
7 0.20555555555555555 0.54375 0.041666666666666664 0.10833333333333334 
3 0.6506944444444445 0.19375 0.020833333333333332 0.016666666666666666 
7 0.2076388888888889 0.5114583333333333 0.018055555555555554 0.06041666666666667 
3 0.2638888888888889 0.7375 0.17222222222222222 0.20416666666666666 
7 0.9541666666666667 0.6177083333333333 0.03888888888888889 0.11041666666666666 
3 0.32013888888888886 0.39166666666666666 0.12916666666666668 0.09583333333333334 
3 0.48680555555555555 0.25833333333333336 0.043055555555555555 0.05 
7 0.12986111111111112 0.49166666666666664 0.018055555555555554 0.10833333333333334 
7 0.15763888888888888 0.4822916666666667 0.0125 0.08541666666666667 
3 0.6354166666666666 0.303125 0.11805555555555555 0.06041666666666667 
3 0.2722222222222222 0.26145833333333335 0.04722222222222222 0.03958333333333333 
