3 0.90625 0.1125 0.04027777777777778 0.04583333333333333 
3 0.9604166666666667 0.15416666666666667 0.034722222222222224 0.0375 
3 0.90625 0.159375 0.07916666666666666 0.06041666666666667 
3 0.8159722222222222 0.09166666666666666 0.07361111111111111 0.0375 
3 0.7631944444444444 0.059375 0.04027777777777778 0.035416666666666666 
3 0.9451388888888889 0.13333333333333333 0.02638888888888889 0.029166666666666667 
3 0.08611111111111111 0.15416666666666667 0.08333333333333333 0.05416666666666667 
3 0.7847222222222222 0.065625 0.05 0.03125 
3 0.24027777777777778 0.041666666666666664 0.044444444444444446 0.029166666666666667 
3 0.8520833333333333 0.11458333333333333 0.04861111111111111 0.03333333333333333 
3 0.15069444444444444 0.6364583333333333 0.3013888888888889 0.22708333333333333 
3 0.8798611111111111 0.128125 0.059722222222222225 0.052083333333333336 
3 0.9638888888888889 0.5447916666666667 0.05 0.17291666666666666 
8 0.19305555555555556 0.4010416666666667 0.28888888888888886 0.19375 
