2 0.44513888888888886 0.40625 0.3486111111111111 0.4666666666666667 
3 0.06111111111111111 0.56875 0.12222222222222222 0.2375 
2 0.6277777777777778 0.16666666666666666 0.08888888888888889 0.10833333333333334 
3 0.5534722222222223 0.09895833333333333 0.018055555555555554 0.01875 
3 0.47430555555555554 0.14791666666666667 0.043055555555555555 0.04583333333333333 
3 0.2798611111111111 0.346875 0.10694444444444444 0.12708333333333333 
2 0.6506944444444445 0.096875 0.034722222222222224 0.027083333333333334 
3 0.21319444444444444 0.5583333333333333 0.15694444444444444 0.2125 
3 0.40069444444444446 0.20208333333333334 0.07916666666666666 0.08333333333333333 
3 0.5590277777777778 0.16666666666666666 0.043055555555555555 0.020833333333333332 
3 0.525 0.11666666666666667 0.025 0.029166666666666667 
