3 0.14583333333333334 0.5916666666666667 0.2916666666666667 0.24166666666666667 
3 0.2625 0.178125 0.1388888888888889 0.08125 
3 0.8152777777777778 0.090625 0.05277777777777778 0.027083333333333334 
3 0.9694444444444444 0.15520833333333334 0.03611111111111111 0.022916666666666665 
3 0.7847222222222222 0.07604166666666666 0.058333333333333334 0.027083333333333334 
3 0.8770833333333333 0.13541666666666666 0.05138888888888889 0.041666666666666664 
3 0.08888888888888889 0.15416666666666667 0.075 0.05 
3 0.9125 0.11145833333333334 0.044444444444444446 0.027083333333333334 
3 0.9423611111111111 0.13229166666666667 0.02638888888888889 0.022916666666666665 
3 0.9069444444444444 0.15625 0.06388888888888888 0.04583333333333333 
3 0.85 0.11979166666666667 0.03888888888888889 0.027083333333333334 
3 0.2375 0.042708333333333334 0.030555555555555555 0.035416666666666666 
3 0.76875 0.06145833333333333 0.05416666666666667 0.01875 
7 0.7965277777777777 0.12291666666666666 0.009722222222222222 0.04583333333333333 
