7 0.91875 0.5760416666666667 0.020833333333333332 0.07291666666666667 
3 0.41944444444444445 0.30625 0.05555555555555555 0.06666666666666667 
3 0.625 0.25416666666666665 0.044444444444444446 0.0375 
7 0.9 0.5229166666666667 0.03333333333333333 0.06666666666666667 
7 0.8965277777777778 0.5791666666666667 0.0375 0.09166666666666666 
3 0.17847222222222223 0.796875 0.1875 0.28958333333333336 
3 0.6875 0.28229166666666666 0.06111111111111111 0.03958333333333333 
3 0.37916666666666665 0.3958333333333333 0.08611111111111111 0.1 
7 0.8486111111111111 0.5125 0.025 0.08333333333333333 
2 0.8458333333333333 0.3489583333333333 0.2361111111111111 0.17708333333333334 
5 0.9680555555555556 0.60625 0.05277777777777778 0.11666666666666667 
10 0.9722222222222222 0.39895833333333336 0.041666666666666664 0.06875 
7 0.9236111111111112 0.5125 0.016666666666666666 0.058333333333333334 
5 0.9597222222222223 0.515625 0.06111111111111111 0.07708333333333334 
5 0.022916666666666665 0.29270833333333335 0.043055555555555555 0.06041666666666667 
3 0.44375 0.25625 0.04583333333333333 0.05416666666666667 
