3 0.7347222222222223 0.32916666666666666 0.041666666666666664 0.04583333333333333 
3 0.5805555555555556 0.390625 0.12222222222222222 0.03958333333333333 
3 0.9194444444444444 0.6333333333333333 0.14444444444444443 0.1625 
5 0.04791666666666667 0.43645833333333334 0.020833333333333332 0.052083333333333336 
3 0.5847222222222223 0.42083333333333334 0.12222222222222222 0.0625 
3 0.11666666666666667 0.42604166666666665 0.027777777777777776 0.035416666666666666 
5 0.9729166666666667 0.7 0.04583333333333333 0.14583333333333334 
3 0.86875 0.3875 0.06527777777777778 0.0625 
3 0.6993055555555555 0.34479166666666666 0.05416666666666667 0.04791666666666667 
3 0.5951388888888889 0.46145833333333336 0.10694444444444444 0.08958333333333333 
3 0.31527777777777777 0.5791666666666667 0.09166666666666666 0.11666666666666667 
3 0.06388888888888888 0.44375 0.03888888888888889 0.05416666666666667 
3 0.5916666666666667 0.3260416666666667 0.075 0.04375 
5 0.09305555555555556 0.40208333333333335 0.041666666666666664 0.041666666666666664 
3 0.4013888888888889 0.5145833333333333 0.08333333333333333 0.10833333333333334 
3 0.9298611111111111 0.396875 0.0625 0.04375 
3 0.6763888888888889 0.48541666666666666 0.12777777777777777 0.10416666666666667 
3 0.7722222222222223 0.5260416666666666 0.14166666666666666 0.12708333333333333 
3 0.9680555555555556 0.42604166666666665 0.05 0.08958333333333333 
5 0.11875 0.38125 0.029166666666666667 0.03333333333333333 
3 0.4388888888888889 0.42916666666666664 0.06666666666666667 0.07083333333333333 
3 0.8388888888888889 0.5677083333333334 0.14444444444444443 0.14791666666666667 
3 0.3055555555555556 0.8604166666666667 0.18333333333333332 0.2708333333333333 
3 0.83125 0.359375 0.09861111111111111 0.06458333333333334 
5 0.2423611111111111 0.3375 0.043055555555555555 0.03333333333333333 
