3 0.9222222222222223 0.6302083333333334 0.14166666666666666 0.16458333333333333 
3 0.34097222222222223 0.6458333333333334 0.11527777777777778 0.15833333333333333 
3 0.8701388888888889 0.38958333333333334 0.07361111111111111 0.0625 
3 0.96875 0.4239583333333333 0.04583333333333333 0.08541666666666667 
3 0.5965277777777778 0.4583333333333333 0.10694444444444444 0.075 
3 0.6756944444444445 0.4822916666666667 0.12916666666666668 0.08958333333333333 
3 0.58125 0.42291666666666666 0.12083333333333333 0.06666666666666667 
5 0.9465277777777777 0.32083333333333336 0.09027777777777778 0.06666666666666667 
3 0.8333333333333334 0.5697916666666667 0.14444444444444443 0.13958333333333334 
3 0.9270833333333334 0.4 0.05138888888888889 0.05 
3 0.42083333333333334 0.4354166666666667 0.06388888888888888 0.07916666666666666 
5 0.9722222222222222 0.7020833333333333 0.041666666666666664 0.15833333333333333 
5 0.8409722222222222 0.3625 0.09583333333333334 0.075 
3 0.5798611111111112 0.38645833333333335 0.10972222222222222 0.03125 
3 0.7013888888888888 0.34479166666666666 0.04722222222222222 0.06041666666666667 
3 0.7659722222222223 0.5229166666666667 0.13194444444444445 0.11666666666666667 
3 0.2638888888888889 0.4114583333333333 0.075 0.052083333333333336 
3 0.5923611111111111 0.32708333333333334 0.07916666666666666 0.05416666666666667 
3 0.7354166666666667 0.33229166666666665 0.04027777777777778 0.052083333333333336 
