3 0.9375 0.4041666666666667 0.06388888888888888 0.0625 
3 0.8069444444444445 0.3541666666666667 0.041666666666666664 0.04583333333333333 
3 0.6895833333333333 0.32916666666666666 0.0625 0.05 
7 0.28125 0.43020833333333336 0.018055555555555554 0.04375 
3 0.6756944444444445 0.47604166666666664 0.11805555555555555 0.09375 
3 0.7604166666666666 0.34479166666666666 0.05138888888888889 0.04375 
3 0.2520833333333333 0.8239583333333333 0.1875 0.27291666666666664 
3 0.8972222222222223 0.6177083333333333 0.16666666666666666 0.16875 
7 0.25416666666666665 0.4375 0.008333333333333333 0.041666666666666664 
7 0.2423611111111111 0.440625 0.015277777777777777 0.04791666666666667 
3 0.8430555555555556 0.36875 0.07777777777777778 0.058333333333333334 
3 0.80625 0.559375 0.14305555555555555 0.14375 
3 0.5715277777777777 0.47604166666666664 0.12083333333333333 0.08125 
3 0.5805555555555556 0.4270833333333333 0.10277777777777777 0.058333333333333334 
3 0.9666666666666667 0.42083333333333334 0.05 0.075 
3 0.7236111111111111 0.5302083333333333 0.14166666666666666 0.11458333333333333 
3 0.6006944444444444 0.321875 0.07083333333333333 0.04375 
3 0.89375 0.384375 0.0625 0.06041666666666667 
3 0.95625 0.6927083333333334 0.07361111111111111 0.16875 
