3 0.9416666666666667 0.659375 0.11388888888888889 0.19375 
3 0.5861111111111111 0.421875 0.125 0.06458333333333334 
7 0.09930555555555555 0.43645833333333334 0.015277777777777777 0.04375 
3 0.5805555555555556 0.32916666666666666 0.08055555555555556 0.05 
3 0.33541666666666664 0.6375 0.12638888888888888 0.1625 
3 0.7451388888888889 0.5083333333333333 0.15138888888888888 0.14166666666666666 
3 0.6631944444444444 0.484375 0.13194444444444445 0.09791666666666667 
4 0.6493055555555556 0.37395833333333334 0.03194444444444444 0.04791666666666667 
3 0.8472222222222222 0.3645833333333333 0.08055555555555556 0.0625 
3 0.8215277777777777 0.565625 0.14027777777777778 0.12291666666666666 
7 0.6333333333333333 0.3072916666666667 0.013888888888888888 0.052083333333333336 
3 0.9256944444444445 0.3854166666666667 0.07361111111111111 0.075 
3 0.5895833333333333 0.4552083333333333 0.1125 0.09375 
