3 0.58125 0.47291666666666665 0.15138888888888888 0.09166666666666666 
10 0.3 0.6354166666666666 0.13333333333333333 0.1875 
3 0.80625 0.3489583333333333 0.04027777777777778 0.04791666666666667 
3 0.5965277777777778 0.31979166666666664 0.06527777777777778 0.052083333333333336 
3 0.9333333333333333 0.396875 0.06111111111111111 0.06458333333333334 
3 0.6777777777777778 0.4666666666666667 0.12777777777777777 0.10416666666666667 
3 0.9666666666666667 0.4166666666666667 0.05277777777777778 0.09166666666666666 
3 0.5826388888888889 0.4239583333333333 0.10138888888888889 0.05625 
3 0.7604166666666666 0.340625 0.05694444444444444 0.05625 
3 0.43194444444444446 0.434375 0.06666666666666667 0.08541666666666667 
3 0.8881944444444444 0.38333333333333336 0.059722222222222225 0.058333333333333334 
3 0.9583333333333334 0.7010416666666667 0.06944444444444445 0.17708333333333334 
3 0.5444444444444444 0.30416666666666664 0.05555555555555555 0.041666666666666664 
3 0.8402777777777778 0.36666666666666664 0.06944444444444445 0.06666666666666667 
3 0.7277777777777777 0.5239583333333333 0.1527777777777778 0.11458333333333333 
3 0.6923611111111111 0.3302083333333333 0.0625 0.052083333333333336 
3 0.8069444444444445 0.5614583333333333 0.15555555555555556 0.14375 
3 0.8979166666666667 0.609375 0.1625 0.15208333333333332 
