3 0.7680555555555556 0.515625 0.13333333333333333 0.11041666666666666 
3 0.6986111111111111 0.34270833333333334 0.041666666666666664 0.04791666666666667 
3 0.9305555555555556 0.39479166666666665 0.05555555555555555 0.052083333333333336 
3 0.5826388888888889 0.4197916666666667 0.12361111111111112 0.06458333333333334 
3 0.8381944444444445 0.35520833333333335 0.09027777777777778 0.06875 
3 0.73125 0.32708333333333334 0.0375 0.05 
3 0.9701388888888889 0.7010416666666667 0.0375 0.13541666666666666 
3 0.8354166666666667 0.5666666666666667 0.14027777777777778 0.14583333333333334 
3 0.5840277777777778 0.321875 0.07361111111111111 0.04791666666666667 
3 0.9236111111111112 0.628125 0.1361111111111111 0.14791666666666667 
3 0.6729166666666667 0.4791666666666667 0.12361111111111112 0.08333333333333333 
3 0.6152777777777778 0.378125 0.041666666666666664 0.022916666666666665 
2 0.31527777777777777 0.49895833333333334 0.20833333333333334 0.31875 
3 0.875 0.3875 0.07777777777777778 0.058333333333333334 
3 0.5875 0.45208333333333334 0.08611111111111111 0.07083333333333333 
3 0.6284722222222222 0.39479166666666665 0.034722222222222224 0.027083333333333334 
3 0.9680555555555556 0.415625 0.044444444444444446 0.08125 
