2 0.18680555555555556 0.44166666666666665 0.3736111111111111 0.39166666666666666 
6 0.10347222222222222 0.18020833333333333 0.15138888888888888 0.05625 
3 0.32083333333333336 0.19895833333333332 0.04722222222222222 0.035416666666666666 
3 0.2298611111111111 0.240625 0.06527777777777778 0.04791666666666667 
3 0.3819444444444444 0.165625 0.041666666666666664 0.03958333333333333 
3 0.61875 0.20520833333333333 0.029166666666666667 0.03958333333333333 
3 0.5173611111111112 0.33541666666666664 0.09305555555555556 0.12083333333333333 
3 0.84375 0.321875 0.09027777777777778 0.06041666666666667 
3 0.25555555555555554 0.171875 0.05555555555555555 0.035416666666666666 
0 0.08055555555555556 0.25416666666666665 0.16111111111111112 0.13333333333333333 
0 0.36319444444444443 0.14479166666666668 0.12361111111111112 0.06458333333333334 
3 0.08263888888888889 0.33229166666666665 0.08472222222222223 0.07708333333333334 
3 0.43680555555555556 0.146875 0.029166666666666667 0.027083333333333334 
3 0.3715277777777778 0.6239583333333333 0.20972222222222223 0.2604166666666667 
