3 0.6597222222222222 0.484375 0.11944444444444445 0.09791666666666667 
3 0.6569444444444444 0.346875 0.03333333333333333 0.027083333333333334 
3 0.8180555555555555 0.559375 0.1388888888888889 0.12291666666666666 
3 0.7451388888888889 0.5020833333333333 0.15416666666666667 0.15 
3 0.6979166666666666 0.3375 0.06527777777777778 0.041666666666666664 
3 0.5923611111111111 0.459375 0.1125 0.07291666666666667 
3 0.2951388888888889 0.815625 0.1597222222222222 0.23541666666666666 
3 0.6451388888888889 0.37083333333333335 0.034722222222222224 0.0375 
3 0.9423611111111111 0.6541666666666667 0.09861111111111111 0.175 
3 0.5777777777777777 0.31979166666666664 0.06944444444444445 0.04791666666666667 
3 0.9270833333333334 0.38125 0.06805555555555555 0.07083333333333333 
3 0.6125 0.3875 0.058333333333333334 0.03333333333333333 
3 0.5875 0.425 0.11944444444444445 0.04583333333333333 
3 0.8423611111111111 0.36354166666666665 0.0763888888888889 0.06041666666666667 
