3 0.5909722222222222 0.321875 0.07361111111111111 0.04375 
3 0.27569444444444446 0.7916666666666666 0.14583333333333334 0.22083333333333333 
3 0.7354166666666667 0.325 0.043055555555555555 0.05 
3 0.5958333333333333 0.4552083333333333 0.10555555555555556 0.07708333333333334 
3 0.8361111111111111 0.5645833333333333 0.14166666666666666 0.14583333333333334 
3 0.9305555555555556 0.39791666666666664 0.06111111111111111 0.05416666666666667 
3 0.5819444444444445 0.41770833333333335 0.12222222222222222 0.05625 
10 0.95 0.32083333333333336 0.08333333333333333 0.058333333333333334 
3 0.5729166666666666 0.3885416666666667 0.10416666666666667 0.04375 
3 0.8402777777777778 0.31666666666666665 0.075 0.0375 
7 0.08958333333333333 0.44895833333333335 0.006944444444444444 0.035416666666666666 
3 0.76875 0.5197916666666667 0.1375 0.11458333333333333 
3 0.8388888888888889 0.35625 0.09166666666666666 0.0625 
3 0.9222222222222223 0.625 0.1388888888888889 0.15833333333333333 
5 0.975 0.696875 0.044444444444444446 0.14791666666666667 
3 0.6979166666666666 0.3416666666666667 0.04861111111111111 0.04583333333333333 
3 0.25833333333333336 0.41041666666666665 0.07222222222222222 0.05 
3 0.9680555555555556 0.41875 0.044444444444444446 0.07916666666666666 
3 0.6736111111111112 0.4791666666666667 0.12777777777777777 0.09583333333333334 
3 0.8743055555555556 0.3885416666666667 0.08194444444444444 0.05625 
