3 0.7708333333333334 0.12083333333333333 0.05555555555555555 0.05416666666666667 
3 0.7180555555555556 0.13020833333333334 0.08333333333333333 0.06041666666666667 
1 0.17916666666666667 0.7229166666666667 0.16944444444444445 0.22083333333333333 
3 0.3819444444444444 0.071875 0.10277777777777777 0.08125 
3 0.25 0.030208333333333334 0.06111111111111111 0.052083333333333336 
3 0.9208333333333333 0.27395833333333336 0.058333333333333334 0.09375 
3 0.17708333333333334 0.11354166666666667 0.0875 0.08958333333333333 
3 0.9423611111111111 0.228125 0.03194444444444444 0.06041666666666667 
3 0.3020833333333333 0.051041666666666666 0.05694444444444444 0.04375 
3 0.81875 0.11666666666666667 0.04027777777777778 0.0375 
