5 0.6458333333333334 0.34270833333333334 0.06666666666666667 0.06041666666666667 
3 0.6722222222222223 0.38958333333333334 0.06666666666666667 0.041666666666666664 
3 0.8673611111111111 0.70625 0.1486111111111111 0.14583333333333334 
8 0.8868055555555555 0.5302083333333333 0.07361111111111111 0.07291666666666667 
3 0.17708333333333334 0.13229166666666667 0.03194444444444444 0.03958333333333333 
3 0.3159722222222222 0.18854166666666666 0.08472222222222223 0.06041666666666667 
5 0.7611111111111111 0.428125 0.044444444444444446 0.014583333333333334 
3 0.030555555555555555 0.08854166666666667 0.03888888888888889 0.027083333333333334 
3 0.79375 0.465625 0.0625 0.052083333333333336 
3 0.9597222222222223 0.584375 0.05277777777777778 0.04791666666666667 
8 0.5701388888888889 0.325 0.08194444444444444 0.058333333333333334 
3 0.46111111111111114 0.2625 0.07777777777777778 0.05416666666666667 
3 0.26944444444444443 0.6354166666666666 0.3638888888888889 0.3416666666666667 
10 0.20555555555555555 0.13020833333333334 0.05277777777777778 0.03958333333333333 
