3 0.5833333333333334 0.3125 0.08055555555555556 0.05416666666666667 
3 0.6111111111111112 0.384375 0.06666666666666667 0.04791666666666667 
3 0.6715277777777777 0.46770833333333334 0.12361111111111112 0.09375 
3 0.9708333333333333 0.41041666666666665 0.05 0.09166666666666666 
3 0.8340277777777778 0.5552083333333333 0.1375 0.14791666666666667 
3 0.5819444444444445 0.40729166666666666 0.1361111111111111 0.06041666666666667 
3 0.6972222222222222 0.33229166666666665 0.05555555555555555 0.052083333333333336 
10 0.8347222222222223 0.346875 0.10277777777777777 0.08958333333333333 
3 0.5833333333333334 0.45 0.10277777777777777 0.0875 
3 0.8722222222222222 0.37604166666666666 0.07777777777777778 0.06458333333333334 
3 0.24861111111111112 0.8770833333333333 0.19166666666666668 0.24166666666666667 
5 0.9715277777777778 0.6854166666666667 0.043055555555555555 0.11666666666666667 
3 0.9208333333333333 0.6239583333333333 0.15 0.16458333333333333 
3 0.7708333333333334 0.5114583333333333 0.1527777777777778 0.13125 
3 0.9298611111111111 0.3875 0.0625 0.05416666666666667 
3 0.7305555555555555 0.31979166666666664 0.04722222222222222 0.052083333333333336 
