3 0.12134502923976608 0.22587719298245615 0.05555555555555555 0.039473684210526314 
3 0.3567251461988304 0.125 0.05847953216374269 0.03070175438596491 
3 0.20614035087719298 0.25219298245614036 0.09649122807017543 0.07456140350877193 
10 0.52046783625731 0.4166666666666667 0.3157894736842105 0.2543859649122807 
3 0.12280701754385964 0.2236842105263158 0.05263157894736842 0.05263157894736842 
3 0.12280701754385964 0.22587719298245615 0.06432748538011696 0.05701754385964912 
3 0.35526315789473684 0.12719298245614036 0.06725146198830409 0.043859649122807015 
8 0.7353801169590644 0.17982456140350878 0.11403508771929824 0.07017543859649122 
3 0.7309941520467836 0.17105263157894737 0.12280701754385964 0.05263157894736842 
3 0.358187134502924 0.12280701754385964 0.038011695906432746 0.02631578947368421 
10 0.5570175438596491 0.4100877192982456 0.3830409356725146 0.25 
3 0.20614035087719298 0.26096491228070173 0.09064327485380116 0.06578947368421052 
