10 0.20321637426900585 0.3815789473684211 0.21929824561403508 0.18421052631578946 
3 0.4137426900584795 0.14473684210526316 0.07894736842105263 0.03508771929824561 
3 0.4166666666666667 0.14473684210526316 0.06140350877192982 0.017543859649122806 
3 0.13304093567251463 0.2324561403508772 0.05555555555555555 0.043859649122807015 
3 0.1286549707602339 0.22587719298245615 0.05847953216374269 0.04824561403508772 
3 0.41228070175438597 0.14912280701754385 0.07602339181286549 0.03508771929824561 
3 0.804093567251462 0.20614035087719298 0.10526315789473684 0.043859649122807015 
3 0.8099415204678363 0.20175438596491227 0.08771929824561403 0.03508771929824561 
3 0.8055555555555556 0.20394736842105263 0.09649122807017543 0.06578947368421052 
3 0.8026315789473685 0.21271929824561403 0.1023391812865497 0.06578947368421052 
3 0.4108187134502924 0.14473684210526316 0.09064327485380116 0.02631578947368421 
