0 0.6840277777777778 0.19375 0.0625 0.07083333333333333 
3 0.6409722222222223 0.22395833333333334 0.02361111111111111 0.03125 
3 0.5298611111111111 0.28958333333333336 0.06527777777777778 0.04583333333333333 
8 0.39652777777777776 0.24895833333333334 0.05694444444444444 0.035416666666666666 
3 0.5541666666666667 0.24583333333333332 0.044444444444444446 0.0375 
3 0.6875 0.246875 0.03611111111111111 0.03958333333333333 
3 0.76875 0.24791666666666667 0.03194444444444444 0.03333333333333333 
8 0.6 0.23541666666666666 0.06111111111111111 0.0625 
3 0.14375 0.32916666666666666 0.05694444444444444 0.05 
3 0.46875 0.459375 0.14027777777777778 0.12291666666666666 
3 0.41805555555555557 0.30520833333333336 0.07222222222222222 0.06041666666666667 
3 0.8729166666666667 0.578125 0.09861111111111111 0.18958333333333333 
3 0.8652777777777778 0.33958333333333335 0.06111111111111111 0.07916666666666666 
3 0.8708333333333333 0.42604166666666665 0.06388888888888888 0.09791666666666667 
6 0.06944444444444445 0.6020833333333333 0.1361111111111111 0.15 
3 0.36875 0.38645833333333335 0.09861111111111111 0.10208333333333333 
6 0.8041666666666667 0.190625 0.016666666666666666 0.035416666666666666 
3 0.7236111111111111 0.3177083333333333 0.06111111111111111 0.06041666666666667 
3 0.7555555555555555 0.2125 0.019444444444444445 0.025 
