3 0.6805555555555556 0.10833333333333334 0.03888888888888889 0.04583333333333333 
3 0.5125 0.671875 0.2388888888888889 0.34791666666666665 
3 0.63125 0.3572916666666667 0.13194444444444445 0.15208333333333332 
3 0.049305555555555554 0.3875 0.09861111111111111 0.17083333333333334 
3 0.15763888888888888 0.2625 0.12083333333333333 0.16666666666666666 
3 0.6784722222222223 0.24791666666666667 0.07916666666666666 0.10416666666666667 
2 0.38263888888888886 0.20625 0.32916666666666666 0.2833333333333333 
3 0.5701388888888889 0.08020833333333334 0.04027777777777778 0.04375 
5 0.27847222222222223 0.9739583333333334 0.1375 0.04791666666666667 
3 0.7069444444444445 0.18958333333333333 0.05277777777777778 0.07083333333333333 
