7 0.90625 0.43125 0.02361111111111111 0.058333333333333334 
9 0.034722222222222224 0.6239583333333333 0.06666666666666667 0.18958333333333333 
7 0.9472222222222222 0.5458333333333333 0.03611111111111111 0.09166666666666666 
2 0.2013888888888889 0.3302083333333333 0.3194444444444444 0.17291666666666666 
7 0.8020833333333334 0.25833333333333336 0.015277777777777777 0.058333333333333334 
7 0.8347222222222223 0.5291666666666667 0.03611111111111111 0.10416666666666667 
3 0.6708333333333333 0.24375 0.07777777777777778 0.041666666666666664 
3 0.7326388888888888 0.3104166666666667 0.10972222222222222 0.0625 
7 0.9243055555555556 0.4427083333333333 0.02361111111111111 0.06041666666666667 
5 0.98125 0.3885416666666667 0.034722222222222224 0.06458333333333334 
7 0.9395833333333333 0.5041666666666667 0.043055555555555555 0.09583333333333334 
3 0.46041666666666664 0.803125 0.19583333333333333 0.3020833333333333 
7 0.7013888888888888 0.49895833333333334 0.03888888888888889 0.06458333333333334 
