3 0.1701388888888889 0.13125 0.07083333333333333 0.05 
3 0.8930555555555556 0.5364583333333334 0.07222222222222222 0.07291666666666667 
3 0.6819444444444445 0.390625 0.09166666666666666 0.06041666666666667 
0 0.25833333333333336 0.503125 0.5111111111111111 0.80625 
8 0.7548611111111111 0.41458333333333336 0.059722222222222225 0.05416666666666667 
3 0.47708333333333336 0.465625 0.19305555555555556 0.19791666666666666 
8 0.5631944444444444 0.32083333333333336 0.09305555555555556 0.06666666666666667 
3 0.36875 0.20520833333333333 0.06527777777777778 0.035416666666666666 
3 0.09305555555555556 0.09166666666666666 0.06111111111111111 0.05 
3 0.7902777777777777 0.46979166666666666 0.06944444444444445 0.052083333333333336 
3 0.42430555555555555 0.24791666666666667 0.08194444444444444 0.05 
