3 0.08680555555555555 0.15520833333333334 0.07361111111111111 0.052083333333333336 
3 0.8118055555555556 0.096875 0.05694444444444444 0.035416666666666666 
3 0.9423611111111111 0.13645833333333332 0.04027777777777778 0.035416666666666666 
3 0.9076388888888889 0.11770833333333333 0.034722222222222224 0.027083333333333334 
3 0.8777777777777778 0.6 0.2222222222222222 0.20416666666666666 
3 0.84375 0.12291666666666666 0.034722222222222224 0.029166666666666667 
3 0.7798611111111111 0.08125 0.034722222222222224 0.029166666666666667 
3 0.9701388888888889 0.16666666666666666 0.03194444444444444 0.029166666666666667 
3 0.09097222222222222 0.25416666666666665 0.09861111111111111 0.0875 
3 0.8784722222222222 0.13958333333333334 0.0625 0.041666666666666664 
3 0.2375 0.04375 0.030555555555555555 0.020833333333333332 
