3 0.3194444444444444 0.051041666666666666 0.07777777777777778 0.035416666666666666 
3 0.3888888888888889 0.023958333333333335 0.04722222222222222 0.027083333333333334 
5 0.14930555555555555 0.8854166666666666 0.29305555555555557 0.225 
3 0.22152777777777777 0.1 0.09305555555555556 0.05 
3 0.6090277777777777 0.041666666666666664 0.04027777777777778 0.03333333333333333 
3 0.8958333333333334 0.3458333333333333 0.15833333333333333 0.15416666666666667 
3 0.15138888888888888 0.06041666666666667 0.03888888888888889 0.0375 
3 0.7034722222222223 0.06458333333333334 0.029166666666666667 0.041666666666666664 
3 0.25972222222222224 0.03958333333333333 0.03333333333333333 0.029166666666666667 
3 0.016666666666666666 0.14791666666666667 0.027777777777777776 0.05416666666666667 
3 0.34791666666666665 0.036458333333333336 0.07083333333333333 0.03125 
3 0.18680555555555556 0.058333333333333334 0.04861111111111111 0.041666666666666664 
3 0.5645833333333333 0.07916666666666666 0.04861111111111111 0.05 
3 0.6527777777777778 0.03125 0.022222222222222223 0.029166666666666667 
1 0.6263888888888889 0.25729166666666664 0.03611111111111111 0.09791666666666667 
3 0.2722222222222222 0.06979166666666667 0.07777777777777778 0.035416666666666666 
3 0.7215277777777778 0.03854166666666667 0.02638888888888889 0.027083333333333334 
3 0.29583333333333334 0.026041666666666668 0.04722222222222222 0.022916666666666665 
3 0.6305555555555555 0.059375 0.041666666666666664 0.035416666666666666 
3 0.32708333333333334 0.017708333333333333 0.029166666666666667 0.022916666666666665 
5 0.9340277777777778 0.49270833333333336 0.10694444444444444 0.13541666666666666 
3 0.22430555555555556 0.04583333333333333 0.04027777777777778 0.03333333333333333 
