5 0.9 0.790625 0.19722222222222222 0.39375 
8 0.8361111111111111 0.43854166666666666 0.11944444444444445 0.08541666666666667 
8 0.7701388888888889 0.2864583333333333 0.05416666666666667 0.035416666666666666 
7 0.5875 0.28125 0.011111111111111112 0.05 
8 0.7173611111111111 0.28854166666666664 0.06527777777777778 0.03958333333333333 
3 0.5791666666666667 0.25729166666666664 0.05277777777777778 0.03125 
8 0.8256944444444444 0.3770833333333333 0.0875 0.06666666666666667 
5 0.8486111111111111 0.2875 0.030555555555555555 0.029166666666666667 
7 0.6319444444444444 0.30520833333333336 0.019444444444444445 0.04791666666666667 
7 0.6152777777777778 0.29791666666666666 0.016666666666666666 0.058333333333333334 
