3 0.7263888888888889 0.16458333333333333 0.044444444444444446 0.05 
3 0.6715277777777777 0.284375 0.09305555555555556 0.11458333333333333 
3 0.7118055555555556 0.21770833333333334 0.0625 0.06458333333333334 
5 0.4131944444444444 0.15833333333333333 0.0763888888888889 0.04583333333333333 
7 0.3861111111111111 0.10729166666666666 0.019444444444444445 0.052083333333333336 
3 0.04791666666666667 0.3885416666666667 0.09027777777777778 0.17708333333333334 
3 0.5659722222222222 0.07916666666666666 0.04583333333333333 0.05 
3 0.43125 0.125 0.06805555555555555 0.05416666666666667 
2 0.42916666666666664 0.32916666666666666 0.40555555555555556 0.4708333333333333 
3 0.5145833333333333 0.675 0.24305555555555555 0.35833333333333334 
3 0.4909722222222222 0.10208333333333333 0.04861111111111111 0.04583333333333333 
3 0.30694444444444446 0.18958333333333333 0.12222222222222222 0.1125 
