3 0.3416666666666667 0.33958333333333335 0.21666666666666667 0.10833333333333334 
3 0.7006944444444444 0.4708333333333333 0.20694444444444443 0.1875 
3 0.022222222222222223 0.2916666666666667 0.044444444444444446 0.07083333333333333 
7 0.17083333333333334 0.19583333333333333 0.013888888888888888 0.041666666666666664 
3 0.18055555555555555 0.121875 0.058333333333333334 0.052083333333333336 
3 0.12291666666666666 0.30104166666666665 0.15138888888888888 0.11041666666666666 
5 0.9652777777777778 0.5854166666666667 0.05555555555555555 0.125 
10 0.12638888888888888 0.12291666666666666 0.044444444444444446 0.04583333333333333 
8 0.17708333333333334 0.43854166666666666 0.30694444444444446 0.27708333333333335 
6 0.5083333333333333 0.5375 0.3888888888888889 0.4041666666666667 
