5 0.09064327485380116 0.16447368421052633 0.04678362573099415 0.05701754385964912 
3 0.5292397660818714 0.48026315789473684 0.27485380116959063 0.25877192982456143 
3 0.054093567251461985 0.22149122807017543 0.043859649122807015 0.04824561403508772 
8 0.8260233918128655 0.24780701754385964 0.13742690058479531 0.09210526315789473 
8 0.6842105263157895 0.18640350877192982 0.1286549707602339 0.08333333333333333 
6 0.7441520467836257 0.8201754385964912 0.48830409356725146 0.3508771929824561 
3 0.1111111111111111 0.30701754385964913 0.08187134502923976 0.10526315789473684 
3 0.36988304093567254 0.24561403508771928 0.13157894736842105 0.09649122807017543 
3 0.4956140350877193 0.13157894736842105 0.0847953216374269 0.043859649122807015 
3 0.6652046783625731 0.32894736842105265 0.17251461988304093 0.11403508771929824 
