3 0.8513888888888889 0.5125 0.058333333333333334 0.05416666666666667 
3 0.9701388888888889 0.6020833333333333 0.04027777777777778 0.058333333333333334 
3 0.17916666666666667 0.13854166666666667 0.06111111111111111 0.03125 
3 0.09236111111111112 0.11354166666666667 0.04583333333333333 0.035416666666666666 
3 0.30833333333333335 0.19583333333333333 0.06666666666666667 0.0375 
3 0.5680555555555555 0.32708333333333334 0.08055555555555556 0.058333333333333334 
3 0.42569444444444443 0.25416666666666665 0.0763888888888889 0.05 
3 0.3645833333333333 0.20833333333333334 0.04583333333333333 0.041666666666666664 
3 0.029861111111111113 0.090625 0.043055555555555555 0.027083333333333334 
8 0.8479166666666667 0.50625 0.015277777777777777 0.0125 
3 0.31875 0.60625 0.3402777777777778 0.3541666666666667 
10 0.24861111111111112 0.159375 0.058333333333333334 0.035416666666666666 
8 0.5263888888888889 0.2875 0.06388888888888888 0.04583333333333333 
3 0.6708333333333333 0.3697916666666667 0.06388888888888888 0.027083333333333334 
3 0.6826388888888889 0.40625 0.07083333333333333 0.04583333333333333 
