3 0.5986111111111111 0.3229166666666667 0.06666666666666667 0.05 
3 0.5840277777777778 0.43125 0.10694444444444444 0.05416666666666667 
3 0.8034722222222223 0.55625 0.14583333333333334 0.15416666666666667 
3 0.8486111111111111 0.365625 0.075 0.06458333333333334 
3 0.9375 0.4010416666666667 0.06666666666666667 0.06458333333333334 
3 0.9597222222222223 0.6927083333333334 0.06944444444444445 0.16041666666666668 
3 0.5791666666666667 0.4739583333333333 0.14444444444444443 0.07708333333333334 
3 0.7583333333333333 0.340625 0.05277777777777778 0.04791666666666667 
3 0.6909722222222222 0.32916666666666666 0.0625 0.04583333333333333 
7 0.24097222222222223 0.43854166666666666 0.015277777777777777 0.04375 
7 0.2791666666666667 0.428125 0.011111111111111112 0.03958333333333333 
3 0.6736111111111112 0.46979166666666666 0.11666666666666667 0.09375 
3 0.8965277777777778 0.6145833333333334 0.1625 0.15833333333333333 
3 0.7291666666666666 0.5270833333333333 0.14722222222222223 0.12083333333333333 
3 0.96875 0.42083333333333334 0.05138888888888889 0.075 
3 0.2743055555555556 0.790625 0.15694444444444444 0.22708333333333333 
3 0.8916666666666667 0.38958333333333334 0.058333333333333334 0.058333333333333334 
7 0.2625 0.43645833333333334 0.013888888888888888 0.035416666666666666 
