8 0.17916666666666667 0.265625 0.10277777777777777 0.11041666666666666 
3 0.42916666666666664 0.25104166666666666 0.14166666666666666 0.11041666666666666 
3 0.11875 0.23125 0.059722222222222225 0.06666666666666667 
3 0.33611111111111114 0.06666666666666667 0.041666666666666664 0.029166666666666667 
3 0.2513888888888889 0.11354166666666667 0.03888888888888889 0.03125 
7 0.7180555555555556 0.15 0.016666666666666666 0.0375 
3 0.26666666666666666 0.31875 0.12222222222222222 0.12083333333333333 
3 0.2798611111111111 0.08541666666666667 0.0375 0.029166666666666667 
3 0.30416666666666664 0.06979166666666667 0.03611111111111111 0.027083333333333334 
3 0.07916666666666666 0.23020833333333332 0.025 0.04375 
5 0.07777777777777778 0.17291666666666666 0.030555555555555555 0.029166666666666667 
