8 0.24305555555555555 0.1625 0.08611111111111111 0.05416666666666667 
9 0.64375 0.3385416666666667 0.1375 0.11458333333333333 
3 0.9229166666666667 0.55 0.043055555555555555 0.03333333333333333 
8 0.8423611111111111 0.46770833333333334 0.07083333333333333 0.04375 
3 0.9604166666666667 0.590625 0.04861111111111111 0.03958333333333333 
3 0.3388888888888889 0.509375 0.30833333333333335 0.3145833333333333 
10 0.058333333333333334 0.09375 0.03888888888888889 0.03333333333333333 
3 0.7451388888888889 0.43125 0.0763888888888889 0.05416666666666667 
3 0.4201388888888889 0.23541666666666666 0.07361111111111111 0.04583333333333333 
3 0.5076388888888889 0.2916666666666667 0.07361111111111111 0.04583333333333333 
3 0.06319444444444444 0.25625 0.12638888888888888 0.1125 
5 0.9555555555555556 0.7583333333333333 0.06944444444444445 0.10416666666666667 
3 0.8680555555555556 0.51875 0.058333333333333334 0.04583333333333333 
