8 0.8145833333333333 0.4 0.0625 0.05416666666666667 
3 0.36180555555555555 0.35104166666666664 0.10972222222222222 0.08958333333333333 
8 0.8215277777777777 0.371875 0.08194444444444444 0.04375 
3 0.35555555555555557 0.20104166666666667 0.03333333333333333 0.027083333333333334 
3 0.4395833333333333 0.27291666666666664 0.04027777777777778 0.05416666666666667 
3 0.3819444444444444 0.22291666666666668 0.03611111111111111 0.029166666666666667 
9 0.32708333333333334 0.17708333333333334 0.03194444444444444 0.03333333333333333 
5 0.9173611111111111 0.765625 0.14027777777777778 0.26875 
8 0.7770833333333333 0.29583333333333334 0.05138888888888889 0.020833333333333332 
8 0.8354166666666667 0.3614583333333333 0.07083333333333333 0.04375 
