3 0.2569444444444444 0.03125 0.04722222222222222 0.05416666666666667 
1 0.19027777777777777 0.8270833333333333 0.1527777777777778 0.21666666666666667 
3 0.9201388888888888 0.2677083333333333 0.05694444444444444 0.09375 
3 0.7770833333333333 0.11875 0.059722222222222225 0.058333333333333334 
3 0.7166666666666667 0.13020833333333334 0.07777777777777778 0.06458333333333334 
3 0.38472222222222224 0.07083333333333333 0.09722222222222222 0.07916666666666666 
3 0.12361111111111112 0.08645833333333333 0.05555555555555555 0.06875 
3 0.30833333333333335 0.05520833333333333 0.058333333333333334 0.06041666666666667 
3 0.9395833333333333 0.22604166666666667 0.04583333333333333 0.06458333333333334 
3 0.8215277777777777 0.11354166666666667 0.0375 0.035416666666666666 
3 0.17847222222222223 0.11145833333333334 0.08194444444444444 0.08958333333333333 
3 0.2361111111111111 0.06145833333333333 0.08055555555555556 0.07708333333333334 
