3 0.8125 0.08854166666666667 0.07222222222222222 0.03958333333333333 
8 0.24027777777777778 0.042708333333333334 0.03333333333333333 0.027083333333333334 
3 0.9659722222222222 0.159375 0.0375 0.03958333333333333 
3 0.94375 0.13645833333333332 0.0375 0.03125 
3 0.7847222222222222 0.07083333333333333 0.044444444444444446 0.025 
3 0.8520833333333333 0.11354166666666667 0.043055555555555555 0.027083333333333334 
3 0.12916666666666668 0.4166666666666667 0.20833333333333334 0.14583333333333334 
3 0.8729166666666667 0.19791666666666666 0.10416666666666667 0.07083333333333333 
3 0.7638888888888888 0.05520833333333333 0.05277777777777778 0.027083333333333334 
3 0.8805555555555555 0.13958333333333334 0.07222222222222222 0.05416666666666667 
3 0.08819444444444445 0.15416666666666667 0.07361111111111111 0.05416666666666667 
3 0.9097222222222222 0.1125 0.05 0.0375 
