3 0.5861111111111111 0.45625 0.08333333333333333 0.07916666666666666 
3 0.8347222222222223 0.5677083333333334 0.1388888888888889 0.13541666666666666 
3 0.32916666666666666 0.8125 0.14444444444444443 0.20833333333333334 
5 0.975 0.7052083333333333 0.03888888888888889 0.13541666666666666 
3 0.5930555555555556 0.31979166666666664 0.06944444444444445 0.03958333333333333 
3 0.7701388888888889 0.51875 0.1375 0.11666666666666667 
7 0.2743055555555556 0.43125 0.02361111111111111 0.03333333333333333 
5 0.09097222222222222 0.453125 0.02361111111111111 0.035416666666666666 
3 0.5763888888888888 0.3885416666666667 0.11388888888888889 0.03125 
3 0.5354166666666667 0.31145833333333334 0.04027777777777778 0.035416666666666666 
3 0.6944444444444444 0.34270833333333334 0.04722222222222222 0.052083333333333336 
3 0.2590277777777778 0.41354166666666664 0.07083333333333333 0.052083333333333336 
3 0.6729166666666667 0.48125 0.12638888888888888 0.0875 
3 0.9659722222222222 0.41770833333333335 0.04861111111111111 0.08541666666666667 
10 0.8402777777777778 0.35833333333333334 0.1 0.0625 
3 0.5805555555555556 0.4270833333333333 0.125 0.07083333333333333 
3 0.8743055555555556 0.38958333333333334 0.07916666666666666 0.05416666666666667 
3 0.73125 0.3302083333333333 0.04861111111111111 0.04791666666666667 
3 0.14583333333333334 0.425 0.04722222222222222 0.0375 
3 0.9319444444444445 0.39375 0.05555555555555555 0.04583333333333333 
3 0.9243055555555556 0.6270833333333333 0.14027777777777778 0.15416666666666667 
