3 0.7861111111111111 0.17083333333333334 0.075 0.0875 
7 0.33819444444444446 0.153125 0.02638888888888889 0.09791666666666667 
3 0.7159722222222222 0.13125 0.08194444444444444 0.0625 
3 0.2513888888888889 0.035416666666666666 0.05555555555555555 0.041666666666666664 
3 0.8451388888888889 0.14375 0.05138888888888889 0.04583333333333333 
3 0.17777777777777778 0.1125 0.08055555555555556 0.07916666666666666 
3 0.32430555555555557 0.11145833333333334 0.11527777777777778 0.09791666666666667 
3 0.38263888888888886 0.06979166666666667 0.09861111111111111 0.07708333333333334 
3 0.5034722222222222 0.2916666666666667 0.22083333333333333 0.19583333333333333 
3 0.9159722222222222 0.265625 0.059722222222222225 0.07291666666666667 
