8 0.875 0.5177083333333333 0.075 0.06041666666666667 
5 0.9125 0.5364583333333334 0.022222222222222223 0.04791666666666667 
3 0.7104166666666667 0.40625 0.07916666666666666 0.06666666666666667 
3 0.11041666666666666 0.11354166666666667 0.05416666666666667 0.03958333333333333 
3 0.9583333333333334 0.5875 0.044444444444444446 0.041666666666666664 
8 0.40902777777777777 0.221875 0.0875 0.052083333333333336 
3 0.38819444444444445 0.23125 0.0875 0.04583333333333333 
3 0.2798611111111111 0.7302083333333333 0.4013888888888889 0.3729166666666667 
5 0.016666666666666666 0.08333333333333333 0.025 0.029166666666666667 
3 0.2076388888888889 0.1375 0.06527777777777778 0.041666666666666664 
5 0.03819444444444445 0.084375 0.009722222222222222 0.027083333333333334 
