10 0.20833333333333334 0.7822916666666667 0.15833333333333333 0.19791666666666666 
3 0.5965277777777778 0.32083333333333336 0.07083333333333333 0.04583333333333333 
3 0.9381944444444444 0.39791666666666664 0.0625 0.06666666666666667 
2 0.4909722222222222 0.31354166666666666 0.2013888888888889 0.11458333333333333 
3 0.30069444444444443 0.3885416666666667 0.059722222222222225 0.04791666666666667 
3 0.5708333333333333 0.47291666666666665 0.11666666666666667 0.08333333333333333 
3 0.8090277777777778 0.5552083333333333 0.14027777777777778 0.14375 
3 0.7284722222222222 0.521875 0.1486111111111111 0.11458333333333333 
3 0.8944444444444445 0.38229166666666664 0.06388888888888888 0.06041666666666667 
3 0.6888888888888889 0.328125 0.06388888888888888 0.04791666666666667 
3 0.9569444444444445 0.6875 0.06666666666666667 0.15833333333333333 
3 0.5819444444444445 0.42604166666666665 0.09444444444444444 0.05625 
3 0.9673611111111111 0.4166666666666667 0.04861111111111111 0.08333333333333333 
3 0.8986111111111111 0.6104166666666667 0.15833333333333333 0.16666666666666666 
3 0.7583333333333333 0.33645833333333336 0.058333333333333334 0.052083333333333336 
3 0.6770833333333334 0.4739583333333333 0.10694444444444444 0.10625 
3 0.8416666666666667 0.36354166666666665 0.075 0.06458333333333334 
