3 0.8840277777777777 0.5927083333333333 0.20416666666666666 0.19375 
3 0.9680555555555556 0.16458333333333333 0.03611111111111111 0.029166666666666667 
3 0.2375 0.042708333333333334 0.027777777777777776 0.022916666666666665 
5 0.96875 0.25 0.034722222222222224 0.05 
3 0.20833333333333334 0.08854166666666667 0.04722222222222222 0.035416666666666666 
3 0.7659722222222223 0.058333333333333334 0.05138888888888889 0.025 
3 0.6 0.15416666666666667 0.125 0.05416666666666667 
3 0.8756944444444444 0.13541666666666666 0.06527777777777778 0.04583333333333333 
3 0.7888888888888889 0.08229166666666667 0.05277777777777778 0.027083333333333334 
3 0.9090277777777778 0.371875 0.15138888888888888 0.16041666666666668 
3 0.7097222222222223 0.07916666666666666 0.041666666666666664 0.0375 
3 0.9104166666666667 0.115625 0.04583333333333333 0.03125 
