3 0.5680555555555555 0.35104166666666664 0.09166666666666666 0.07291666666666667 
3 0.17777777777777778 0.3177083333333333 0.08611111111111111 0.08125 
5 0.9430555555555555 0.8583333333333333 0.09166666666666666 0.22916666666666666 
4 0.25277777777777777 0.2947916666666667 0.022222222222222223 0.027083333333333334 
8 0.05138888888888889 0.375 0.10277777777777777 0.1 
8 0.8388888888888889 0.4375 0.12222222222222222 0.08333333333333333 
8 0.7111111111111111 0.2875 0.06666666666666667 0.03333333333333333 
8 0.8305555555555556 0.37083333333333335 0.08888888888888889 0.0625 
8 0.7673611111111112 0.284375 0.05138888888888889 0.035416666666666666 
5 0.3229166666666667 0.23541666666666666 0.03194444444444444 0.04583333333333333 
9 0.37222222222222223 0.19375 0.041666666666666664 0.05 
