3 0.50625 0.3333333333333333 0.07361111111111111 0.03333333333333333 
2 0.7270833333333333 0.5822916666666667 0.5263888888888889 0.46875 
3 0.8979166666666667 0.42291666666666666 0.10972222222222222 0.058333333333333334 
3 0.6847222222222222 0.34375 0.09722222222222222 0.0375 
3 0.6652777777777777 0.36354166666666665 0.08888888888888889 0.027083333333333334 
3 0.4284722222222222 0.325 0.059722222222222225 0.05 
3 0.31527777777777777 0.309375 0.03611111111111111 0.022916666666666665 
2 0.1763888888888889 0.321875 0.06111111111111111 0.05625 
3 0.2611111111111111 0.303125 0.030555555555555555 0.027083333333333334 
8 0.8486111111111111 0.36666666666666664 0.14722222222222223 0.075 
3 0.35833333333333334 0.31145833333333334 0.04722222222222222 0.035416666666666666 
