3 0.6965277777777777 0.340625 0.04861111111111111 0.04791666666666667 
3 0.7638888888888888 0.51875 0.13055555555555556 0.12083333333333333 
10 0.9479166666666666 0.31875 0.08472222222222223 0.058333333333333334 
3 0.3 0.303125 0.03333333333333333 0.01875 
3 0.8354166666666667 0.5666666666666667 0.14305555555555555 0.15416666666666667 
3 0.3173611111111111 0.6229166666666667 0.10972222222222222 0.1375 
3 0.7326388888888888 0.32916666666666666 0.04861111111111111 0.05 
3 0.6708333333333333 0.4822916666666667 0.12777777777777777 0.08958333333333333 
3 0.4513888888888889 0.26979166666666665 0.03333333333333333 0.014583333333333334 
3 0.9229166666666667 0.628125 0.14027777777777778 0.16458333333333333 
3 0.5847222222222223 0.45416666666666666 0.09722222222222222 0.08333333333333333 
3 0.9715277777777778 0.4166666666666667 0.05138888888888889 0.08333333333333333 
3 0.5736111111111111 0.38125 0.10277777777777777 0.03333333333333333 
3 0.9715277777777778 0.6979166666666666 0.04027777777777778 0.125 
3 0.25 0.32395833333333335 0.03888888888888889 0.03125 
3 0.5791666666666667 0.425 0.12777777777777777 0.07083333333333333 
3 0.5104166666666666 0.2677083333333333 0.04027777777777778 0.027083333333333334 
3 0.25972222222222224 0.415625 0.07222222222222222 0.05625 
3 0.9319444444444445 0.4010416666666667 0.058333333333333334 0.05625 
3 0.5909722222222222 0.32083333333333336 0.07361111111111111 0.04583333333333333 
3 0.8381944444444445 0.3541666666666667 0.09583333333333334 0.07083333333333333 
3 0.8743055555555556 0.390625 0.08472222222222223 0.06041666666666667 
