3 0.8729166666666667 0.421875 0.0625 0.09791666666666667 
3 0.8736111111111111 0.5729166666666666 0.09166666666666666 0.17083333333333334 
3 0.7215277777777778 0.31666666666666665 0.05694444444444444 0.05416666666666667 
3 0.7902777777777777 0.21041666666666667 0.022222222222222223 0.025 
3 0.8645833333333334 0.3385416666666667 0.05416666666666667 0.08125 
3 0.3298611111111111 0.8364583333333333 0.2708333333333333 0.3229166666666667 
0 0.3923611111111111 0.334375 0.30416666666666664 0.26875 
8 0.04583333333333333 0.5677083333333334 0.08888888888888889 0.13125 
3 0.2826388888888889 0.2833333333333333 0.04027777777777778 0.029166666666666667 
8 0.6159722222222223 0.234375 0.05138888888888889 0.03958333333333333 
8 0.7618055555555555 0.23229166666666667 0.03194444444444444 0.03125 
3 0.7368055555555556 0.21458333333333332 0.02638888888888889 0.025 
