3 0.5958333333333333 0.321875 0.058333333333333334 0.03958333333333333 
7 0.48333333333333334 0.43020833333333336 0.016666666666666666 0.06875 
3 0.5875 0.43125 0.11388888888888889 0.05416666666666667 
3 0.8458333333333333 0.36666666666666664 0.07777777777777778 0.058333333333333334 
3 0.7597222222222222 0.334375 0.05555555555555555 0.04375 
3 0.9666666666666667 0.4197916666666667 0.05 0.07708333333333334 
3 0.9604166666666667 0.6916666666666667 0.06527777777777778 0.1625 
3 0.9006944444444445 0.6177083333333333 0.16527777777777777 0.16875 
3 0.3541666666666667 0.6083333333333333 0.1111111111111111 0.1375 
3 0.6902777777777778 0.3302083333333333 0.06111111111111111 0.04791666666666667 
3 0.9381944444444444 0.4 0.06527777777777778 0.0625 
3 0.5826388888888889 0.471875 0.1375 0.08541666666666667 
3 0.6784722222222223 0.475 0.11527777777777778 0.09166666666666666 
3 0.8097222222222222 0.5604166666666667 0.1388888888888889 0.15 
3 0.8138888888888889 0.3489583333333333 0.058333333333333334 0.052083333333333336 
3 0.8986111111111111 0.38125 0.06388888888888888 0.0625 
3 0.7263888888888889 0.5270833333333333 0.14166666666666666 0.12083333333333333 
