10 0.25833333333333336 0.7510416666666667 0.25277777777777777 0.29791666666666666 
3 0.6263888888888889 0.265625 0.044444444444444446 0.052083333333333336 
3 0.8194444444444444 0.32083333333333336 0.09722222222222222 0.058333333333333334 
7 0.3611111111111111 0.22708333333333333 0.008333333333333333 0.03333333333333333 
3 0.4625 0.8125 0.19166666666666668 0.29583333333333334 
3 0.5173611111111112 0.25 0.05138888888888889 0.041666666666666664 
3 0.6444444444444445 0.18125 0.019444444444444445 0.029166666666666667 
3 0.6027777777777777 0.19895833333333332 0.019444444444444445 0.03125 
3 0.46805555555555556 0.30625 0.125 0.0625 
7 0.50625 0.196875 0.0125 0.035416666666666666 
3 0.6833333333333333 0.19895833333333332 0.022222222222222223 0.022916666666666665 
7 0.42777777777777776 0.21041666666666667 0.008333333333333333 0.041666666666666664 
3 0.9722222222222222 0.38958333333333334 0.05 0.0625 
2 0.09930555555555555 0.33125 0.19027777777777777 0.19583333333333333 
5 0.035416666666666666 0.6302083333333334 0.059722222222222225 0.21458333333333332 
