3 0.11805555555555555 0.34479166666666666 0.13333333333333333 0.20208333333333334 
3 0.37777777777777777 0.04895833333333333 0.05 0.052083333333333336 
3 0.41944444444444445 0.017708333333333333 0.044444444444444446 0.035416666666666666 
3 0.65625 0.07291666666666667 0.10138888888888889 0.07083333333333333 
3 0.6979166666666666 0.225 0.20416666666666666 0.13333333333333333 
3 0.33819444444444446 0.08333333333333333 0.06527777777777778 0.06666666666666667 
3 0.5229166666666667 0.24583333333333332 0.10694444444444444 0.14166666666666666 
3 0.6423611111111112 0.05416666666666667 0.10138888888888889 0.0375 
3 0.20902777777777778 0.20208333333333334 0.10972222222222222 0.14583333333333334 
3 0.6722222222222223 0.13645833333333332 0.14444444444444443 0.07708333333333334 
3 0.5430555555555555 0.07916666666666666 0.10555555555555556 0.058333333333333334 
2 0.20555555555555555 0.5770833333333333 0.4111111111111111 0.8375 
