5 0.4222222222222222 0.016666666666666666 0.05 0.03333333333333333 
1 0.43194444444444446 0.46458333333333335 0.058333333333333334 0.19583333333333333 
3 0.6479166666666667 0.021875 0.09305555555555556 0.03125 
3 0.33402777777777776 0.08020833333333334 0.07083333333333333 0.06458333333333334 
5 0.5347222222222222 0.021875 0.044444444444444446 0.03125 
3 0.37777777777777777 0.042708333333333334 0.044444444444444446 0.052083333333333336 
3 0.6840277777777778 0.26458333333333334 0.24861111111111112 0.10416666666666667 
3 0.6645833333333333 0.10625 0.13194444444444445 0.07916666666666666 
3 0.675 0.37083333333333335 0.26944444444444443 0.20833333333333334 
3 0.20694444444444443 0.20729166666666668 0.09166666666666666 0.11875 
3 0.6409722222222223 0.058333333333333334 0.10416666666666667 0.05416666666666667 
7 0.7118055555555556 0.41354166666666664 0.03194444444444444 0.13958333333333334 
3 0.11805555555555555 0.34270833333333334 0.1388888888888889 0.18541666666666667 
7 0.04722222222222222 0.7854166666666667 0.09166666666666666 0.11666666666666667 
3 0.48055555555555557 0.07916666666666666 0.06666666666666667 0.058333333333333334 
