5 0.9736111111111111 0.7 0.05 0.14166666666666666 
3 0.6736111111111112 0.48020833333333335 0.125 0.08958333333333333 
3 0.9256944444444445 0.628125 0.14305555555555555 0.15208333333333332 
3 0.5791666666666667 0.38645833333333335 0.1111111111111111 0.03958333333333333 
3 0.25833333333333336 0.4125 0.07777777777777778 0.0625 
3 0.5923611111111111 0.4583333333333333 0.10972222222222222 0.075 
3 0.09791666666666667 0.4270833333333333 0.043055555555555555 0.0375 
10 0.8388888888888889 0.359375 0.09722222222222222 0.06458333333333334 
3 0.93125 0.396875 0.06527777777777778 0.06458333333333334 
3 0.5895833333333333 0.32395833333333335 0.07361111111111111 0.035416666666666666 
3 0.28194444444444444 0.83125 0.14722222222222223 0.21666666666666667 
3 0.5854166666666667 0.42083333333333334 0.12638888888888888 0.0625 
3 0.8722222222222222 0.3885416666666667 0.075 0.05625 
3 0.7673611111111112 0.5166666666666667 0.13472222222222222 0.12083333333333333 
3 0.8347222222222223 0.5625 0.14166666666666666 0.14166666666666666 
3 0.6979166666666666 0.340625 0.043055555555555555 0.052083333333333336 
3 0.7340277777777777 0.328125 0.043055555555555555 0.04791666666666667 
3 0.9694444444444444 0.4239583333333333 0.05277777777777778 0.07708333333333334 
