3 0.05138888888888889 0.6541666666666667 0.1 0.15 
8 0.26666666666666666 0.446875 0.125 0.11041666666666666 
3 0.6972222222222222 0.3375 0.06111111111111111 0.058333333333333334 
8 0.6333333333333333 0.22395833333333334 0.044444444444444446 0.04375 
10 0.5743055555555555 0.24895833333333334 0.07083333333333333 0.08125 
3 0.8743055555555556 0.5697916666666667 0.0875 0.16458333333333333 
3 0.8666666666666667 0.3385416666666667 0.044444444444444446 0.07291666666666667 
8 0.3548611111111111 0.5625 0.19027777777777777 0.1875 
3 0.8722222222222222 0.4239583333333333 0.058333333333333334 0.09791666666666667 
3 0.4826388888888889 0.31666666666666665 0.07083333333333333 0.05 
