9 0.6215277777777778 0.221875 0.04861111111111111 0.05625 
3 0.5784722222222223 0.265625 0.043055555555555555 0.04375 
3 0.6652777777777777 0.28020833333333334 0.04722222222222222 0.03958333333333333 
3 0.31875 0.3770833333333333 0.07916666666666666 0.075 
3 0.8708333333333333 0.33958333333333335 0.044444444444444446 0.075 
3 0.8715277777777778 0.56875 0.09583333333333334 0.1625 
3 0.059722222222222225 0.6416666666666667 0.11666666666666667 0.17916666666666667 
8 0.7541666666666667 0.25833333333333336 0.03888888888888889 0.04583333333333333 
8 0.3236111111111111 0.8364583333333333 0.33055555555555555 0.3229166666666667 
3 0.3333333333333333 0.41770833333333335 0.1111111111111111 0.09791666666666667 
3 0.4479166666666667 0.4875 0.1375 0.1125 
8 0.4388888888888889 0.33541666666666664 0.07777777777777778 0.0625 
3 0.8715277777777778 0.42604166666666665 0.0625 0.10208333333333333 
