10 0.9284722222222223 0.55625 0.0763888888888889 0.07083333333333333 
3 0.17708333333333334 0.1375 0.0625 0.04583333333333333 
5 0.03125 0.22291666666666668 0.0625 0.11666666666666667 
3 0.6368055555555555 0.3645833333333333 0.09305555555555556 0.0625 
8 0.3326388888888889 0.525 0.4125 0.3416666666666667 
3 0.28125 0.18333333333333332 0.06805555555555555 0.05 
3 0.7652777777777777 0.446875 0.06388888888888888 0.05625 
3 0.3736111111111111 0.20729166666666668 0.05555555555555555 0.03125 
8 0.85625 0.496875 0.0763888888888889 0.06875 
3 0.6111111111111112 0.31875 0.06388888888888888 0.0375 
8 0.42083333333333334 0.23854166666666668 0.10555555555555556 0.06875 
