3 0.9722222222222222 0.3260416666666667 0.03333333333333333 0.04375 
3 0.7895833333333333 0.2125 0.02638888888888889 0.029166666666666667 
3 0.8722222222222222 0.4270833333333333 0.06111111111111111 0.10416666666666667 
3 0.8645833333333334 0.34270833333333334 0.05416666666666667 0.08541666666666667 
3 0.7090277777777778 0.20208333333333334 0.02361111111111111 0.020833333333333332 
3 0.6979166666666666 0.253125 0.04027777777777778 0.03125 
8 0.20416666666666666 0.78125 0.29444444444444445 0.31666666666666665 
10 0.36527777777777776 0.3260416666666667 0.11388888888888889 0.09791666666666667 
3 0.8722222222222222 0.5739583333333333 0.09444444444444444 0.18541666666666667 
3 0.7583333333333333 0.25729166666666664 0.03333333333333333 0.035416666666666666 
