3 0.8756944444444444 0.12604166666666666 0.06527777777777778 0.03125 
3 0.2388888888888889 0.040625 0.03611111111111111 0.027083333333333334 
3 0.7861111111111111 0.3958333333333333 0.225 0.14583333333333334 
3 0.9090277777777778 0.10520833333333333 0.04583333333333333 0.022916666666666665 
3 0.8527777777777777 0.11770833333333333 0.03888888888888889 0.01875 
3 0.09027777777777778 0.153125 0.07222222222222222 0.052083333333333336 
3 0.7631944444444444 0.059375 0.05416666666666667 0.022916666666666665 
3 0.9055555555555556 0.15833333333333333 0.07222222222222222 0.04583333333333333 
3 0.9381944444444444 0.12291666666666666 0.02638888888888889 0.020833333333333332 
3 0.8201388888888889 0.08645833333333333 0.059722222222222225 0.03125 
3 0.96875 0.153125 0.0375 0.03125 
