3 0.5944444444444444 0.325 0.05555555555555555 0.0375 
3 0.6763888888888889 0.475 0.11944444444444445 0.09583333333333334 
3 0.7631944444444444 0.34375 0.05694444444444444 0.0375 
3 0.9666666666666667 0.33229166666666665 0.044444444444444446 0.04791666666666667 
3 0.41180555555555554 0.44166666666666665 0.07083333333333333 0.075 
3 0.8923611111111112 0.38333333333333336 0.059722222222222225 0.05 
3 0.8993055555555556 0.61875 0.1597222222222222 0.17083333333333334 
3 0.5916666666666667 0.43333333333333335 0.11388888888888889 0.058333333333333334 
3 0.8451388888888889 0.36770833333333336 0.07916666666666666 0.05625 
3 0.9375 0.40625 0.06388888888888888 0.0625 
3 0.9659722222222222 0.42083333333333334 0.05138888888888889 0.075 
3 0.6895833333333333 0.33229166666666665 0.059722222222222225 0.04791666666666667 
3 0.9611111111111111 0.6947916666666667 0.06388888888888888 0.17291666666666666 
3 0.5854166666666667 0.47708333333333336 0.14583333333333334 0.0875 
3 0.8076388888888889 0.5645833333333333 0.1375 0.15 
3 0.7263888888888889 0.528125 0.14444444444444443 0.11041666666666666 
3 0.8118055555555556 0.35520833333333335 0.06527777777777778 0.03958333333333333 
