3 0.9555555555555556 0.6958333333333333 0.07222222222222222 0.1625 
3 0.8451388888888889 0.3697916666666667 0.08472222222222223 0.06875 
3 0.6486111111111111 0.3729166666666667 0.058333333333333334 0.0625 
7 0.23194444444444445 0.4427083333333333 0.019444444444444445 0.03958333333333333 
3 0.6763888888888889 0.475 0.12222222222222222 0.09583333333333334 
3 0.8090277777777778 0.559375 0.14583333333333334 0.14791666666666667 
3 0.8993055555555556 0.6177083333333333 0.16805555555555557 0.16875 
3 0.5645833333333333 0.275 0.015277777777777777 0.0125 
7 0.2673611111111111 0.4354166666666667 0.018055555555555554 0.04583333333333333 
3 0.9659722222222222 0.42083333333333334 0.05694444444444444 0.08333333333333333 
7 0.17152777777777778 0.42916666666666664 0.006944444444444444 0.03333333333333333 
3 0.8916666666666667 0.384375 0.06388888888888888 0.06041666666666667 
3 0.5895833333333333 0.4270833333333333 0.1125 0.0625 
3 0.6 0.3229166666666667 0.06666666666666667 0.041666666666666664 
3 0.9354166666666667 0.4010416666666667 0.06805555555555555 0.07291666666666667 
4 0.43194444444444446 0.4510416666666667 0.03333333333333333 0.06875 
3 0.6152777777777778 0.30416666666666664 0.06944444444444445 0.029166666666666667 
3 0.7590277777777777 0.3416666666666667 0.05416666666666667 0.05416666666666667 
3 0.5826388888888889 0.475 0.14583333333333334 0.09166666666666666 
7 0.28541666666666665 0.42291666666666666 0.018055555555555554 0.041666666666666664 
3 0.7236111111111111 0.5270833333333333 0.14444444444444443 0.125 
3 0.8125 0.346875 0.058333333333333334 0.04791666666666667 
3 0.6930555555555555 0.3333333333333333 0.058333333333333334 0.05 
7 0.08263888888888889 0.4270833333333333 0.018055555555555554 0.03333333333333333 
