3 0.475 0.31875 0.08055555555555556 0.0625 
0 0.6840277777777778 0.19270833333333334 0.0625 0.07291666666666667 
3 0.19652777777777777 0.7333333333333333 0.2125 0.22083333333333333 
3 0.63125 0.22708333333333333 0.0375 0.03333333333333333 
3 0.41180555555555554 0.31979166666666664 0.0763888888888889 0.05625 
3 0.8736111111111111 0.42604166666666665 0.06666666666666667 0.10208333333333333 
3 0.22569444444444445 0.49166666666666664 0.12916666666666668 0.15 
8 0.5819444444444445 0.25104166666666666 0.07777777777777778 0.06041666666666667 
3 0.5680555555555555 0.21875 0.06388888888888888 0.04583333333333333 
5 0.22361111111111112 0.9489583333333333 0.225 0.09375 
3 0.8631944444444445 0.3375 0.05416666666666667 0.07916666666666666 
3 0.04375 0.5572916666666666 0.08472222222222223 0.13958333333333334 
3 0.7902777777777777 0.215625 0.025 0.035416666666666666 
3 0.7277777777777777 0.22916666666666666 0.027777777777777776 0.029166666666666667 
3 0.8722222222222222 0.5708333333333333 0.09444444444444444 0.175 
