3 0.8090277777777778 0.12291666666666666 0.02361111111111111 0.03333333333333333 
3 0.7104166666666667 0.13541666666666666 0.08194444444444444 0.0625 
3 0.20347222222222222 0.06979166666666667 0.0625 0.06875 
3 0.2611111111111111 0.042708333333333334 0.06111111111111111 0.052083333333333336 
3 0.8361111111111111 0.11770833333333333 0.030555555555555555 0.03125 
3 0.7694444444444445 0.12395833333333334 0.05555555555555555 0.06458333333333334 
1 0.16458333333333333 0.8291666666666667 0.1763888888888889 0.21666666666666667 
3 0.38472222222222224 0.08229166666666667 0.09166666666666666 0.07291666666666667 
3 0.9256944444444445 0.26666666666666666 0.05694444444444444 0.09166666666666666 
3 0.9451388888888889 0.23541666666666666 0.04027777777777778 0.058333333333333334 
