3 0.2513888888888889 0.06041666666666667 0.03611111111111111 0.0375 
3 0.5194444444444445 0.6010416666666667 0.3388888888888889 0.21875 
3 0.8784722222222222 0.13854166666666667 0.05694444444444444 0.04375 
3 0.23819444444444443 0.18229166666666666 0.12361111111111112 0.08541666666666667 
3 0.9680555555555556 0.15729166666666666 0.03611111111111111 0.027083333333333334 
3 0.13055555555555556 0.1625 0.08333333333333333 0.04583333333333333 
3 0.9111111111111111 0.11458333333333333 0.041666666666666664 0.029166666666666667 
3 0.08472222222222223 0.15520833333333334 0.06388888888888888 0.052083333333333336 
3 0.7652777777777777 0.058333333333333334 0.04722222222222222 0.025 
3 0.22013888888888888 0.08854166666666667 0.0375 0.035416666666666666 
3 0.7881944444444444 0.08125 0.04861111111111111 0.029166666666666667 
