3 0.4756944444444444 0.38229166666666664 0.07083333333333333 0.052083333333333336 
3 0.8354166666666667 0.5760416666666667 0.14583333333333334 0.15208333333333332 
3 0.6715277777777777 0.4895833333333333 0.12916666666666668 0.1 
3 0.95 0.32916666666666666 0.08055555555555556 0.05416666666666667 
3 0.9229166666666667 0.6354166666666666 0.1375 0.15833333333333333 
5 0.9770833333333333 0.690625 0.043055555555555555 0.14791666666666667 
3 0.5923611111111111 0.32916666666666666 0.07916666666666666 0.04583333333333333 
3 0.7006944444444444 0.38125 0.09583333333333334 0.075 
3 0.22708333333333333 0.6385416666666667 0.11527777777777778 0.13541666666666666 
3 0.5319444444444444 0.32395833333333335 0.04722222222222222 0.04375 
7 0.45069444444444445 0.6885416666666667 0.059722222222222225 0.12708333333333333 
3 0.7666666666666667 0.5302083333333333 0.1388888888888889 0.12708333333333333 
3 0.9319444444444445 0.3958333333333333 0.06388888888888888 0.05416666666666667 
3 0.05486111111111111 0.534375 0.059722222222222225 0.08958333333333333 
3 0.9708333333333333 0.41770833333333335 0.05 0.07708333333333334 
3 0.5881944444444445 0.4625 0.10416666666666667 0.08333333333333333 
7 0.40625 0.4197916666666667 0.0125 0.052083333333333336 
3 0.4076388888888889 0.51875 0.0875 0.10833333333333334 
3 0.2861111111111111 0.41041666666666665 0.075 0.058333333333333334 
10 0.8381944444444445 0.3625 0.0875 0.075 
3 0.4388888888888889 0.44166666666666665 0.06666666666666667 0.075 
3 0.8694444444444445 0.39375 0.07222222222222222 0.058333333333333334 
3 0.5819444444444445 0.4270833333333333 0.13055555555555556 0.07083333333333333 
3 0.3611111111111111 0.7447916666666666 0.14722222222222223 0.21458333333333332 
