3 0.6659722222222222 0.48020833333333335 0.11805555555555555 0.09375 
3 0.6131944444444445 0.38333333333333336 0.059722222222222225 0.016666666666666666 
7 0.625 0.3020833333333333 0.013888888888888888 0.041666666666666664 
3 0.8451388888888889 0.3614583333333333 0.08194444444444444 0.05625 
3 0.9430555555555555 0.6510416666666666 0.10277777777777777 0.18958333333333333 
3 0.6979166666666666 0.3375 0.05138888888888889 0.04583333333333333 
3 0.9583333333333334 0.4114583333333333 0.07222222222222222 0.07708333333333334 
3 0.5875 0.4479166666666667 0.12222222222222222 0.0875 
3 0.5791666666666667 0.40208333333333335 0.08055555555555556 0.041666666666666664 
7 0.09583333333333334 0.45208333333333334 0.019444444444444445 0.0375 
7 0.46041666666666664 0.9322916666666666 0.05694444444444444 0.13125 
3 0.6534722222222222 0.37395833333333334 0.029166666666666667 0.04791666666666667 
3 0.7993055555555556 0.353125 0.043055555555555555 0.04791666666666667 
3 0.7652777777777777 0.33541666666666664 0.044444444444444446 0.0375 
7 0.3763888888888889 0.9479166666666666 0.05555555555555555 0.09583333333333334 
7 0.5118055555555555 0.9479166666666666 0.04861111111111111 0.09583333333333334 
3 0.7444444444444445 0.5052083333333334 0.14722222222222223 0.13958333333333334 
3 0.23125 0.8677083333333333 0.19027777777777777 0.24791666666666667 
3 0.9243055555555556 0.38229166666666664 0.059722222222222225 0.06458333333333334 
3 0.8979166666666667 0.5854166666666667 0.14583333333333334 0.16666666666666666 
3 0.8166666666666667 0.553125 0.13055555555555556 0.11458333333333333 
3 0.5777777777777777 0.31979166666666664 0.07222222222222222 0.04791666666666667 
