8 0.49930555555555556 0.6291666666666667 0.2152777777777778 0.24583333333333332 
3 0.86875 0.3020833333333333 0.04583333333333333 0.05416666666666667 
3 0.7201388888888889 0.31354166666666666 0.05416666666666667 0.06041666666666667 
3 0.7534722222222222 0.26458333333333334 0.04027777777777778 0.04583333333333333 
0 0.9194444444444444 0.22708333333333333 0.125 0.0625 
3 0.4722222222222222 0.453125 0.13333333333333333 0.10625 
5 0.1763888888888889 0.6208333333333333 0.3527777777777778 0.375 
8 0.46041666666666664 0.3541666666666667 0.10694444444444444 0.09166666666666666 
3 0.8743055555555556 0.39895833333333336 0.05694444444444444 0.09375 
3 0.6625 0.28229166666666666 0.058333333333333334 0.052083333333333336 
3 0.7826388888888889 0.22604166666666667 0.020833333333333332 0.03125 
