3 0.6166666666666667 0.09166666666666666 0.025 0.016666666666666666 
2 0.3159722222222222 0.3927083333333333 0.3236111111111111 0.3854166666666667 
3 0.5402777777777777 0.115625 0.044444444444444446 0.03125 
3 0.7027777777777777 0.29375 0.08888888888888889 0.09583333333333334 
3 0.50625 0.11145833333333334 0.0375 0.01875 
3 0.17222222222222222 0.21354166666666666 0.05555555555555555 0.03958333333333333 
3 0.2659722222222222 0.15833333333333333 0.07916666666666666 0.05 
3 0.40625 0.14166666666666666 0.0625 0.03333333333333333 
3 0.5694444444444444 0.6208333333333333 0.19166666666666668 0.275 
5 0.49930555555555556 0.15104166666666666 0.04583333333333333 0.06041666666666667 
7 0.6527777777777778 0.27708333333333335 0.030555555555555555 0.075 
