3 0.8798611111111111 0.14375 0.059722222222222225 0.0375 
3 0.8770833333333333 0.453125 0.19305555555555556 0.18125 
3 0.96875 0.159375 0.04027777777777778 0.035416666666666666 
3 0.6583333333333333 0.16354166666666667 0.14166666666666666 0.07708333333333334 
3 0.9597222222222223 0.24791666666666667 0.07777777777777778 0.06666666666666667 
3 0.9104166666666667 0.115625 0.0375 0.027083333333333334 
3 0.24097222222222223 0.08229166666666667 0.04583333333333333 0.04375 
3 0.08958333333333333 0.22708333333333333 0.10694444444444444 0.08333333333333333 
3 0.015277777777777777 0.1875 0.030555555555555555 0.029166666666666667 
3 0.85 0.11770833333333333 0.044444444444444446 0.027083333333333334 
3 0.9486111111111111 0.13020833333333334 0.03888888888888889 0.035416666666666666 
3 0.23958333333333334 0.04375 0.03194444444444444 0.025 
3 0.8638888888888889 0.12604166666666666 0.03333333333333333 0.022916666666666665 
3 0.8131944444444444 0.09166666666666666 0.06527777777777778 0.03333333333333333 
3 0.34305555555555556 0.027083333333333334 0.025 0.025 
