3 0.8652777777777778 0.134375 0.03888888888888889 0.04791666666666667 
3 0.7458333333333333 0.14479166666666668 0.08888888888888889 0.052083333333333336 
3 0.8104166666666667 0.22083333333333333 0.12916666666666668 0.10833333333333334 
3 0.8680555555555556 0.209375 0.09722222222222222 0.08125 
3 0.6868055555555556 0.18541666666666667 0.10694444444444444 0.09166666666666666 
2 0.3159722222222222 0.19791666666666666 0.26805555555555555 0.25 
3 0.7 0.15208333333333332 0.1111111111111111 0.08333333333333333 
3 0.8347222222222223 0.13333333333333333 0.058333333333333334 0.041666666666666664 
3 0.7763888888888889 0.2375 0.09722222222222222 0.09583333333333334 
3 0.8840277777777777 0.13645833333333332 0.04583333333333333 0.035416666666666666 
3 0.8902777777777777 0.19583333333333333 0.08055555555555556 0.07916666666666666 
3 0.7729166666666667 0.146875 0.10694444444444444 0.07291666666666667 
3 0.8201388888888889 0.13229166666666667 0.06527777777777778 0.06041666666666667 
3 0.7909722222222222 0.14375 0.09305555555555556 0.07083333333333333 
3 0.9090277777777778 0.18958333333333333 0.07916666666666666 0.075 
