3 0.8659722222222223 0.38125 0.14027777777777778 0.1125 
8 0.49375 0.21875 0.08472222222222223 0.05416666666666667 
3 0.05555555555555555 0.6302083333333334 0.10833333333333334 0.16458333333333333 
3 0.2520833333333333 0.25416666666666665 0.06805555555555555 0.075 
3 0.40902777777777777 0.22083333333333333 0.05694444444444444 0.04583333333333333 
3 0.22708333333333333 0.2125 0.04583333333333333 0.05 
3 0.45069444444444445 0.121875 0.0375 0.027083333333333334 
3 0.5715277777777777 0.29375 0.13194444444444445 0.075 
2 0.5854166666666667 0.5354166666666667 0.5708333333333333 0.6166666666666667 
3 0.5798611111111112 0.24166666666666667 0.10416666666666667 0.0625 
