2 0.041666666666666664 0.28125 0.075 0.07916666666666666 
1 0.13680555555555557 0.4979166666666667 0.06527777777777778 0.10833333333333334 
3 0.8638888888888889 0.26145833333333335 0.06111111111111111 0.035416666666666666 
2 0.19305555555555556 0.340625 0.38333333333333336 0.18125 
3 0.4652777777777778 0.23854166666666668 0.08888888888888889 0.04791666666666667 
3 0.7694444444444445 0.25104166666666666 0.075 0.04375 
7 0.7659722222222223 0.459375 0.0375 0.10625 
3 0.6333333333333333 0.2635416666666667 0.06388888888888888 0.06458333333333334 
3 0.18888888888888888 0.853125 0.20555555555555555 0.25625 
2 0.22430555555555556 0.23229166666666667 0.17916666666666667 0.11875 
3 0.4597222222222222 0.815625 0.19444444444444445 0.3104166666666667 
9 0.03333333333333333 0.6260416666666667 0.06666666666666667 0.21458333333333332 
7 0.21388888888888888 0.44583333333333336 0.03611111111111111 0.09583333333333334 
3 0.5215277777777778 0.290625 0.12361111111111112 0.06458333333333334 
7 0.04861111111111111 0.5 0.027777777777777776 0.07083333333333333 
7 0.8097222222222222 0.290625 0.011111111111111112 0.03958333333333333 
