3 0.5965277777777778 0.3697916666666667 0.05138888888888889 0.06041666666666667 
7 0.26180555555555557 0.41458333333333336 0.0125 0.1 
3 0.6916666666666667 0.46041666666666664 0.075 0.0875 
3 0.7576388888888889 0.34375 0.059722222222222225 0.025 
3 0.7916666666666666 0.3625 0.08888888888888889 0.04583333333333333 
7 0.30833333333333335 0.41041666666666665 0.016666666666666666 0.07916666666666666 
3 0.9256944444444445 0.35833333333333334 0.07083333333333333 0.025 
3 0.8236111111111111 0.603125 0.13333333333333333 0.16458333333333333 
2 0.5090277777777777 0.5447916666666667 0.2652777777777778 0.3729166666666667 
7 0.28402777777777777 0.4197916666666667 0.020833333333333332 0.08541666666666667 
3 0.925 0.33229166666666665 0.07777777777777778 0.01875 
1 0.3951388888888889 0.909375 0.15694444444444444 0.15625 
