3 0.775 0.35104166666666664 0.05 0.03125 
9 0.5166666666666667 0.3177083333333333 0.05 0.08125 
3 0.9361111111111111 0.3729166666666667 0.030555555555555555 0.03333333333333333 
3 0.5652777777777778 0.3302083333333333 0.03611111111111111 0.03958333333333333 
2 0.41597222222222224 0.4375 0.13194444444444445 0.22916666666666666 
2 0.4111111111111111 0.3104166666666667 0.06111111111111111 0.075 
3 0.7944444444444444 0.3697916666666667 0.05555555555555555 0.03958333333333333 
3 0.9013888888888889 0.3541666666666667 0.044444444444444446 0.03333333333333333 
7 0.4652777777777778 0.971875 0.03611111111111111 0.052083333333333336 
2 0.7006944444444444 0.625 0.3597222222222222 0.49583333333333335 
3 0.7625 0.33645833333333336 0.058333333333333334 0.027083333333333334 
7 0.2569444444444444 0.525 0.016666666666666666 0.07916666666666666 
