3 0.6145833333333334 0.3802083333333333 0.06527777777777778 0.06875 
3 0.9347222222222222 0.371875 0.04722222222222222 0.022916666666666665 
3 0.5513888888888889 0.309375 0.044444444444444446 0.04791666666666667 
2 0.6034722222222222 0.6375 0.33194444444444443 0.4875 
5 0.9576388888888889 0.778125 0.07083333333333333 0.21458333333333332 
3 0.73125 0.32395833333333335 0.05694444444444444 0.03125 
3 0.7270833333333333 0.5052083333333334 0.10972222222222222 0.13125 
3 0.8326388888888889 0.33229166666666665 0.04027777777777778 0.035416666666666666 
3 0.8965277777777778 0.3572916666666667 0.04027777777777778 0.022916666666666665 
3 0.70625 0.315625 0.0375 0.022916666666666665 
3 0.7430555555555556 0.34270833333333334 0.05277777777777778 0.027083333333333334 
3 0.8659722222222223 0.346875 0.043055555555555555 0.027083333333333334 
8 0.7840277777777778 0.353125 0.07083333333333333 0.04791666666666667 
3 0.5722222222222222 0.34479166666666666 0.030555555555555555 0.035416666666666666 
7 0.3055555555555556 0.3770833333333333 0.013888888888888888 0.05 
