3 0.6861111111111111 0.328125 0.075 0.06458333333333334 
3 0.6 0.31979166666666664 0.075 0.04791666666666667 
3 0.8097222222222222 0.5552083333333333 0.1388888888888889 0.14375 
3 0.8409722222222222 0.3697916666666667 0.0763888888888889 0.06875 
3 0.73125 0.53125 0.14583333333333334 0.12083333333333333 
3 0.6826388888888889 0.4739583333333333 0.1125 0.10208333333333333 
3 0.9388888888888889 0.3927083333333333 0.07222222222222222 0.06458333333333334 
3 0.5861111111111111 0.471875 0.15 0.10208333333333333 
3 0.8993055555555556 0.6177083333333333 0.16805555555555557 0.17291666666666666 
3 0.8972222222222223 0.3770833333333333 0.06388888888888888 0.06666666666666667 
3 0.4076388888888889 0.46770833333333334 0.07361111111111111 0.08125 
5 0.9611111111111111 0.696875 0.058333333333333334 0.18958333333333333 
3 0.5916666666666667 0.428125 0.10277777777777777 0.05625 
3 0.8055555555555556 0.35208333333333336 0.03888888888888889 0.05416666666666667 
3 0.7631944444444444 0.33645833333333336 0.06527777777777778 0.04791666666666667 
3 0.9680555555555556 0.415625 0.05277777777777778 0.07708333333333334 
