10 0.6222222222222222 0.22291666666666668 0.04722222222222222 0.0625 
3 0.6638888888888889 0.2791666666666667 0.05 0.04583333333333333 
3 0.5763888888888888 0.2625 0.04722222222222222 0.041666666666666664 
3 0.4465277777777778 0.4895833333333333 0.1375 0.11666666666666667 
3 0.8736111111111111 0.421875 0.058333333333333334 0.10208333333333333 
8 0.7548611111111111 0.253125 0.04027777777777778 0.04375 
8 0.32013888888888886 0.8322916666666667 0.3375 0.32708333333333334 
3 0.3229166666666667 0.3697916666666667 0.08472222222222223 0.07708333333333334 
3 0.8680555555555556 0.33541666666666664 0.044444444444444446 0.07083333333333333 
3 0.33541666666666664 0.41770833333333335 0.11805555555555555 0.10208333333333333 
8 0.4395833333333333 0.33229166666666665 0.08194444444444444 0.06041666666666667 
3 0.058333333333333334 0.6385416666666667 0.11666666666666667 0.18541666666666667 
3 0.8756944444444444 0.5645833333333333 0.08194444444444444 0.15416666666666667 
