3 0.9361111111111111 0.4875 0.10833333333333334 0.12916666666666668 
3 0.6881944444444444 0.07604166666666666 0.04583333333333333 0.052083333333333336 
3 0.2298611111111111 0.041666666666666664 0.043055555555555555 0.0375 
3 0.2701388888888889 0.030208333333333334 0.04027777777777778 0.03125 
3 0.029166666666666667 0.13854166666666667 0.05 0.04791666666666667 
1 0.6388888888888888 0.2635416666666667 0.03888888888888889 0.09375 
3 0.017361111111111112 0.196875 0.034722222222222224 0.06875 
3 0.33541666666666664 0.03958333333333333 0.05138888888888889 0.029166666666666667 
3 0.8923611111111112 0.33229166666666665 0.1597222222222222 0.13958333333333334 
3 0.2881944444444444 0.06354166666666666 0.059722222222222225 0.03958333333333333 
3 0.6354166666666666 0.040625 0.034722222222222224 0.03125 
5 0.014583333333333334 0.525 0.020833333333333332 0.20416666666666666 
3 0.17569444444444443 0.06041666666666667 0.04583333333333333 0.03333333333333333 
