5 0.28125 0.975 0.14583333333333334 0.04583333333333333 
3 0.7388888888888889 0.13541666666666666 0.03611111111111111 0.04583333333333333 
3 0.5368055555555555 0.565625 0.17083333333333334 0.23125 
3 0.6270833333333333 0.37604166666666666 0.13472222222222222 0.16458333333333333 
10 0.6666666666666666 0.03958333333333333 0.03888888888888889 0.0375 
3 0.4215277777777778 0.13125 0.07916666666666666 0.07916666666666666 
3 0.6847222222222222 0.253125 0.09444444444444444 0.11458333333333333 
3 0.20555555555555555 0.25625 0.18611111111111112 0.15416666666666667 
1 0.44583333333333336 0.45208333333333334 0.06666666666666667 0.175 
3 0.7090277777777778 0.19375 0.06527777777777778 0.075 
3 0.3263888888888889 0.18645833333333334 0.1388888888888889 0.10625 
3 0.49722222222222223 0.10104166666666667 0.06666666666666667 0.06041666666666667 
3 0.5618055555555556 0.07604166666666666 0.05416666666666667 0.04791666666666667 
3 0.049305555555555554 0.38645833333333335 0.09583333333333334 0.15625 
