3 0.4638888888888889 0.30520833333333336 0.041666666666666664 0.035416666666666666 
8 0.9402777777777778 0.4010416666666667 0.10277777777777777 0.08125 
3 0.8513888888888889 0.42291666666666666 0.13333333333333333 0.07916666666666666 
2 0.5444444444444444 0.484375 0.3972222222222222 0.29791666666666666 
10 0.5951388888888889 0.33125 0.12916666666666668 0.0625 
2 0.16597222222222222 0.32395833333333335 0.04861111111111111 0.052083333333333336 
3 0.43472222222222223 0.3229166666666667 0.06666666666666667 0.03333333333333333 
9 0.44583333333333336 0.27291666666666664 0.075 0.0375 
3 0.3819444444444444 0.31145833333333334 0.07222222222222222 0.035416666666666666 
3 0.25972222222222224 0.30625 0.030555555555555555 0.025 
3 0.3145833333333333 0.3125 0.05138888888888889 0.029166666666666667 
