3 0.7520833333333333 0.334375 0.0625 0.035416666666666666 
2 0.39861111111111114 0.38645833333333335 0.08888888888888889 0.15625 
3 0.48541666666666666 0.29791666666666666 0.020833333333333332 0.025 
3 0.775 0.35104166666666664 0.044444444444444446 0.03125 
2 0.7701388888888889 0.7520833333333333 0.44305555555555554 0.49166666666666664 
7 0.4986111111111111 0.9645833333333333 0.06944444444444445 0.06666666666666667 
3 0.9722222222222222 0.38229166666666664 0.027777777777777776 0.022916666666666665 
3 0.8034722222222223 0.3572916666666667 0.05694444444444444 0.03125 
3 0.8597222222222223 0.6197916666666666 0.14722222222222223 0.16041666666666668 
5 0.02361111111111111 0.465625 0.041666666666666664 0.08125 
3 0.9423611111111111 0.3729166666666667 0.043055555555555555 0.025 
5 0.42083333333333334 0.284375 0.025 0.04375 
3 0.5965277777777778 0.39791666666666664 0.0625 0.075 
