3 0.7416666666666667 0.28020833333333334 0.03611111111111111 0.035416666666666666 
3 0.42569444444444443 0.35 0.08194444444444444 0.07916666666666666 
9 0.39861111111111114 0.32395833333333335 0.13055555555555556 0.08541666666666667 
3 0.8680555555555556 0.32916666666666666 0.05 0.0625 
3 0.7229166666666667 0.23020833333333332 0.0375 0.03125 
3 0.5090277777777777 0.26875 0.04583333333333333 0.04583333333333333 
8 0.6069444444444444 0.44583333333333336 0.11666666666666667 0.13333333333333333 
3 0.5979166666666667 0.246875 0.043055555555555555 0.04375 
3 0.8701388888888889 0.565625 0.09027777777777778 0.16458333333333333 
3 0.875 0.421875 0.06388888888888888 0.10625 
8 0.09861111111111111 0.590625 0.19444444444444445 0.22291666666666668 
3 0.5083333333333333 0.4125 0.11388888888888889 0.1 
