8 0.7666666666666667 0.27395833333333336 0.05277777777777778 0.027083333333333334 
8 0.7104166666666667 0.28229166666666666 0.0625 0.03958333333333333 
2 0.24791666666666667 0.4822916666666667 0.4930555555555556 0.4395833333333333 
8 0.8361111111111111 0.425 0.11944444444444445 0.0875 
8 0.8263888888888888 0.365625 0.08888888888888889 0.06041666666666667 
3 0.3347222222222222 0.19270833333333334 0.027777777777777776 0.027083333333333334 
3 0.40069444444444446 0.24791666666666667 0.0375 0.041666666666666664 
3 0.3770833333333333 0.21458333333333332 0.04027777777777778 0.041666666666666664 
10 0.8972222222222223 0.703125 0.18333333333333332 0.3020833333333333 
5 0.30833333333333335 0.171875 0.03333333333333333 0.03125 
