3 0.23680555555555555 0.25104166666666666 0.15138888888888888 0.08958333333333333 
3 0.3423611111111111 0.35208333333333336 0.24583333333333332 0.16666666666666666 
3 0.17569444444444443 0.11666666666666667 0.05138888888888889 0.041666666666666664 
3 0.11388888888888889 0.3020833333333333 0.14166666666666666 0.1125 
3 0.825 0.7041666666666667 0.32222222222222224 0.23333333333333334 
3 0.6798611111111111 0.48333333333333334 0.29305555555555557 0.1875 
7 0.4 0.196875 0.030555555555555555 0.08125 
3 0.12986111111111112 0.11770833333333333 0.04861111111111111 0.052083333333333336 
3 0.022222222222222223 0.2875 0.044444444444444446 0.06666666666666667 
5 0.9659722222222222 0.5854166666666667 0.05694444444444444 0.11666666666666667 
