3 0.44930555555555557 0.159375 0.1375 0.07291666666666667 
3 0.9472222222222222 0.13020833333333334 0.030555555555555555 0.014583333333333334 
3 0.8111111111111111 0.08854166666666667 0.04722222222222222 0.027083333333333334 
3 0.8756944444444444 0.12604166666666666 0.059722222222222225 0.035416666666666666 
3 0.9097222222222222 0.159375 0.05277777777777778 0.04375 
3 0.7819444444444444 0.07395833333333333 0.041666666666666664 0.027083333333333334 
3 0.9145833333333333 0.11145833333333334 0.034722222222222224 0.022916666666666665 
5 0.23541666666666666 0.041666666666666664 0.034722222222222224 0.025 
3 0.9798611111111111 0.16875 0.015277777777777777 0.020833333333333332 
3 0.7604166666666666 0.058333333333333334 0.0375 0.029166666666666667 
3 0.16944444444444445 0.5625 0.28055555555555556 0.2 
3 0.8486111111111111 0.1125 0.03333333333333333 0.025 
3 0.08680555555555555 0.14895833333333333 0.0763888888888889 0.052083333333333336 
