8 0.23976608187134502 0.1600877192982456 0.06432748538011696 0.04824561403508772 
8 0.6871345029239766 0.18640350877192982 0.1286549707602339 0.08333333333333333 
3 0.04239766081871345 0.20833333333333334 0.043859649122807015 0.05701754385964912 
3 0.8845029239766082 0.5679824561403509 0.2134502923976608 0.2149122807017544 
3 0.24415204678362573 0.5197368421052632 0.20760233918128654 0.27631578947368424 
10 0.8625730994152047 0.4144736842105263 0.2573099415204678 0.19736842105263158 
8 0.827485380116959 0.24780701754385964 0.13450292397660818 0.10087719298245613 
2 0.10526315789473684 0.17105263157894737 0.05847953216374269 0.07894736842105263 
3 0.49707602339181284 0.13596491228070176 0.07602339181286549 0.043859649122807015 
3 0.4093567251461988 0.1162280701754386 0.06432748538011696 0.04824561403508772 
