3 0.4548611111111111 0.03333333333333333 0.05694444444444444 0.05416666666666667 
10 0.6423611111111112 0.08645833333333333 0.19027777777777777 0.11041666666666666 
5 0.3416666666666667 0.058333333333333334 0.06388888888888888 0.020833333333333332 
3 0.6333333333333333 0.12916666666666668 0.09722222222222222 0.05416666666666667 
3 0.68125 0.28125 0.2847222222222222 0.17083333333333334 
3 0.39375 0.046875 0.059722222222222225 0.04791666666666667 
5 0.4236111111111111 0.020833333333333332 0.041666666666666664 0.025 
3 0.6409722222222223 0.021875 0.08472222222222223 0.035416666666666666 
3 0.7611111111111111 0.42604166666666665 0.30833333333333335 0.21875 
2 0.20902777777777778 0.3333333333333333 0.36527777777777776 0.5333333333333333 
3 0.5215277777777778 0.15625 0.08472222222222223 0.1 
3 0.6701388888888888 0.17395833333333333 0.1736111111111111 0.08541666666666667 
