3 0.58125 0.47604166666666664 0.1375 0.09791666666666667 
3 0.8152777777777778 0.34791666666666665 0.058333333333333334 0.05 
3 0.6847222222222222 0.32916666666666666 0.06666666666666667 0.05 
3 0.9666666666666667 0.3333333333333333 0.05 0.041666666666666664 
3 0.7256944444444444 0.5291666666666667 0.14305555555555555 0.11666666666666667 
3 0.9597222222222223 0.68125 0.07222222222222222 0.1625 
3 0.89375 0.3770833333333333 0.059722222222222225 0.06666666666666667 
3 0.8388888888888889 0.36875 0.07777777777777778 0.058333333333333334 
3 0.7583333333333333 0.3333333333333333 0.05555555555555555 0.04583333333333333 
3 0.9680555555555556 0.41875 0.05 0.075 
3 0.9381944444444444 0.396875 0.07083333333333333 0.06875 
3 0.9 0.61875 0.1638888888888889 0.16666666666666666 
3 0.6013888888888889 0.328125 0.06944444444444445 0.052083333333333336 
3 0.5847222222222223 0.43020833333333336 0.11388888888888889 0.06041666666666667 
3 0.8944444444444445 0.3125 0.05555555555555555 0.03333333333333333 
3 0.8090277777777778 0.5583333333333333 0.14305555555555555 0.14583333333333334 
3 0.6743055555555556 0.4739583333333333 0.12361111111111112 0.09375 
3 0.25277777777777777 0.7614583333333333 0.14166666666666666 0.20208333333333334 
