3 0.7291666666666666 0.240625 0.1527777777777778 0.08541666666666667 
8 0.17916666666666667 0.2677083333333333 0.1 0.11458333333333333 
3 0.34097222222222223 0.06979166666666667 0.043055555555555555 0.03125 
3 0.06458333333333334 0.22291666666666668 0.029166666666666667 0.041666666666666664 
3 0.2423611111111111 0.09270833333333334 0.034722222222222224 0.027083333333333334 
3 0.2763888888888889 0.08333333333333333 0.03333333333333333 0.025 
3 0.08541666666666667 0.23229166666666667 0.0375 0.052083333333333336 
3 0.04375 0.2125 0.018055555555555554 0.029166666666666667 
3 0.11805555555555555 0.23958333333333334 0.06111111111111111 0.07916666666666666 
3 0.25 0.11979166666666667 0.041666666666666664 0.03125 
