3 0.11257309941520467 0.25 0.06140350877192982 0.05263157894736842 
3 0.2821637426900585 0.1425438596491228 0.049707602339181284 0.03070175438596491 
3 0.7865497076023392 0.4517543859649123 0.23976608187134502 0.18421052631578946 
3 0.059941520467836254 0.29385964912280704 0.05555555555555555 0.07894736842105263 
8 0.7280701754385965 0.1600877192982456 0.09941520467836257 0.05701754385964912 
8 0.7368421052631579 0.16666666666666666 0.10526315789473684 0.06140350877192982 
3 0.11257309941520467 0.24780701754385964 0.06140350877192982 0.039473684210526314 
8 0.24269005847953215 0.31798245614035087 0.17543859649122806 0.10964912280701754 
3 0.05701754385964912 0.28728070175438597 0.06725146198830409 0.05701754385964912 
3 0.2850877192982456 0.14035087719298245 0.05555555555555555 0.03508771929824561 
