3 0.8347222222222223 0.3572916666666667 0.10833333333333334 0.06458333333333334 
3 0.9236111111111112 0.6302083333333334 0.14444444444444443 0.16458333333333333 
3 0.9743055555555555 0.7072916666666667 0.04583333333333333 0.12708333333333333 
3 0.9256944444444445 0.40208333333333335 0.05138888888888889 0.05416666666666667 
3 0.6715277777777777 0.4822916666666667 0.12361111111111112 0.09791666666666667 
3 0.5930555555555556 0.32395833333333335 0.075 0.04375 
3 0.7013888888888888 0.34270833333333334 0.03611111111111111 0.04375 
3 0.7402777777777778 0.32708333333333334 0.04722222222222222 0.058333333333333334 
3 0.13194444444444445 0.43645833333333334 0.058333333333333334 0.04375 
4 0.3138888888888889 0.775 0.075 0.15833333333333333 
3 0.9680555555555556 0.41875 0.05277777777777778 0.08333333333333333 
3 0.5902777777777778 0.459375 0.09722222222222222 0.08125 
3 0.8375 0.571875 0.14722222222222223 0.14375 
3 0.8701388888888889 0.38645833333333335 0.08194444444444444 0.05625 
3 0.5861111111111111 0.42604166666666665 0.13055555555555556 0.06458333333333334 
3 0.26180555555555557 0.4083333333333333 0.07361111111111111 0.058333333333333334 
3 0.5854166666666667 0.38645833333333335 0.10694444444444444 0.035416666666666666 
3 0.76875 0.5229166666666667 0.1375 0.1375 
3 0.44375 0.40729166666666666 0.06527777777777778 0.06458333333333334 
