3 0.7895833333333333 0.07395833333333333 0.04583333333333333 0.027083333333333334 
3 0.9694444444444444 0.15833333333333333 0.041666666666666664 0.03333333333333333 
3 0.08888888888888889 0.15104166666666666 0.075 0.052083333333333336 
3 0.11805555555555555 0.24583333333333332 0.12222222222222222 0.0875 
3 0.90625 0.109375 0.05138888888888889 0.03125 
3 0.8138888888888889 0.08958333333333333 0.05 0.03333333333333333 
3 0.5263888888888889 0.6083333333333333 0.37222222222222223 0.25833333333333336 
3 0.9430555555555555 0.13125 0.03888888888888889 0.0375 
5 0.03333333333333333 0.4239583333333333 0.06666666666666667 0.11875 
3 0.8520833333333333 0.11041666666666666 0.04583333333333333 0.029166666666666667 
3 0.8840277777777777 0.13854166666666667 0.05416666666666667 0.04791666666666667 
3 0.7625 0.059375 0.05 0.027083333333333334 
