3 0.9041666666666667 0.10520833333333333 0.03611111111111111 0.027083333333333334 
3 0.7597222222222222 0.057291666666666664 0.044444444444444446 0.03125 
3 0.8805555555555555 0.5541666666666667 0.2111111111111111 0.175 
3 0.8347222222222223 0.9197916666666667 0.3138888888888889 0.15208333333333332 
3 0.9409722222222222 0.12708333333333333 0.04861111111111111 0.03333333333333333 
3 0.8104166666666667 0.0875 0.059722222222222225 0.03333333333333333 
3 0.9638888888888889 0.15520833333333334 0.03611111111111111 0.027083333333333334 
3 0.7791666666666667 0.07291666666666667 0.03888888888888889 0.020833333333333332 
3 0.2125 0.4322916666666667 0.2388888888888889 0.16875 
3 0.23958333333333334 0.041666666666666664 0.03194444444444444 0.025 
3 0.4222222222222222 0.16458333333333333 0.15 0.0625 
3 0.8763888888888889 0.134375 0.058333333333333334 0.052083333333333336 
3 0.08680555555555555 0.16145833333333334 0.07083333333333333 0.052083333333333336 
3 0.8506944444444444 0.115625 0.04027777777777778 0.022916666666666665 
