3 0.38333333333333336 0.06770833333333333 0.1 0.08541666666666667 
3 0.12777777777777777 0.08645833333333333 0.05555555555555555 0.05625 
3 0.9201388888888888 0.2635416666666667 0.05694444444444444 0.08125 
3 0.9368055555555556 0.23333333333333334 0.043055555555555555 0.06666666666666667 
3 0.17777777777777778 0.11041666666666666 0.07777777777777778 0.0875 
3 0.8263888888888888 0.15625 0.06666666666666667 0.075 
3 0.8215277777777777 0.10625 0.0375 0.03333333333333333 
3 0.7145833333333333 0.13229166666666667 0.07916666666666666 0.06458333333333334 
3 0.30277777777777776 0.05 0.06666666666666667 0.05416666666666667 
5 0.18055555555555555 0.015625 0.05277777777777778 0.03125 
3 0.2534722222222222 0.03229166666666667 0.059722222222222225 0.05625 
3 0.7847222222222222 0.12604166666666666 0.06388888888888888 0.05625 
