3 0.7291666666666666 0.31979166666666664 0.05277777777777778 0.04791666666666667 
3 0.9263888888888889 0.38229166666666664 0.058333333333333334 0.04791666666666667 
3 0.8381944444444445 0.5541666666666667 0.14305555555555555 0.1375 
3 0.8381944444444445 0.34791666666666665 0.09305555555555556 0.075 
3 0.76875 0.509375 0.13472222222222222 0.11875 
5 0.9708333333333333 0.6895833333333333 0.041666666666666664 0.125 
3 0.9659722222222222 0.4010416666666667 0.04583333333333333 0.08541666666666667 
3 0.6715277777777777 0.4708333333333333 0.12916666666666668 0.09583333333333334 
3 0.6986111111111111 0.33229166666666665 0.05555555555555555 0.03958333333333333 
3 0.8694444444444445 0.37083333333333335 0.06666666666666667 0.05 
3 0.12569444444444444 0.8479166666666667 0.1736111111111111 0.25 
3 0.5833333333333334 0.45 0.08888888888888889 0.07083333333333333 
3 0.6069444444444444 0.37604166666666666 0.07222222222222222 0.03958333333333333 
3 0.5902777777777778 0.40625 0.13055555555555556 0.0625 
3 0.58125 0.3104166666666667 0.0763888888888889 0.0375 
3 0.9243055555555556 0.6208333333333333 0.14305555555555555 0.1625 
3 0.3173611111111111 0.684375 0.14027777777777778 0.17708333333333334 
