3 0.03333333333333333 0.2 0.06111111111111111 0.05416666666666667 
8 0.21319444444444444 0.18541666666666667 0.15694444444444444 0.09583333333333334 
3 0.8513888888888889 0.12291666666666666 0.04722222222222222 0.029166666666666667 
3 0.8798611111111111 0.13854166666666667 0.05416666666666667 0.04375 
3 0.6041666666666666 0.19583333333333333 0.16111111111111112 0.09166666666666666 
3 0.7875 0.39895833333333336 0.21944444444444444 0.14791666666666667 
3 0.4395833333333333 0.5677083333333334 0.3541666666666667 0.21458333333333332 
3 0.8125 0.09166666666666666 0.05277777777777778 0.0375 
3 0.7840277777777778 0.07708333333333334 0.04861111111111111 0.025 
3 0.9666666666666667 0.159375 0.03888888888888889 0.022916666666666665 
3 0.9451388888888889 0.13541666666666666 0.04027777777777778 0.025 
3 0.08888888888888889 0.15208333333333332 0.07222222222222222 0.04583333333333333 
3 0.3527777777777778 0.046875 0.027777777777777776 0.03125 
3 0.9090277777777778 0.1125 0.05138888888888889 0.025 
