3 0.39166666666666666 0.528125 0.10833333333333334 0.10625 
3 0.5888888888888889 0.46145833333333336 0.10555555555555556 0.07291666666666667 
3 0.9326388888888889 0.40520833333333334 0.059722222222222225 0.05625 
3 0.3451388888888889 0.44583333333333336 0.07083333333333333 0.075 
3 0.8708333333333333 0.39166666666666666 0.07222222222222222 0.058333333333333334 
3 0.12916666666666668 0.446875 0.030555555555555555 0.05625 
3 0.6743055555555556 0.4864583333333333 0.12083333333333333 0.09791666666666667 
3 0.7319444444444444 0.334375 0.04722222222222222 0.052083333333333336 
3 0.9208333333333333 0.628125 0.1388888888888889 0.15208333333333332 
3 0.9680555555555556 0.4166666666666667 0.058333333333333334 0.1 
3 0.4861111111111111 0.3697916666666667 0.058333333333333334 0.06458333333333334 
3 0.4048611111111111 0.37916666666666665 0.059722222222222225 0.058333333333333334 
3 0.5763888888888888 0.3854166666666667 0.09444444444444444 0.025 
3 0.5868055555555556 0.3302083333333333 0.07361111111111111 0.035416666666666666 
3 0.5805555555555556 0.4197916666666667 0.1111111111111111 0.06041666666666667 
3 0.6979166666666666 0.34270833333333334 0.05416666666666667 0.04375 
3 0.29097222222222224 0.40520833333333334 0.06805555555555555 0.052083333333333336 
3 0.8340277777777778 0.3645833333333333 0.09027777777777778 0.07083333333333333 
5 0.9756944444444444 0.7166666666666667 0.04027777777777778 0.09166666666666666 
3 0.4375 0.4395833333333333 0.06666666666666667 0.06666666666666667 
3 0.8375 0.5770833333333333 0.15 0.1625 
3 0.7652777777777777 0.5239583333333333 0.13055555555555556 0.10208333333333333 
