3 0.9041666666666667 0.615625 0.16944444444444445 0.17291666666666666 
3 0.8416666666666667 0.36770833333333336 0.07222222222222222 0.06458333333333334 
3 0.95625 0.6916666666666667 0.0763888888888889 0.19166666666666668 
3 0.7631944444444444 0.334375 0.05694444444444444 0.05625 
3 0.9659722222222222 0.3302083333333333 0.04861111111111111 0.052083333333333336 
3 0.8090277777777778 0.5604166666666667 0.14583333333333334 0.15 
3 0.9673611111111111 0.4114583333333333 0.04861111111111111 0.09791666666666667 
3 0.5930555555555556 0.3229166666666667 0.058333333333333334 0.05 
3 0.6784722222222223 0.471875 0.11527777777777778 0.10208333333333333 
3 0.5819444444444445 0.4708333333333333 0.14166666666666666 0.09166666666666666 
3 0.8951388888888889 0.378125 0.06805555555555555 0.07291666666666667 
3 0.4236111111111111 0.453125 0.06944444444444445 0.09375 
3 0.7256944444444444 0.5302083333333333 0.15138888888888888 0.12291666666666666 
3 0.8159722222222222 0.353125 0.059722222222222225 0.04791666666666667 
3 0.6527777777777778 0.3572916666666667 0.05277777777777778 0.03958333333333333 
3 0.6861111111111111 0.33229166666666665 0.06666666666666667 0.05625 
3 0.9381944444444444 0.3958333333333333 0.07083333333333333 0.075 
3 0.5881944444444445 0.4270833333333333 0.1125 0.0625 
