7 0.04097222222222222 0.3958333333333333 0.018055555555555554 0.05416666666666667 
7 0.43819444444444444 0.765625 0.07083333333333333 0.19375 
3 0.6284722222222222 0.12708333333333333 0.06805555555555555 0.04583333333333333 
3 0.15416666666666667 0.4791666666666667 0.12222222222222222 0.19166666666666668 
3 0.7034722222222223 0.1125 0.059722222222222225 0.03333333333333333 
3 0.08402777777777778 0.36770833333333336 0.059722222222222225 0.08541666666666667 
7 0.024305555555555556 0.37916666666666665 0.015277777777777777 0.05416666666666667 
3 0.03333333333333333 0.2864583333333333 0.03333333333333333 0.052083333333333336 
3 0.6659722222222222 0.12604166666666666 0.04861111111111111 0.03958333333333333 
7 0.1076388888888889 0.328125 0.02361111111111111 0.04375 
3 0.43472222222222223 0.49166666666666664 0.22777777777777777 0.24166666666666667 
