3 0.32083333333333336 0.5041666666666667 0.11388888888888889 0.14583333333333334 
8 0.02361111111111111 0.29583333333333334 0.03611111111111111 0.06666666666666667 
2 0.8444444444444444 0.33229166666666665 0.23333333333333334 0.18541666666666667 
2 0.7194444444444444 0.5666666666666667 0.2972222222222222 0.5541666666666667 
2 0.7451388888888889 0.23854166666666668 0.15416666666666667 0.06458333333333334 
3 0.4576388888888889 0.24270833333333333 0.03194444444444444 0.035416666666666666 
3 0.4222222222222222 0.2864583333333333 0.041666666666666664 0.04375 
3 0.18819444444444444 0.79375 0.19305555555555556 0.30833333333333335 
2 0.5375 0.21875 0.05277777777777778 0.07083333333333333 
3 0.6243055555555556 0.24791666666666667 0.04861111111111111 0.04583333333333333 
3 0.6645833333333333 0.27395833333333336 0.05416666666666667 0.03958333333333333 
3 0.3958333333333333 0.35 0.06944444444444445 0.09166666666666666 
