3 0.33541666666666664 0.35104166666666664 0.0625 0.05625 
3 0.7291666666666666 0.33958333333333335 0.06666666666666667 0.06666666666666667 
3 0.21805555555555556 0.3729166666666667 0.05 0.0625 
5 0.5416666666666666 0.265625 0.10277777777777777 0.052083333333333336 
9 0.6180555555555556 0.390625 0.29444444444444445 0.22708333333333333 
5 0.16875 0.321875 0.0375 0.035416666666666666 
9 0.3659722222222222 0.28541666666666665 0.0875 0.07083333333333333 
2 0.5020833333333333 0.440625 0.27361111111111114 0.24375 
5 0.98125 0.42291666666666666 0.029166666666666667 0.058333333333333334 
3 0.8388888888888889 0.4114583333333333 0.125 0.07708333333333334 
