3 0.12916666666666668 0.40729166666666666 0.2222222222222222 0.16875 
3 0.3541666666666667 0.03125 0.04722222222222222 0.025 
3 0.9368055555555556 0.134375 0.04583333333333333 0.03958333333333333 
3 0.8506944444444444 0.11979166666666667 0.04861111111111111 0.03125 
3 0.9090277777777778 0.11354166666666667 0.043055555555555555 0.03125 
3 0.5131944444444444 0.6479166666666667 0.4152777777777778 0.24166666666666667 
3 0.7888888888888889 0.08020833333333334 0.05 0.03125 
3 0.9645833333333333 0.16041666666666668 0.0375 0.025 
3 0.8125 0.09479166666666666 0.06111111111111111 0.03125 
3 0.23958333333333334 0.04583333333333333 0.029166666666666667 0.020833333333333332 
3 0.08888888888888889 0.15625 0.07222222222222222 0.04583333333333333 
3 0.8777777777777778 0.14270833333333333 0.06388888888888888 0.04791666666666667 
