3 0.24305555555555555 0.16770833333333332 0.06388888888888888 0.04375 
3 0.7944444444444444 0.6520833333333333 0.15833333333333333 0.17083333333333334 
8 0.35208333333333336 0.20416666666666666 0.07361111111111111 0.04583333333333333 
0 0.08888888888888889 0.07395833333333333 0.16666666666666666 0.07708333333333334 
3 0.6951388888888889 0.3958333333333333 0.05138888888888889 0.041666666666666664 
3 0.9013888888888889 0.5510416666666667 0.05555555555555555 0.06041666666666667 
8 0.22083333333333333 0.6625 0.43333333333333335 0.4666666666666667 
3 0.75625 0.4479166666666667 0.07916666666666666 0.058333333333333334 
3 0.09722222222222222 0.115625 0.041666666666666664 0.03125 
5 0.20555555555555555 0.140625 0.05555555555555555 0.03958333333333333 
5 0.5395833333333333 0.3125 0.06527777777777778 0.05416666666666667 
