2 0.6104166666666667 0.659375 0.5930555555555556 0.6145833333333334 
3 0.6881944444444444 0.37083333333333335 0.12083333333333333 0.0625 
9 0.36944444444444446 0.2916666666666667 0.07222222222222222 0.058333333333333334 
3 0.8930555555555556 0.39479166666666665 0.10277777777777777 0.07708333333333334 
3 0.41597222222222224 0.29270833333333335 0.020833333333333332 0.03958333333333333 
5 0.20069444444444445 0.2916666666666667 0.018055555555555554 0.020833333333333332 
3 0.24583333333333332 0.328125 0.03888888888888889 0.027083333333333334 
5 0.22291666666666668 0.29583333333333334 0.020833333333333332 0.020833333333333332 
3 0.43680555555555556 0.36041666666666666 0.09027777777777778 0.04583333333333333 
3 0.25625 0.3 0.02638888888888889 0.029166666666666667 
3 0.5020833333333333 0.33125 0.08472222222222223 0.0375 
3 0.2965277777777778 0.3 0.0375 0.025 
3 0.1909722222222222 0.34791666666666665 0.034722222222222224 0.029166666666666667 
