3 0.5319444444444444 0.56875 0.35833333333333334 0.22083333333333333 
3 0.09791666666666667 0.25833333333333336 0.12083333333333333 0.09166666666666666 
3 0.08819444444444445 0.15625 0.0763888888888889 0.04583333333333333 
3 0.9423611111111111 0.134375 0.034722222222222224 0.027083333333333334 
3 0.9131944444444444 0.11145833333333334 0.04861111111111111 0.027083333333333334 
3 0.8145833333333333 0.09583333333333334 0.059722222222222225 0.0375 
3 0.7840277777777778 0.078125 0.04583333333333333 0.022916666666666665 
3 0.8770833333333333 0.14270833333333333 0.06527777777777778 0.04375 
3 0.9701388888888889 0.15625 0.04027777777777778 0.029166666666666667 
3 0.8472222222222222 0.11875 0.03888888888888889 0.020833333333333332 
