3 0.30972222222222223 0.18541666666666667 0.11666666666666667 0.10833333333333334 
3 0.6298611111111111 0.39375 0.14583333333333334 0.18333333333333332 
3 0.3861111111111111 0.25 0.15833333333333333 0.17083333333333334 
1 0.22708333333333333 0.26666666666666666 0.05138888888888889 0.1 
3 0.7243055555555555 0.059375 0.02361111111111111 0.03125 
3 0.05 0.39479166666666665 0.1 0.18125 
3 0.7145833333333333 0.21041666666666667 0.06527777777777778 0.08333333333333333 
3 0.4951388888888889 0.09375 0.06805555555555555 0.058333333333333334 
3 0.6041666666666666 0.06458333333333334 0.03333333333333333 0.03333333333333333 
3 0.5138888888888888 0.6739583333333333 0.24722222222222223 0.35625 
5 0.2833333333333333 0.9739583333333334 0.14444444444444443 0.04375 
3 0.7256944444444444 0.15416666666666667 0.04861111111111111 0.05416666666666667 
10 0.175 0.2635416666666667 0.16111111111111112 0.18125 
3 0.5652777777777778 0.07604166666666666 0.058333333333333334 0.04791666666666667 
3 0.7409722222222223 0.11979166666666667 0.034722222222222224 0.052083333333333336 
3 0.41458333333333336 0.128125 0.0875 0.08958333333333333 
