3 0.6506944444444445 0.21875 0.020833333333333332 0.029166666666666667 
3 0.74375 0.27708333333333335 0.034722222222222224 0.05 
3 0.3611111111111111 0.35 0.07777777777777778 0.07083333333333333 
10 0.6743055555555556 0.19895833333333332 0.034722222222222224 0.04791666666666667 
3 0.8729166666666667 0.5645833333333333 0.09583333333333334 0.17916666666666667 
3 0.48194444444444445 0.6677083333333333 0.2222222222222222 0.2604166666666667 
3 0.5006944444444444 0.30520833333333336 0.06527777777777778 0.07291666666666667 
3 0.5729166666666666 0.2635416666666667 0.043055555555555555 0.04791666666666667 
3 0.8729166666666667 0.41770833333333335 0.059722222222222225 0.10208333333333333 
8 0.11319444444444444 0.515625 0.21805555555555556 0.19375 
10 0.47638888888888886 0.43333333333333335 0.16111111111111112 0.1625 
3 0.8666666666666667 0.32916666666666666 0.05277777777777778 0.075 
3 0.11736111111111111 0.5916666666666667 0.13194444444444445 0.15416666666666667 
