7 0.21458333333333332 0.5833333333333334 0.04027777777777778 0.13333333333333333 
10 0.2826388888888889 0.21354166666666666 0.07083333333333333 0.04375 
3 0.6277777777777778 0.24479166666666666 0.075 0.05625 
7 0.15347222222222223 0.6104166666666667 0.05138888888888889 0.11666666666666667 
3 0.7291666666666666 0.27395833333333336 0.06944444444444445 0.052083333333333336 
7 0.21319444444444444 0.625 0.05138888888888889 0.125 
7 0.14791666666666667 0.6739583333333333 0.05416666666666667 0.15208333333333332 
7 0.19722222222222222 0.6760416666666667 0.04722222222222222 0.13125 
7 0.10555555555555556 0.6541666666666667 0.03888888888888889 0.1375 
3 0.5520833333333334 0.21770833333333334 0.06805555555555555 0.04791666666666667 
7 0.3819444444444444 0.3854166666666667 0.025 0.07916666666666666 
3 0.7694444444444445 0.6770833333333334 0.20555555555555555 0.275 
7 0.41041666666666665 0.38333333333333336 0.02361111111111111 0.09583333333333334 
