3 0.6875 0.3302083333333333 0.05555555555555555 0.05625 
3 0.5847222222222223 0.42916666666666664 0.1 0.05416666666666667 
3 0.8097222222222222 0.559375 0.1527777777777778 0.15625 
7 0.27569444444444446 0.43020833333333336 0.015277777777777777 0.03958333333333333 
3 0.5798611111111112 0.475 0.14583333333333334 0.09166666666666666 
3 0.9583333333333334 0.69375 0.06944444444444445 0.17916666666666667 
3 0.8458333333333333 0.375 0.07777777777777778 0.07083333333333333 
3 0.8965277777777778 0.6166666666666667 0.17083333333333334 0.16666666666666666 
3 0.5993055555555555 0.32083333333333336 0.07083333333333333 0.058333333333333334 
3 0.9659722222222222 0.42083333333333334 0.059722222222222225 0.075 
3 0.8930555555555556 0.38125 0.058333333333333334 0.05416666666666667 
3 0.7277777777777777 0.528125 0.14444444444444443 0.13125 
7 0.25277777777777777 0.440625 0.011111111111111112 0.03958333333333333 
3 0.6743055555555556 0.47291666666666665 0.12361111111111112 0.09166666666666666 
3 0.4131944444444444 0.45729166666666665 0.07083333333333333 0.08125 
3 0.9333333333333333 0.39895833333333336 0.05555555555555555 0.05625 
3 0.7604166666666666 0.3416666666666667 0.043055555555555555 0.04583333333333333 
7 0.24027777777777778 0.4375 0.016666666666666666 0.04583333333333333 
