3 0.7069444444444445 0.140625 0.10277777777777777 0.06875 
10 0.4326388888888889 0.06875 0.08472222222222223 0.06666666666666667 
2 0.24097222222222223 0.4239583333333333 0.30972222222222223 0.5479166666666667 
10 0.44513888888888886 0.08645833333333333 0.09027777777777778 0.07708333333333334 
3 0.8854166666666666 0.196875 0.0763888888888889 0.08541666666666667 
10 0.4930555555555556 0.10416666666666667 0.11666666666666667 0.08333333333333333 
3 0.8597222222222223 0.209375 0.075 0.08958333333333333 
3 0.6916666666666667 0.175 0.12777777777777777 0.08333333333333333 
3 0.7791666666666667 0.221875 0.1 0.09375 
3 0.7701388888888889 0.14166666666666666 0.08472222222222223 0.06666666666666667 
3 0.9125 0.18125 0.07222222222222222 0.0875 
3 0.8388888888888889 0.21979166666666666 0.08333333333333333 0.09791666666666667 
3 0.24305555555555555 0.17395833333333333 0.08055555555555556 0.07708333333333334 
8 0.5631944444444444 0.06145833333333333 0.07361111111111111 0.05625 
3 0.8041666666666667 0.13958333333333334 0.07222222222222222 0.058333333333333334 
