7 0.7326388888888888 0.23645833333333333 0.0125 0.035416666666666666 
3 0.09097222222222222 0.56875 0.17916666666666667 0.22916666666666666 
3 0.5423611111111111 0.2375 0.04027777777777778 0.04583333333333333 
1 0.3368055555555556 0.5333333333333333 0.07083333333333333 0.19166666666666668 
3 0.17222222222222222 0.46770833333333334 0.21388888888888888 0.17708333333333334 
7 0.7430555555555556 0.4197916666666667 0.030555555555555555 0.11041666666666666 
3 0.5701388888888889 0.22291666666666668 0.06527777777777778 0.058333333333333334 
3 0.4097222222222222 0.3020833333333333 0.15555555555555556 0.1 
3 0.5118055555555555 0.24166666666666667 0.06527777777777778 0.04583333333333333 
3 0.6604166666666667 0.4739583333333333 0.12638888888888888 0.15208333333333332 
3 0.48055555555555557 0.27291666666666664 0.10277777777777777 0.07083333333333333 
3 0.4722222222222222 0.2864583333333333 0.06944444444444445 0.06041666666666667 
3 0.25277777777777777 0.40729166666666666 0.16944444444444445 0.13125 
3 0.3236111111111111 0.36041666666666666 0.16944444444444445 0.12083333333333333 
