3 0.7708333333333334 0.23541666666666666 0.027777777777777776 0.03333333333333333 
8 0.6805555555555556 0.27395833333333336 0.04722222222222222 0.04375 
3 0.7972222222222223 0.20729166666666668 0.016666666666666666 0.022916666666666665 
8 0.8701388888888889 0.259375 0.03194444444444444 0.04375 
3 0.45208333333333334 0.25104166666666666 0.06805555555555555 0.03125 
3 0.22708333333333333 0.70625 0.20972222222222223 0.2125 
3 0.86875 0.303125 0.034722222222222224 0.04791666666666667 
3 0.475 0.7302083333333333 0.2222222222222222 0.25625 
3 0.8743055555555556 0.3958333333333333 0.05694444444444444 0.0875 
5 0.9715277777777778 0.33541666666666664 0.02638888888888889 0.0625 
