3 0.7625 0.05416666666666667 0.03888888888888889 0.020833333333333332 
3 0.8534722222222222 0.11354166666666667 0.043055555555555555 0.022916666666666665 
3 0.8736111111111111 0.5666666666666667 0.22777777777777777 0.2125 
3 0.8826388888888889 0.13854166666666667 0.0625 0.04791666666666667 
3 0.775 0.078125 0.027777777777777776 0.014583333333333334 
3 0.9104166666666667 0.10833333333333334 0.043055555555555555 0.025 
3 0.12777777777777777 0.41458333333333336 0.21666666666666667 0.15 
3 0.08680555555555555 0.15625 0.07083333333333333 0.05416666666666667 
7 0.4951388888888889 0.09895833333333333 0.018055555555555554 0.06041666666666667 
3 0.8215277777777777 0.0875 0.07083333333333333 0.0375 
