3 0.06111111111111111 0.22395833333333334 0.025 0.022916666666666665 
8 0.17847222222222223 0.26979166666666665 0.10694444444444444 0.11875 
3 0.9180555555555555 0.32708333333333334 0.14444444444444443 0.12916666666666668 
3 0.28125 0.08541666666666667 0.029166666666666667 0.020833333333333332 
3 0.21875 0.12395833333333334 0.029166666666666667 0.03125 
3 0.33541666666666664 0.071875 0.04027777777777778 0.035416666666666666 
8 0.5409722222222222 0.275 0.24583333333333332 0.18333333333333332 
3 0.08055555555555556 0.234375 0.022222222222222223 0.03958333333333333 
3 0.11736111111111111 0.24479166666666666 0.0625 0.08125 
3 0.25 0.12291666666666666 0.05 0.03333333333333333 
