3 0.73125 0.33541666666666664 0.04861111111111111 0.04583333333333333 
3 0.7673611111111112 0.5229166666666667 0.1375 0.12083333333333333 
3 0.3770833333333333 0.5395833333333333 0.10972222222222222 0.10833333333333334 
3 0.875 0.3927083333333333 0.08333333333333333 0.06041666666666667 
3 0.93125 0.40208333333333335 0.06527777777777778 0.058333333333333334 
3 0.29305555555555557 0.40520833333333334 0.08055555555555556 0.04375 
5 0.8166666666666667 0.35208333333333336 0.08055555555555556 0.058333333333333334 
3 0.4375 0.44479166666666664 0.06666666666666667 0.06875 
3 0.12777777777777777 0.4427083333333333 0.027777777777777776 0.05625 
3 0.8402777777777778 0.35833333333333334 0.09444444444444444 0.05416666666666667 
3 0.48333333333333334 0.37604166666666666 0.05555555555555555 0.052083333333333336 
3 0.9708333333333333 0.41770833333333335 0.04722222222222222 0.08125 
3 0.6986111111111111 0.346875 0.05277777777777778 0.04791666666666667 
3 0.5777777777777777 0.39375 0.11388888888888889 0.0375 
3 0.22916666666666666 0.8552083333333333 0.1388888888888889 0.22708333333333333 
3 0.9236111111111112 0.6260416666666667 0.14444444444444443 0.16041666666666668 
3 0.5916666666666667 0.3260416666666667 0.075 0.04375 
5 0.9729166666666667 0.7 0.04027777777777778 0.12916666666666668 
3 0.6715277777777777 0.4864583333333333 0.12638888888888888 0.09375 
3 0.5875 0.46145833333333336 0.09166666666666666 0.08125 
3 0.8354166666666667 0.5708333333333333 0.14027777777777778 0.14166666666666666 
7 0.31875 0.365625 0.0125 0.035416666666666666 
3 0.5826388888888889 0.42916666666666664 0.12916666666666668 0.075 
