3 0.5458333333333333 0.18229166666666666 0.14166666666666666 0.07708333333333334 
3 0.11597222222222223 0.23854166666666668 0.06805555555555555 0.08541666666666667 
3 0.21736111111111112 0.11979166666666667 0.02361111111111111 0.027083333333333334 
8 0.18125 0.26979166666666665 0.10416666666666667 0.11041666666666666 
3 0.33819444444444446 0.06875 0.04027777777777778 0.03333333333333333 
3 0.4548611111111111 0.23020833333333332 0.14305555555555555 0.09375 
3 0.2513888888888889 0.11770833333333333 0.044444444444444446 0.035416666666666666 
3 0.2777777777777778 0.08541666666666667 0.03333333333333333 0.025 
3 0.06527777777777778 0.22395833333333334 0.025 0.035416666666666666 
3 0.08055555555555556 0.234375 0.016666666666666666 0.04375 
3 0.36527777777777776 0.115625 0.06944444444444445 0.04791666666666667 
