3 0.7784722222222222 0.10416666666666667 0.043055555555555555 0.020833333333333332 
2 0.4201388888888889 0.07395833333333333 0.08472222222222223 0.04375 
3 0.4979166666666667 0.128125 0.04027777777777778 0.027083333333333334 
3 0.7069444444444445 0.10729166666666666 0.058333333333333334 0.03125 
3 0.16944444444444445 0.30520833333333336 0.08888888888888889 0.10208333333333333 
3 0.6347222222222222 0.12395833333333334 0.06388888888888888 0.035416666666666666 
10 0.03819444444444445 0.2833333333333333 0.04583333333333333 0.08333333333333333 
3 0.5298611111111111 0.11145833333333334 0.04583333333333333 0.027083333333333334 
3 0.6680555555555555 0.12291666666666666 0.05 0.03333333333333333 
3 0.6916666666666667 0.115625 0.03611111111111111 0.01875 
3 0.4513888888888889 0.13854166666666667 0.04722222222222222 0.014583333333333334 
