3 0.07291666666666667 0.221875 0.0375 0.04791666666666667 
3 0.34305555555555556 0.07395833333333333 0.03611111111111111 0.03125 
8 0.17916666666666667 0.27395833333333336 0.10555555555555556 0.11875 
8 0.12083333333333333 0.24479166666666666 0.06388888888888888 0.08958333333333333 
3 0.25416666666666665 0.11875 0.041666666666666664 0.029166666666666667 
3 0.22013888888888888 0.12291666666666666 0.02638888888888889 0.03333333333333333 
3 0.26875 0.32708333333333334 0.13194444444444445 0.13333333333333333 
3 0.08125 0.234375 0.020833333333333332 0.05625 
8 0.6444444444444445 0.2791666666666667 0.2611111111111111 0.1875 
3 0.29375 0.08020833333333334 0.05416666666666667 0.035416666666666666 
