2 0.2076388888888889 0.334375 0.40694444444444444 0.18125 
3 0.7680555555555556 0.24583333333333332 0.07222222222222222 0.03333333333333333 
7 0.3638888888888889 0.5020833333333333 0.027777777777777776 0.1 
9 0.03680555555555556 0.6260416666666667 0.06527777777777778 0.20208333333333334 
3 0.29444444444444445 0.7177083333333333 0.2388888888888889 0.28958333333333336 
3 0.4618055555555556 0.815625 0.1875 0.30625 
3 0.5305555555555556 0.240625 0.08333333333333333 0.04375 
3 0.8256944444444444 0.26145833333333335 0.05416666666666667 0.035416666666666666 
7 0.34930555555555554 0.51875 0.02638888888888889 0.1 
7 0.5145833333333333 0.4739583333333333 0.04583333333333333 0.11458333333333333 
7 0.9715277777777778 0.58125 0.034722222222222224 0.10833333333333334 
3 0.5951388888888889 0.23333333333333334 0.059722222222222225 0.041666666666666664 
