4 0.2520833333333333 0.2864583333333333 0.02361111111111111 0.04375 
3 0.5513888888888889 0.3572916666666667 0.10555555555555556 0.08125 
8 0.8222222222222222 0.36875 0.07777777777777778 0.05 
8 0.7666666666666667 0.28229166666666666 0.05555555555555555 0.035416666666666666 
7 0.5680555555555555 0.25833333333333336 0.019444444444444445 0.0375 
3 0.1763888888888889 0.32083333333333336 0.08888888888888889 0.0875 
8 0.7104166666666667 0.284375 0.06527777777777778 0.035416666666666666 
3 0.4423611111111111 0.24583333333333332 0.04861111111111111 0.0375 
3 0.32013888888888886 0.246875 0.034722222222222224 0.04791666666666667 
9 0.3375 0.178125 0.030555555555555555 0.03958333333333333 
8 0.0375 0.37395833333333334 0.075 0.06875 
8 0.8402777777777778 0.43333333333333335 0.11944444444444445 0.08333333333333333 
