3 0.2826388888888889 0.24375 0.0625 0.04583333333333333 
7 0.5847222222222223 0.4708333333333333 0.04722222222222222 0.1 
2 0.08055555555555556 0.346875 0.16111111111111112 0.13958333333333334 
5 0.8118055555555556 0.265625 0.034722222222222224 0.035416666666666666 
3 0.4618055555555556 0.8072916666666666 0.19027777777777777 0.29791666666666666 
7 0.3375 0.5020833333333333 0.03611111111111111 0.09166666666666666 
10 0.4826388888888889 0.27291666666666664 0.08472222222222223 0.07083333333333333 
5 0.9826388888888888 0.3854166666666667 0.03194444444444444 0.0625 
7 0.3506944444444444 0.42291666666666666 0.04027777777777778 0.08333333333333333 
7 0.47152777777777777 0.5166666666666667 0.04583333333333333 0.10416666666666667 
3 0.7486111111111111 0.24375 0.05 0.025 
7 0.74375 0.4510416666666667 0.034722222222222224 0.09375 
4 0.3347222222222222 0.7239583333333334 0.08888888888888889 0.19791666666666666 
2 0.4409722222222222 0.21041666666666667 0.2569444444444444 0.1125 
2 0.9118055555555555 0.3072916666666667 0.1736111111111111 0.16875 
3 0.3388888888888889 0.3145833333333333 0.12222222222222222 0.07916666666666666 
3 0.6979166666666666 0.253125 0.08194444444444444 0.03958333333333333 
9 0.03611111111111111 0.6208333333333333 0.06666666666666667 0.20833333333333334 
5 0.17291666666666666 0.3375 0.04583333333333333 0.05 
