3 0.55 0.22291666666666668 0.06666666666666667 0.0375 
3 0.8694444444444445 0.5677083333333334 0.09722222222222222 0.17708333333333334 
3 0.30416666666666664 0.5885416666666666 0.18611111111111112 0.18958333333333333 
3 0.8652777777777778 0.33541666666666664 0.044444444444444446 0.075 
3 0.70625 0.3333333333333333 0.059722222222222225 0.075 
3 0.6597222222222222 0.2708333333333333 0.05 0.04583333333333333 
3 0.5701388888888889 0.2625 0.04861111111111111 0.041666666666666664 
3 0.7131944444444445 0.228125 0.02638888888888889 0.027083333333333334 
0 0.6972222222222222 0.18645833333333334 0.05 0.05625 
3 0.5013888888888889 0.30104166666666665 0.06666666666666667 0.06458333333333334 
3 0.8756944444444444 0.421875 0.0625 0.08958333333333333 
8 0.29375 0.43125 0.1375 0.10833333333333334 
6 0.39166666666666666 0.35520833333333335 0.06666666666666667 0.06458333333333334 
3 0.06388888888888888 0.6135416666666667 0.12777777777777777 0.14791666666666667 
9 0.6256944444444444 0.22708333333333333 0.04861111111111111 0.05 
