3 0.9104166666666667 0.11354166666666667 0.04027777777777778 0.03125 
3 0.96875 0.16145833333333334 0.034722222222222224 0.03125 
3 0.08958333333333333 0.15208333333333332 0.07083333333333333 0.05 
8 0.06527777777777778 0.23541666666666666 0.125 0.09166666666666666 
3 0.8729166666666667 0.6010416666666667 0.23194444444444445 0.21041666666666667 
3 0.33194444444444443 0.165625 0.12777777777777777 0.08541666666666667 
3 0.8784722222222222 0.14166666666666666 0.059722222222222225 0.05 
3 0.7597222222222222 0.06145833333333333 0.04722222222222222 0.027083333333333334 
3 0.7854166666666667 0.08125 0.05416666666666667 0.029166666666666667 
5 0.9625 0.22395833333333334 0.04722222222222222 0.04791666666666667 
3 0.24930555555555556 0.065625 0.029166666666666667 0.035416666666666666 
3 0.21736111111111112 0.08958333333333333 0.03194444444444444 0.03333333333333333 
