3 0.8743055555555556 0.39166666666666666 0.0625 0.08333333333333333 
8 0.7277777777777777 0.2947916666666667 0.058333333333333334 0.06458333333333334 
3 0.5770833333333333 0.35625 0.0875 0.07083333333333333 
3 0.7958333333333333 0.20729166666666668 0.027777777777777776 0.022916666666666665 
3 0.5520833333333334 0.26875 0.059722222222222225 0.05416666666666667 
3 0.3347222222222222 0.5947916666666667 0.19166666666666668 0.16458333333333333 
3 0.6840277777777778 0.25729166666666664 0.04027777777777778 0.03958333333333333 
3 0.9659722222222222 0.32708333333333334 0.04027777777777778 0.05416666666666667 
3 0.5708333333333333 0.5395833333333333 0.16111111111111112 0.17083333333333334 
3 0.86875 0.3020833333333333 0.0375 0.05 
