3 0.8986111111111111 0.7552083333333334 0.17777777777777778 0.23958333333333334 
3 0.05347222222222222 0.540625 0.10138888888888889 0.15625 
7 0.7701388888888889 0.32395833333333335 0.020833333333333332 0.06458333333333334 
7 0.6819444444444445 0.215625 0.011111111111111112 0.03958333333333333 
3 0.8763888888888889 0.6145833333333334 0.17777777777777778 0.17916666666666667 
2 0.3388888888888889 0.40208333333333335 0.20833333333333334 0.38333333333333336 
7 0.18958333333333333 0.47708333333333336 0.034722222222222224 0.12916666666666668 
10 0.30694444444444446 0.16666666666666666 0.07222222222222222 0.04583333333333333 
5 0.9416666666666667 0.9125 0.09722222222222222 0.16666666666666666 
7 0.5743055555555555 0.2375 0.0125 0.04583333333333333 
7 0.8465277777777778 0.390625 0.02361111111111111 0.08125 
