3 0.84375 0.3614583333333333 0.07916666666666666 0.05625 
3 0.6673611111111111 0.48125 0.14027777777777778 0.1 
3 0.8986111111111111 0.5875 0.14722222222222223 0.15416666666666667 
3 0.2569444444444444 0.39375 0.06666666666666667 0.041666666666666664 
3 0.7020833333333333 0.3416666666666667 0.05138888888888889 0.058333333333333334 
3 0.2722222222222222 0.8489583333333334 0.18888888888888888 0.29791666666666666 
3 0.5763888888888888 0.3260416666666667 0.06944444444444445 0.04375 
3 0.9409722222222222 0.6541666666666667 0.10416666666666667 0.1875 
3 0.8194444444444444 0.559375 0.13333333333333333 0.12291666666666666 
3 0.9256944444444445 0.38333333333333336 0.06805555555555555 0.075 
3 0.7444444444444445 0.5052083333333334 0.15555555555555556 0.14375 
3 0.6027777777777777 0.39166666666666666 0.07777777777777778 0.041666666666666664 
3 0.5875 0.42083333333333334 0.14444444444444443 0.06666666666666667 
3 0.5993055555555555 0.4479166666666667 0.16527777777777777 0.09583333333333334 
