3 0.2298611111111111 0.478125 0.14305555555555555 0.14375 
8 0.7666666666666667 0.246875 0.03611111111111111 0.03958333333333333 
3 0.7263888888888889 0.315625 0.058333333333333334 0.06458333333333334 
3 0.5854166666666667 0.35520833333333335 0.08472222222222223 0.06875 
3 0.9680555555555556 0.328125 0.041666666666666664 0.052083333333333336 
3 0.41597222222222224 0.4875 0.15694444444444444 0.1375 
3 0.6722222222222223 0.2760416666666667 0.05 0.04375 
3 0.7305555555555555 0.22708333333333333 0.025 0.029166666666666667 
3 0.8756944444444444 0.4 0.05138888888888889 0.09583333333333334 
3 0.8701388888888889 0.3020833333333333 0.0375 0.05 
