3 0.5472222222222223 0.271875 0.05555555555555555 0.04791666666666667 
9 0.6895833333333333 0.18854166666666666 0.04861111111111111 0.05625 
3 0.8722222222222222 0.5666666666666667 0.09444444444444444 0.175 
3 0.1951388888888889 0.7041666666666667 0.20694444444444443 0.20833333333333334 
8 0.46111111111111114 0.24895833333333334 0.058333333333333334 0.03958333333333333 
5 0.6055555555555555 0.23541666666666666 0.05555555555555555 0.041666666666666664 
3 0.8645833333333334 0.3385416666666667 0.05138888888888889 0.08125 
3 0.8701388888888889 0.425 0.059722222222222225 0.09583333333333334 
6 0.20694444444444443 0.49270833333333336 0.09444444444444444 0.09375 
3 0.6048611111111111 0.48854166666666665 0.12083333333333333 0.13958333333333334 
5 0.7791666666666667 0.20208333333333334 0.027777777777777776 0.07083333333333333 
3 0.44722222222222224 0.33229166666666665 0.07222222222222222 0.07291666666666667 
8 0.08055555555555556 0.5979166666666667 0.15833333333333333 0.18333333333333332 
3 0.61875 0.3260416666666667 0.06527777777777778 0.06041666666666667 
3 0.17083333333333334 0.30625 0.06111111111111111 0.05 
5 0.7534722222222222 0.2 0.015277777777777777 0.025 
5 0.5659722222222222 0.23125 0.029166666666666667 0.029166666666666667 
3 0.29444444444444445 0.28020833333333334 0.05277777777777778 0.03958333333333333 
