3 0.4173611111111111 0.13541666666666666 0.0875 0.07083333333333333 
1 0.5472222222222223 0.353125 0.044444444444444446 0.10625 
5 0.34305555555555556 0.9177083333333333 0.25555555555555554 0.15208333333333332 
3 0.17152777777777778 0.28229166666666666 0.13472222222222222 0.13958333333333334 
1 0.48819444444444443 0.3385416666666667 0.034722222222222224 0.12708333333333333 
3 0.6722222222222223 0.29375 0.09722222222222222 0.12083333333333333 
3 0.04722222222222222 0.39166666666666666 0.09166666666666666 0.17083333333333334 
3 0.49583333333333335 0.10416666666666667 0.06944444444444445 0.05416666666666667 
3 0.7388888888888889 0.128125 0.03333333333333333 0.03958333333333333 
3 0.7222222222222222 0.16666666666666666 0.044444444444444446 0.058333333333333334 
3 0.7131944444444445 0.215625 0.059722222222222225 0.07291666666666667 
3 0.30625 0.20104166666666667 0.11527777777777778 0.10208333333333333 
3 0.5145833333333333 0.671875 0.24305555555555555 0.33541666666666664 
3 0.5979166666666667 0.07395833333333333 0.034722222222222224 0.03958333333333333 
3 0.5666666666666667 0.084375 0.05277777777777778 0.04375 
3 0.6118055555555556 0.425 0.1375 0.17916666666666667 
