3 0.9236111111111112 0.384375 0.05555555555555555 0.06875 
3 0.021527777777777778 0.546875 0.043055555555555555 0.07708333333333334 
7 0.09930555555555555 0.45625 0.020833333333333332 0.041666666666666664 
3 0.5847222222222223 0.45208333333333334 0.10833333333333334 0.09166666666666666 
3 0.6041666666666666 0.3854166666666667 0.04722222222222222 0.029166666666666667 
3 0.5784722222222223 0.3260416666666667 0.06805555555555555 0.04375 
3 0.9541666666666667 0.4114583333333333 0.06666666666666667 0.07708333333333334 
3 0.5833333333333334 0.42083333333333334 0.1361111111111111 0.06666666666666667 
3 0.7423611111111111 0.5104166666666666 0.1486111111111111 0.14166666666666666 
3 0.7590277777777777 0.3385416666666667 0.0375 0.03958333333333333 
3 0.6645833333333333 0.48541666666666666 0.12916666666666668 0.09583333333333334 
3 0.8166666666666667 0.5572916666666666 0.13333333333333333 0.11041666666666666 
3 0.6993055555555555 0.340625 0.05138888888888889 0.04791666666666667 
3 0.8444444444444444 0.359375 0.07777777777777778 0.06458333333333334 
3 0.9381944444444444 0.6552083333333333 0.10416666666666667 0.18125 
3 0.28958333333333336 0.803125 0.1625 0.2520833333333333 
3 0.8979166666666667 0.5875 0.14583333333333334 0.15833333333333333 
3 0.7923611111111111 0.35625 0.04027777777777778 0.05 
