3 0.38263888888888886 0.37916666666666665 0.10694444444444444 0.0875 
0 0.6826388888888889 0.19479166666666667 0.06805555555555555 0.07708333333333334 
3 0.8729166666666667 0.5708333333333333 0.09305555555555556 0.175 
3 0.6055555555555555 0.240625 0.03888888888888889 0.03958333333333333 
3 0.7590277777777777 0.25625 0.034722222222222224 0.0375 
3 0.8666666666666667 0.3385416666666667 0.05 0.07708333333333334 
3 0.30625 0.5958333333333333 0.22083333333333333 0.2125 
3 0.04722222222222222 0.553125 0.09444444444444444 0.08541666666666667 
3 0.7131944444444445 0.24166666666666667 0.034722222222222224 0.025 
3 0.8743055555555556 0.4239583333333333 0.0625 0.09375 
8 0.5361111111111111 0.26979166666666665 0.09722222222222222 0.09375 
3 0.04583333333333333 0.65 0.08611111111111111 0.1625 
3 0.4479166666666667 0.23541666666666666 0.05694444444444444 0.0375 
