3 0.17569444444444443 0.11666666666666667 0.0625 0.041666666666666664 
5 0.9638888888888889 0.565625 0.058333333333333334 0.11875 
3 0.3548611111111111 0.534375 0.3013888888888889 0.21458333333333332 
3 0.6395833333333333 0.45625 0.29305555555555557 0.18333333333333332 
3 0.25277777777777777 0.33958333333333335 0.2 0.13333333333333333 
3 0.04027777777777778 0.29375 0.08055555555555556 0.075 
3 0.8972222222222223 0.4322916666666667 0.17777777777777778 0.13541666666666666 
3 0.034722222222222224 0.390625 0.06388888888888888 0.12291666666666666 
8 0.21666666666666667 0.22604166666666667 0.175 0.09791666666666667 
3 0.13125 0.12083333333333333 0.05138888888888889 0.05 
