3 0.93125 0.4010416666666667 0.05694444444444444 0.052083333333333336 
3 0.5916666666666667 0.32083333333333336 0.07222222222222222 0.04583333333333333 
3 0.96875 0.41770833333333335 0.04861111111111111 0.08125 
3 0.6715277777777777 0.4791666666666667 0.12916666666666668 0.0875 
3 0.6958333333333333 0.3416666666666667 0.05 0.04583333333333333 
3 0.7680555555555556 0.5197916666666667 0.13333333333333333 0.11875 
3 0.9201388888888888 0.6270833333333333 0.14027777777777778 0.15833333333333333 
3 0.575 0.3885416666666667 0.1111111111111111 0.035416666666666666 
5 0.9715277777777778 0.7020833333333333 0.04027777777777778 0.14583333333333334 
3 0.8340277777777778 0.5666666666666667 0.14027777777777778 0.14166666666666666 
3 0.2569444444444444 0.4125 0.07222222222222222 0.04583333333333333 
3 0.35347222222222224 0.625 0.11805555555555555 0.15 
5 0.13194444444444445 0.43645833333333334 0.05555555555555555 0.03125 
10 0.8375 0.3625 0.08888888888888889 0.058333333333333334 
3 0.8743055555555556 0.3875 0.0763888888888889 0.05 
3 0.5819444444444445 0.425 0.125 0.06666666666666667 
3 0.5861111111111111 0.4552083333333333 0.09722222222222222 0.07291666666666667 
