2 0.5131944444444444 0.2916666666666667 0.24305555555555555 0.09166666666666666 
3 0.3326388888888889 0.2989583333333333 0.04583333333333333 0.03958333333333333 
3 0.25416666666666665 0.29583333333333334 0.025 0.025 
3 0.22361111111111112 0.3 0.030555555555555555 0.0125 
5 0.8006944444444445 0.39791666666666664 0.22916666666666666 0.075 
3 0.6145833333333334 0.34479166666666666 0.10138888888888889 0.035416666666666666 
3 0.425 0.3125 0.05555555555555555 0.020833333333333332 
2 0.6631944444444444 0.5552083333333333 0.6486111111111111 0.46458333333333335 
3 0.28055555555555556 0.29270833333333335 0.027777777777777776 0.022916666666666665 
3 0.18125 0.29375 0.018055555555555554 0.020833333333333332 
