4 0.4201388888888889 0.4427083333333333 0.020833333333333332 0.06458333333333334 
7 0.6180555555555556 0.30104166666666665 0.016666666666666666 0.035416666666666666 
3 0.7965277777777777 0.3614583333333333 0.04861111111111111 0.04791666666666667 
3 0.5895833333333333 0.4197916666666667 0.11527777777777778 0.052083333333333336 
3 0.8395833333333333 0.36770833333333336 0.07083333333333333 0.04791666666666667 
3 0.91875 0.38645833333333335 0.0625 0.06875 
3 0.7618055555555555 0.3458333333333333 0.0375 0.041666666666666664 
7 0.5520833333333334 0.296875 0.0125 0.014583333333333334 
3 0.8972222222222223 0.5885416666666666 0.15 0.15625 
3 0.5743055555555555 0.33125 0.0625 0.0375 
3 0.6527777777777778 0.371875 0.03611111111111111 0.03958333333333333 
7 0.09722222222222222 0.4552083333333333 0.019444444444444445 0.04791666666666667 
3 0.9597222222222223 0.4114583333333333 0.058333333333333334 0.08125 
3 0.7479166666666667 0.509375 0.15416666666666667 0.13541666666666666 
3 0.7006944444444444 0.35 0.04583333333333333 0.041666666666666664 
3 0.6701388888888888 0.4822916666666667 0.12916666666666668 0.09791666666666667 
3 0.94375 0.6520833333333333 0.10138888888888889 0.18333333333333332 
3 0.5868055555555556 0.45625 0.11527777777777778 0.08333333333333333 
3 0.8194444444444444 0.5625 0.1361111111111111 0.125 
3 0.6048611111111111 0.39166666666666666 0.059722222222222225 0.0375 
