3 0.11527777777777778 0.3458333333333333 0.13333333333333333 0.19166666666666668 
3 0.6611111111111111 0.14270833333333333 0.16111111111111112 0.07708333333333334 
5 0.052083333333333336 0.9052083333333333 0.10416666666666667 0.18125 
3 0.7375 0.42291666666666666 0.30833333333333335 0.2 
3 0.5423611111111111 0.065625 0.05416666666666667 0.05625 
3 0.22013888888888888 0.20833333333333334 0.12916666666666668 0.125 
3 0.2569444444444444 0.3 0.15 0.20833333333333334 
3 0.6930555555555555 0.22395833333333334 0.19166666666666668 0.12708333333333333 
3 0.6465277777777778 0.051041666666666666 0.0875 0.04375 
3 0.6347222222222222 0.08020833333333334 0.125 0.04791666666666667 
3 0.33958333333333335 0.07395833333333333 0.06527777777777778 0.07708333333333334 
7 0.925 0.5416666666666666 0.06111111111111111 0.13333333333333333 
3 0.6493055555555556 0.103125 0.1125 0.04791666666666667 
3 0.42916666666666664 0.057291666666666664 0.07777777777777778 0.07291666666666667 
3 0.38333333333333336 0.04479166666666667 0.041666666666666664 0.05625 
1 0.42916666666666664 0.48333333333333334 0.05555555555555555 0.175 
3 0.6402777777777777 0.035416666666666666 0.08333333333333333 0.041666666666666664 
