3 0.0798611111111111 0.5385416666666667 0.12083333333333333 0.12708333333333333 
3 0.30972222222222223 0.4270833333333333 0.11944444444444445 0.11666666666666667 
3 0.7729166666666667 0.23125 0.02638888888888889 0.029166666666666667 
3 0.8666666666666667 0.33125 0.05 0.06666666666666667 
3 0.28541666666666665 0.2833333333333333 0.04861111111111111 0.029166666666666667 
3 0.6159722222222223 0.24166666666666667 0.034722222222222224 0.0375 
8 0.5159722222222223 0.2864583333333333 0.05416666666666667 0.04791666666666667 
3 0.6458333333333334 0.29375 0.06388888888888888 0.058333333333333334 
3 0.8715277777777778 0.565625 0.09305555555555556 0.16041666666666668 
8 0.31527777777777777 0.8114583333333333 0.3611111111111111 0.3645833333333333 
10 0.6486111111111111 0.21041666666666667 0.041666666666666664 0.0625 
3 0.8708333333333333 0.421875 0.06111111111111111 0.10625 
3 0.7291666666666666 0.30104166666666665 0.05555555555555555 0.05625 
3 0.45694444444444443 0.328125 0.08333333333333333 0.08541666666666667 
10 0.7527777777777778 0.21145833333333333 0.03333333333333333 0.035416666666666666 
