5 0.8381944444444445 0.15416666666666667 0.03194444444444444 0.0375 
3 0.8784722222222222 0.5416666666666666 0.2152777777777778 0.1875 
3 0.17291666666666666 0.11666666666666667 0.04583333333333333 0.04583333333333333 
3 0.49166666666666664 0.5572916666666666 0.3472222222222222 0.2520833333333333 
5 0.9756944444444444 0.48020833333333335 0.018055555555555554 0.06458333333333334 
5 0.78125 0.121875 0.04583333333333333 0.05625 
3 0.2916666666666667 0.33541666666666664 0.2222222222222222 0.1625 
3 0.23402777777777778 0.11354166666666667 0.06527777777777778 0.052083333333333336 
3 0.29791666666666666 0.8052083333333333 0.4513888888888889 0.3854166666666667 
8 0.05416666666666667 0.38958333333333334 0.10555555555555556 0.17916666666666667 
3 0.26180555555555557 0.24166666666666667 0.1597222222222222 0.09166666666666666 
5 0.022916666666666665 0.2760416666666667 0.0375 0.05625 
3 0.13055555555555556 0.121875 0.05555555555555555 0.05625 
