3 0.41458333333333336 0.29375 0.04027777777777778 0.041666666666666664 
3 0.8298611111111112 0.33541666666666664 0.043055555555555555 0.03333333333333333 
3 0.7958333333333333 0.36354166666666665 0.05277777777777778 0.022916666666666665 
2 0.6444444444444445 0.3333333333333333 0.08888888888888889 0.09166666666666666 
7 0.08888888888888889 0.46875 0.022222222222222223 0.058333333333333334 
2 0.47708333333333336 0.490625 0.2125 0.3020833333333333 
3 0.8986111111111111 0.3541666666666667 0.04722222222222222 0.025 
3 0.49236111111111114 0.31354166666666666 0.034722222222222224 0.03958333333333333 
3 0.7416666666666667 0.3375 0.05 0.029166666666666667 
3 0.5361111111111111 0.29791666666666666 0.03333333333333333 0.03333333333333333 
7 0.3541666666666667 0.9447916666666667 0.04722222222222222 0.10208333333333333 
3 0.7298611111111111 0.325 0.05138888888888889 0.029166666666666667 
3 0.7770833333333333 0.3489583333333333 0.05694444444444444 0.03125 
3 0.8694444444444445 0.34375 0.044444444444444446 0.029166666666666667 
3 0.9361111111111111 0.3729166666666667 0.044444444444444446 0.025 
8 0.8034722222222223 0.5645833333333333 0.13472222222222222 0.14583333333333334 
7 0.12222222222222222 0.4510416666666667 0.025 0.08541666666666667 
3 0.5965277777777778 0.3645833333333333 0.04583333333333333 0.07083333333333333 
