3 0.7354166666666667 0.48125 0.09861111111111111 0.1 
3 0.6263888888888889 0.38125 0.05277777777777778 0.058333333333333334 
3 0.7590277777777777 0.33645833333333336 0.034722222222222224 0.022916666666666665 
3 0.8819444444444444 0.340625 0.041666666666666664 0.027083333333333334 
3 0.8201388888888889 0.36041666666666666 0.07083333333333333 0.03333333333333333 
3 0.9458333333333333 0.3614583333333333 0.03611111111111111 0.03125 
3 0.5631944444444444 0.31979166666666664 0.0375 0.04791666666666667 
3 0.7888888888888889 0.3020833333333333 0.027777777777777776 0.020833333333333332 
3 0.8402777777777778 0.33229166666666665 0.03888888888888889 0.01875 
3 0.7347222222222223 0.3260416666666667 0.044444444444444446 0.027083333333333334 
3 0.5006944444444444 0.31354166666666666 0.034722222222222224 0.035416666666666666 
2 0.60625 0.6875 0.42083333333333334 0.6041666666666666 
3 0.8180555555555555 0.30625 0.03611111111111111 0.020833333333333332 
3 0.7875 0.34479166666666666 0.06666666666666667 0.035416666666666666 
