1 0.20347222222222222 0.39479166666666665 0.03194444444444444 0.06875 
1 0.6555555555555556 0.36875 0.05555555555555555 0.05416666666666667 
6 0.5805555555555556 0.28229166666666666 0.12777777777777777 0.09375 
5 0.0375 0.6229166666666667 0.06944444444444445 0.20833333333333334 
7 0.13472222222222222 0.46145833333333336 0.03333333333333333 0.11458333333333333 
7 0.9423611111111111 0.41770833333333335 0.020833333333333332 0.07708333333333334 
7 0.8909722222222223 0.42291666666666666 0.02638888888888889 0.1 
7 0.23125 0.29791666666666666 0.015277777777777777 0.0625 
5 0.35 0.984375 0.13333333333333333 0.022916666666666665 
7 0.9180555555555555 0.41875 0.019444444444444445 0.075 
3 0.6090277777777777 0.203125 0.03194444444444444 0.03125 
2 0.10069444444444445 0.31875 0.1986111111111111 0.1875 
7 0.15 0.44479166666666664 0.016666666666666666 0.08958333333333333 
3 0.46041666666666664 0.8072916666666666 0.19583333333333333 0.3145833333333333 
7 0.21597222222222223 0.3072916666666667 0.015277777777777777 0.04791666666666667 
7 0.8527777777777777 0.41770833333333335 0.022222222222222223 0.08541666666666667 
1 0.3958333333333333 0.35 0.06388888888888888 0.07083333333333333 
7 0.86875 0.4270833333333333 0.018055555555555554 0.07916666666666666 
3 0.8847222222222222 0.26979166666666665 0.06666666666666667 0.03958333333333333 
9 0.7291666666666666 0.26458333333333334 0.20833333333333334 0.13333333333333333 
