3 0.7618055555555555 0.51875 0.13472222222222222 0.11666666666666667 
3 0.825 0.35833333333333334 0.07222222222222222 0.07083333333333333 
3 0.26319444444444445 0.8604166666666667 0.1597222222222222 0.26666666666666666 
3 0.7368055555555556 0.32708333333333334 0.04861111111111111 0.04583333333333333 
3 0.7 0.3416666666666667 0.05555555555555555 0.0375 
3 0.9701388888888889 0.415625 0.04861111111111111 0.08958333333333333 
3 0.8340277777777778 0.5614583333333333 0.14305555555555555 0.14791666666666667 
3 0.5833333333333334 0.32083333333333336 0.06666666666666667 0.041666666666666664 
3 0.8680555555555556 0.38125 0.06388888888888888 0.058333333333333334 
3 0.5854166666666667 0.44895833333333335 0.09583333333333334 0.07291666666666667 
3 0.5756944444444444 0.42291666666666666 0.12638888888888888 0.07083333333333333 
3 0.6680555555555555 0.47291666666666665 0.11944444444444445 0.1 
3 0.9284722222222223 0.3875 0.059722222222222225 0.05416666666666667 
3 0.6166666666666667 0.38645833333333335 0.07777777777777778 0.03958333333333333 
3 0.9194444444444444 0.6270833333333333 0.14722222222222223 0.1625 
