3 0.6569444444444444 0.2125 0.025 0.029166666666666667 
3 0.8673611111111111 0.334375 0.04861111111111111 0.08125 
3 0.6159722222222223 0.23229166666666667 0.0375 0.03958333333333333 
3 0.1076388888888889 0.5708333333333333 0.1486111111111111 0.15 
3 0.5013888888888889 0.49375 0.17222222222222222 0.17916666666666667 
3 0.8722222222222222 0.4166666666666667 0.06388888888888888 0.10416666666666667 
3 0.8708333333333333 0.5645833333333333 0.08888888888888889 0.16666666666666666 
3 0.8618055555555556 0.246875 0.034722222222222224 0.04791666666666667 
3 0.5340277777777778 0.33229166666666665 0.05138888888888889 0.06041666666666667 
3 0.38680555555555557 0.328125 0.07083333333333333 0.06041666666666667 
