3 0.4736111111111111 0.265625 0.07222222222222222 0.04791666666666667 
3 0.10902777777777778 0.1125 0.05416666666666667 0.04583333333333333 
3 0.35694444444444445 0.21354166666666666 0.08611111111111111 0.052083333333333336 
3 0.18333333333333332 0.134375 0.06111111111111111 0.052083333333333336 
3 0.025 0.084375 0.041666666666666664 0.03125 
3 0.6472222222222223 0.35520833333333335 0.08333333333333333 0.04375 
8 0.33958333333333335 0.5 0.38472222222222224 0.39166666666666666 
5 0.9743055555555555 0.6010416666666667 0.04027777777777778 0.06041666666666667 
3 0.9013888888888889 0.5385416666666667 0.05 0.04791666666666667 
3 0.28541666666666665 0.178125 0.059722222222222225 0.04375 
3 0.6965277777777777 0.396875 0.0875 0.06875 
