3 0.5361111111111111 0.06666666666666667 0.07222222222222222 0.05 
10 0.5069444444444444 0.07604166666666666 0.08333333333333333 0.035416666666666666 
10 0.4340277777777778 0.05 0.07916666666666666 0.0375 
8 0.5680555555555555 0.05416666666666667 0.06388888888888888 0.05416666666666667 
3 0.9118055555555555 0.171875 0.0625 0.05625 
2 0.5743055555555555 0.3770833333333333 0.6652777777777777 0.6125 
3 0.4583333333333333 0.06354166666666666 0.07777777777777778 0.03125 
3 0.8388888888888889 0.20729166666666668 0.07777777777777778 0.09791666666666667 
3 0.6993055555555555 0.15625 0.08194444444444444 0.05416666666666667 
3 0.7055555555555556 0.14375 0.09444444444444444 0.075 
3 0.7909722222222222 0.20104166666666667 0.0763888888888889 0.052083333333333336 
3 0.8527777777777777 0.13020833333333334 0.044444444444444446 0.04375 
3 0.8048611111111111 0.13229166666666667 0.08194444444444444 0.06458333333333334 
3 0.7743055555555556 0.13958333333333334 0.07083333333333333 0.07083333333333333 
3 0.9576388888888889 0.215625 0.0375 0.05625 
3 0.7465277777777778 0.14166666666666666 0.06805555555555555 0.06666666666666667 
3 0.8847222222222222 0.20729166666666668 0.075 0.08541666666666667 
3 0.8881944444444444 0.18125 0.08472222222222223 0.058333333333333334 
