3 0.4173611111111111 0.4239583333333333 0.0763888888888889 0.07708333333333334 
3 0.8340277777777778 0.5552083333333333 0.14583333333333334 0.14791666666666667 
3 0.8701388888888889 0.3770833333333333 0.059722222222222225 0.05416666666666667 
3 0.8361111111111111 0.3541666666666667 0.09444444444444444 0.06666666666666667 
3 0.7652777777777777 0.509375 0.125 0.11875 
3 0.6236111111111111 0.38333333333333336 0.03888888888888889 0.0375 
3 0.9701388888888889 0.40729166666666666 0.043055555555555555 0.08541666666666667 
3 0.9298611111111111 0.38958333333333334 0.05138888888888889 0.05416666666666667 
3 0.7368055555555556 0.3177083333333333 0.04583333333333333 0.04791666666666667 
3 0.5833333333333334 0.44479166666666664 0.09444444444444444 0.06458333333333334 
3 0.7013888888888888 0.33645833333333336 0.05277777777777778 0.04375 
3 0.5819444444444445 0.403125 0.13055555555555556 0.04375 
3 0.5881944444444445 0.3177083333333333 0.0763888888888889 0.03958333333333333 
3 0.6694444444444444 0.4708333333333333 0.125 0.09166666666666666 
3 0.9243055555555556 0.6166666666666667 0.14305555555555555 0.1625 
