8 0.4465277777777778 0.2947916666666667 0.08194444444444444 0.05625 
8 0.6479166666666667 0.22083333333333333 0.034722222222222224 0.029166666666666667 
3 0.6319444444444444 0.43854166666666666 0.10277777777777777 0.11875 
8 0.45 0.2520833333333333 0.05277777777777778 0.025 
8 0.23125 0.47708333333333336 0.17083333333333334 0.15416666666666667 
3 0.5715277777777777 0.2604166666666667 0.04861111111111111 0.03333333333333333 
5 0.013888888888888888 0.5739583333333333 0.022222222222222223 0.06041666666666667 
3 0.8743055555555556 0.5708333333333333 0.09305555555555556 0.175 
3 0.45694444444444443 0.321875 0.07777777777777778 0.07291666666666667 
3 0.4340277777777778 0.403125 0.10416666666666667 0.08125 
3 0.8708333333333333 0.4239583333333333 0.06666666666666667 0.09791666666666667 
3 0.8666666666666667 0.3375 0.05555555555555555 0.07083333333333333 
6 0.6680555555555555 0.20729166666666668 0.016666666666666666 0.01875 
3 0.5916666666666667 0.22395833333333334 0.03888888888888889 0.035416666666666666 
3 0.041666666666666664 0.6583333333333333 0.07777777777777778 0.1375 
