3 0.7916666666666666 0.46145833333333336 0.06666666666666667 0.052083333333333336 
8 0.3333333333333333 0.19479166666666667 0.09166666666666666 0.05625 
3 0.5194444444444445 0.2833333333333333 0.04722222222222222 0.0375 
3 0.3416666666666667 0.5333333333333333 0.30277777777777776 0.25416666666666665 
3 0.4534722222222222 0.265625 0.07083333333333333 0.052083333333333336 
10 0.6888888888888889 0.3729166666666667 0.09166666666666666 0.0625 
3 0.20902777777777778 0.15208333333333332 0.059722222222222225 0.0375 
8 0.5736111111111111 0.32708333333333334 0.08333333333333333 0.06666666666666667 
8 0.8916666666666667 0.53125 0.06388888888888888 0.0625 
3 0.24305555555555555 0.14791666666666667 0.06944444444444445 0.041666666666666664 
3 0.6805555555555556 0.39479166666666665 0.075 0.04791666666666667 
