3 0.8784722222222222 0.14375 0.05416666666666667 0.04583333333333333 
5 0.027777777777777776 0.4427083333333333 0.04722222222222222 0.10208333333333333 
3 0.43333333333333335 0.1625 0.1361111111111111 0.07083333333333333 
3 0.9527777777777777 0.24479166666666666 0.06944444444444445 0.06875 
3 0.9631944444444445 0.15520833333333334 0.03194444444444444 0.022916666666666665 
3 0.9145833333333333 0.4114583333333333 0.1486111111111111 0.13958333333333334 
3 0.2375 0.04375 0.027777777777777776 0.025 
3 0.7652777777777777 0.057291666666666664 0.04722222222222222 0.022916666666666665 
3 0.7868055555555555 0.08125 0.05694444444444444 0.029166666666666667 
3 0.09097222222222222 0.15625 0.07083333333333333 0.05 
3 0.9125 0.11354166666666667 0.044444444444444446 0.03125 
3 0.45694444444444443 0.6072916666666667 0.375 0.2520833333333333 
