3 0.7666666666666667 0.5208333333333334 0.13333333333333333 0.1125 
3 0.25763888888888886 0.41354166666666664 0.07361111111111111 0.03958333333333333 
3 0.9201388888888888 0.628125 0.13472222222222222 0.14791666666666667 
3 0.8354166666666667 0.3625 0.0875 0.07083333333333333 
3 0.9694444444444444 0.4197916666666667 0.05 0.07708333333333334 
3 0.3486111111111111 0.6270833333333333 0.1111111111111111 0.15 
3 0.5784722222222223 0.43125 0.12638888888888888 0.075 
3 0.5722222222222222 0.3885416666666667 0.10555555555555556 0.03125 
3 0.6736111111111112 0.484375 0.13055555555555556 0.08958333333333333 
3 0.8673611111111111 0.38958333333333334 0.059722222222222225 0.0625 
3 0.7277777777777777 0.32916666666666666 0.04722222222222222 0.05416666666666667 
3 0.5902777777777778 0.3260416666666667 0.075 0.04375 
5 0.9715277777777778 0.6989583333333333 0.043055555555555555 0.15625 
3 0.5847222222222223 0.4625 0.09444444444444444 0.08333333333333333 
3 0.8361111111111111 0.5708333333333333 0.14166666666666666 0.14166666666666666 
3 0.6965277777777777 0.3458333333333333 0.04583333333333333 0.05 
3 0.9347222222222222 0.39791666666666664 0.06944444444444445 0.05416666666666667 
