5 0.16944444444444445 0.13854166666666667 0.06111111111111111 0.035416666666666666 
8 0.3388888888888889 0.6677083333333333 0.48055555555555557 0.4395833333333333 
5 0.21666666666666667 0.14166666666666666 0.041666666666666664 0.04583333333333333 
3 0.6951388888888889 0.39791666666666664 0.08472222222222223 0.06666666666666667 
3 0.32083333333333336 0.203125 0.08055555555555556 0.04791666666666667 
3 0.49166666666666664 0.2833333333333333 0.1 0.06666666666666667 
6 0.29097222222222224 0.15833333333333333 0.07361111111111111 0.06666666666666667 
3 0.8256944444444444 0.49270833333333336 0.05694444444444444 0.05625 
3 0.07152777777777777 0.10833333333333334 0.05138888888888889 0.03333333333333333 
3 0.9298611111111111 0.565625 0.04861111111111111 0.04791666666666667 
5 0.12222222222222222 0.11875 0.041666666666666664 0.03333333333333333 
3 0.39166666666666666 0.22083333333333333 0.06111111111111111 0.041666666666666664 
