2 0.8888888888888888 0.3572916666666667 0.21388888888888888 0.18541666666666667 
3 0.4305555555555556 0.30833333333333335 0.05 0.05416666666666667 
5 0.022222222222222223 0.2947916666666667 0.041666666666666664 0.052083333333333336 
3 0.31180555555555556 0.296875 0.05694444444444444 0.05625 
3 0.7166666666666667 0.259375 0.04722222222222222 0.027083333333333334 
3 0.4576388888888889 0.23854166666666668 0.029166666666666667 0.027083333333333334 
3 0.9819444444444444 0.32395833333333335 0.022222222222222223 0.022916666666666665 
3 0.1486111111111111 0.24166666666666667 0.030555555555555555 0.029166666666666667 
3 0.7743055555555556 0.26875 0.04027777777777778 0.03333333333333333 
3 0.46458333333333335 0.20729166666666668 0.018055555555555554 0.01875 
3 0.5590277777777778 0.21354166666666666 0.020833333333333332 0.022916666666666665 
