3 0.9277777777777778 0.38958333333333334 0.06111111111111111 0.05416666666666667 
3 0.8715277777777778 0.37604166666666666 0.06805555555555555 0.06041666666666667 
10 0.8319444444444445 0.35 0.09166666666666666 0.075 
3 0.5868055555555556 0.3145833333333333 0.07361111111111111 0.05 
3 0.3375 0.6697916666666667 0.12222222222222222 0.18125 
3 0.9243055555555556 0.6177083333333333 0.14305555555555555 0.16041666666666668 
3 0.9666666666666667 0.4041666666666667 0.044444444444444446 0.07916666666666666 
5 0.975 0.6916666666666667 0.04722222222222222 0.125 
3 0.5958333333333333 0.4510416666666667 0.11944444444444445 0.07291666666666667 
3 0.6013888888888889 0.37916666666666665 0.09722222222222222 0.0375 
3 0.7666666666666667 0.50625 0.14166666666666666 0.13333333333333333 
3 0.03819444444444445 0.540625 0.07083333333333333 0.10208333333333333 
3 0.8375 0.5572916666666666 0.14166666666666666 0.15208333333333332 
3 0.7361111111111112 0.31875 0.05 0.05416666666666667 
3 0.675 0.46979166666666666 0.12777777777777777 0.09375 
3 0.5819444444444445 0.4166666666666667 0.13055555555555556 0.05416666666666667 
