3 0.8423611111111111 0.36041666666666666 0.07916666666666666 0.0625 
3 0.8166666666666667 0.5541666666666667 0.1361111111111111 0.11666666666666667 
3 0.6604166666666667 0.478125 0.12916666666666668 0.09375 
3 0.5895833333333333 0.415625 0.12638888888888888 0.05625 
7 0.05694444444444444 0.46875 0.013888888888888888 0.041666666666666664 
9 0.4284722222222222 0.37604166666666666 0.07916666666666666 0.11458333333333333 
3 0.7013888888888888 0.3375 0.05555555555555555 0.041666666666666664 
3 0.5875 0.45208333333333334 0.11666666666666667 0.09166666666666666 
7 0.09791666666666667 0.43333333333333335 0.018055555555555554 0.05 
3 0.5756944444444444 0.325 0.07083333333333333 0.04583333333333333 
3 0.8979166666666667 0.5875 0.14583333333333334 0.15 
3 0.6055555555555555 0.38645833333333335 0.058333333333333334 0.035416666666666666 
3 0.9256944444444445 0.38333333333333336 0.07083333333333333 0.075 
3 0.7444444444444445 0.503125 0.15555555555555556 0.13541666666666666 
4 0.29583333333333334 0.7947916666666667 0.07222222222222222 0.13541666666666666 
3 0.9423611111111111 0.6583333333333333 0.10972222222222222 0.175 
