3 0.27361111111111114 0.45208333333333334 0.09722222222222222 0.10416666666666667 
3 0.5048611111111111 0.30104166666666665 0.06527777777777778 0.052083333333333336 
3 0.5659722222222222 0.26666666666666666 0.05416666666666667 0.041666666666666664 
3 0.6840277777777778 0.19895833333333332 0.020833333333333332 0.035416666666666666 
3 0.2826388888888889 0.28125 0.04027777777777778 0.016666666666666666 
3 0.8722222222222222 0.425 0.05555555555555555 0.1 
9 0.6291666666666667 0.2125 0.08611111111111111 0.0875 
3 0.7583333333333333 0.246875 0.03611111111111111 0.035416666666666666 
3 0.8680555555555556 0.33645833333333336 0.04722222222222222 0.06875 
5 0.04722222222222222 0.9 0.09166666666666666 0.19166666666666668 
3 0.6472222222222223 0.29270833333333335 0.05277777777777778 0.04791666666666667 
3 0.3993055555555556 0.36041666666666666 0.10138888888888889 0.10416666666666667 
3 0.8715277777777778 0.5760416666666667 0.09027777777777778 0.18541666666666667 
6 0.06527777777777778 0.54375 0.12777777777777777 0.2791666666666667 
3 0.35625 0.8333333333333334 0.2513888888888889 0.2833333333333333 
0 0.2986111111111111 0.36041666666666666 0.33611111111111114 0.26666666666666666 
