3 0.7243055555555555 0.3229166666666667 0.0625 0.041666666666666664 
3 0.7680555555555556 0.5270833333333333 0.125 0.13333333333333333 
3 0.6354166666666666 0.3958333333333333 0.07083333333333333 0.08333333333333333 
3 0.7354166666666667 0.8552083333333333 0.20972222222222223 0.28125 
2 0.45 0.4708333333333333 0.20555555555555555 0.2916666666666667 
2 0.5451388888888888 0.29791666666666666 0.05138888888888889 0.06666666666666667 
2 0.5125 0.25625 0.044444444444444446 0.058333333333333334 
3 0.8013888888888889 0.3614583333333333 0.08055555555555556 0.04791666666666667 
3 0.7534722222222222 0.33125 0.07083333333333333 0.03333333333333333 
7 0.2833333333333333 0.4427083333333333 0.025 0.07708333333333334 
7 0.29305555555555557 0.4322916666666667 0.019444444444444445 0.08541666666666667 
3 0.7777777777777778 0.34270833333333334 0.08611111111111111 0.03958333333333333 
7 0.25069444444444444 0.7552083333333334 0.043055555555555555 0.14791666666666667 
