3 0.39305555555555555 0.035416666666666666 0.05555555555555555 0.029166666666666667 
3 0.7229166666666667 0.059375 0.059722222222222225 0.022916666666666665 
3 0.7125 0.046875 0.06111111111111111 0.027083333333333334 
2 0.4215277777777778 0.6802083333333333 0.8430555555555556 0.6354166666666666 
3 0.3736111111111111 0.04895833333333333 0.05277777777777778 0.03125 
3 0.6798611111111111 0.0375 0.029166666666666667 0.020833333333333332 
3 0.73125 0.06979166666666667 0.04583333333333333 0.035416666666666666 
3 0.3076388888888889 0.078125 0.09861111111111111 0.06041666666666667 
3 0.7861111111111111 0.096875 0.07222222222222222 0.04791666666666667 
3 0.6416666666666667 0.03229166666666667 0.05277777777777778 0.03125 
8 0.5270833333333333 0.04583333333333333 0.08472222222222223 0.04583333333333333 
