3 0.6576388888888889 0.19375 0.029166666666666667 0.025 
3 0.5319444444444444 0.25729166666666664 0.041666666666666664 0.03125 
3 0.8680555555555556 0.42291666666666666 0.06666666666666667 0.10416666666666667 
3 0.8701388888888889 0.5729166666666666 0.09027777777777778 0.17083333333333334 
8 0.2902777777777778 0.31354166666666666 0.1 0.06458333333333334 
3 0.7520833333333333 0.26458333333333334 0.034722222222222224 0.03333333333333333 
8 0.85 0.22083333333333333 0.05277777777777778 0.03333333333333333 
3 0.8666666666666667 0.33958333333333335 0.05 0.08333333333333333 
3 0.7131944444444445 0.24375 0.034722222222222224 0.0375 
3 0.61875 0.45625 0.09861111111111111 0.12083333333333333 
8 0.06388888888888888 0.5510416666666667 0.12222222222222222 0.15208333333333332 
