2 0.15833333333333333 0.27291666666666664 0.14722222222222223 0.15416666666666667 
3 0.49166666666666664 0.12291666666666666 0.041666666666666664 0.029166666666666667 
3 0.5326388888888889 0.10520833333333333 0.04861111111111111 0.027083333333333334 
3 0.6875 0.11145833333333334 0.044444444444444446 0.03125 
3 0.6631944444444444 0.12083333333333333 0.05138888888888889 0.029166666666666667 
3 0.049305555555555554 0.21354166666666666 0.029166666666666667 0.01875 
10 0.04722222222222222 0.28125 0.03611111111111111 0.08333333333333333 
3 0.70625 0.10625 0.04861111111111111 0.03333333333333333 
3 0.6277777777777778 0.12291666666666666 0.06944444444444445 0.041666666666666664 
3 0.44930555555555557 0.13541666666666666 0.05416666666666667 0.029166666666666667 
