3 0.3034722222222222 0.83125 0.1597222222222222 0.25416666666666665 
3 0.9409722222222222 0.6572916666666667 0.10416666666666667 0.17291666666666666 
3 0.5847222222222223 0.45625 0.10833333333333334 0.09583333333333334 
3 0.6611111111111111 0.478125 0.12222222222222222 0.09791666666666667 
3 0.7444444444444445 0.5041666666666667 0.15 0.14166666666666666 
3 0.5861111111111111 0.41458333333333336 0.13333333333333333 0.0625 
3 0.9263888888888889 0.38333333333333336 0.06944444444444445 0.07083333333333333 
3 0.8458333333333333 0.3614583333333333 0.08055555555555556 0.06041666666666667 
3 0.6986111111111111 0.3385416666666667 0.05555555555555555 0.04791666666666667 
3 0.8222222222222222 0.5604166666666667 0.1361111111111111 0.12916666666666668 
3 0.5777777777777777 0.3229166666666667 0.06944444444444445 0.05 
