3 0.5916666666666667 0.415625 0.11944444444444445 0.04375 
3 0.7020833333333333 0.34270833333333334 0.04861111111111111 0.052083333333333336 
5 0.7965277777777777 0.3541666666666667 0.043055555555555555 0.05 
3 0.4201388888888889 0.4322916666666667 0.07916666666666666 0.09375 
3 0.8194444444444444 0.5583333333333333 0.1388888888888889 0.1125 
3 0.5875 0.453125 0.10555555555555556 0.09791666666666667 
3 0.8993055555555556 0.5854166666666667 0.15416666666666667 0.15416666666666667 
3 0.8479166666666667 0.3614583333333333 0.08472222222222223 0.05625 
3 0.74375 0.509375 0.15138888888888888 0.13541666666666666 
3 0.9416666666666667 0.6541666666666667 0.10555555555555556 0.18333333333333332 
3 0.5819444444444445 0.325 0.06388888888888888 0.05 
3 0.6645833333333333 0.4822916666666667 0.12638888888888888 0.08958333333333333 
7 0.74375 0.35520833333333335 0.018055555555555554 0.05625 
3 0.35694444444444445 0.653125 0.1111111111111111 0.16041666666666668 
3 0.9277777777777778 0.3802083333333333 0.07222222222222222 0.06875 
