3 0.8444444444444444 0.3645833333333333 0.07777777777777778 0.0625 
3 0.45 0.38125 0.05555555555555555 0.04583333333333333 
3 0.9263888888888889 0.38645833333333335 0.07222222222222222 0.07708333333333334 
3 0.9402777777777778 0.6572916666666667 0.10833333333333334 0.18541666666666667 
3 0.5840277777777778 0.45416666666666666 0.10972222222222222 0.09166666666666666 
3 0.7444444444444445 0.503125 0.15 0.14791666666666667 
3 0.5854166666666667 0.4166666666666667 0.13472222222222222 0.05416666666666667 
3 0.28402777777777777 0.8114583333333333 0.14305555555555555 0.20208333333333334 
3 0.6645833333333333 0.48125 0.12638888888888888 0.09583333333333334 
3 0.5770833333333333 0.328125 0.06805555555555555 0.04791666666666667 
3 0.8180555555555555 0.5635416666666667 0.14166666666666666 0.13541666666666666 
3 0.6034722222222222 0.384375 0.0625 0.03125 
3 0.625 0.30104166666666665 0.05 0.035416666666666666 
