3 0.2423611111111111 0.47604166666666664 0.13194444444444445 0.13125 
3 0.8645833333333334 0.334375 0.04583333333333333 0.07708333333333334 
3 0.8722222222222222 0.5635416666666667 0.09166666666666666 0.16875 
3 0.28541666666666665 0.28125 0.04027777777777778 0.029166666666666667 
3 0.7541666666666667 0.25833333333333336 0.030555555555555555 0.029166666666666667 
3 0.20902777777777778 0.69375 0.20416666666666666 0.2 
3 0.49444444444444446 0.29270833333333335 0.06111111111111111 0.052083333333333336 
3 0.4201388888888889 0.35 0.0875 0.075 
3 0.8722222222222222 0.41875 0.06111111111111111 0.09166666666666666 
3 0.03819444444444445 0.5708333333333333 0.0763888888888889 0.09166666666666666 
8 0.59375 0.46458333333333335 0.1486111111111111 0.16666666666666666 
3 0.6902777777777778 0.25416666666666665 0.03611111111111111 0.0375 
3 0.46597222222222223 0.28541666666666665 0.04583333333333333 0.0375 
3 0.6013888888888889 0.24270833333333333 0.030555555555555555 0.03125 
10 0.6423611111111112 0.2125 0.04027777777777778 0.04583333333333333 
