3 0.23819444444444443 0.04375 0.03194444444444444 0.029166666666666667 
3 0.7611111111111111 0.06354166666666666 0.044444444444444446 0.03125 
3 0.8138888888888889 0.09166666666666666 0.06111111111111111 0.03333333333333333 
3 0.8451388888888889 0.11770833333333333 0.04027777777777778 0.027083333333333334 
3 0.8777777777777778 0.140625 0.06111111111111111 0.04375 
3 0.5152777777777777 0.6072916666666667 0.375 0.2520833333333333 
3 0.08819444444444445 0.15625 0.07361111111111111 0.05 
3 0.34652777777777777 0.40729166666666666 0.2708333333333333 0.16041666666666668 
3 0.90625 0.115625 0.04027777777777778 0.027083333333333334 
3 0.78125 0.08125 0.04027777777777778 0.029166666666666667 
3 0.9652777777777778 0.159375 0.03888888888888889 0.03125 
3 0.9381944444444444 0.13541666666666666 0.0375 0.0375 
