0 0.6159722222222223 0.22083333333333333 0.11805555555555555 0.11666666666666667 
3 0.5430555555555555 0.2520833333333333 0.03611111111111111 0.029166666666666667 
5 0.025694444444444443 0.6395833333333333 0.05138888888888889 0.175 
3 0.8666666666666667 0.3333333333333333 0.05277777777777778 0.075 
3 0.3645833333333333 0.340625 0.07083333333333333 0.04791666666666667 
3 0.30277777777777776 0.41354166666666664 0.11388888888888889 0.11041666666666666 
3 0.8729166666666667 0.5666666666666667 0.09305555555555556 0.16666666666666666 
5 0.7680555555555556 0.19270833333333334 0.025 0.04375 
3 0.8722222222222222 0.42083333333333334 0.06111111111111111 0.09583333333333334 
3 0.3527777777777778 0.8427083333333333 0.3194444444444444 0.3104166666666667 
