5 0.4619883040935672 0.12719298245614036 0.029239766081871343 0.017543859649122806 
5 0.17543859649122806 0.16447368421052633 0.03508771929824561 0.021929824561403508 
5 0.7763157894736842 0.17324561403508773 0.02046783625730994 0.021929824561403508 
8 0.597953216374269 0.31140350877192985 0.12573099415204678 0.07017543859649122 
5 0.7134502923976608 0.18201754385964913 0.023391812865497075 0.03070175438596491 
5 0.07017543859649122 0.2149122807017544 0.029239766081871343 0.02631578947368421 
5 0.3157894736842105 0.14035087719298245 0.023391812865497075 0.008771929824561403 
5 0.9488304093567251 0.868421052631579 0.09064327485380116 0.23684210526315788 
3 0.30701754385964913 0.625 0.2222222222222222 0.29385964912280704 
3 0.5058479532163743 0.33771929824561403 0.15789473684210525 0.09649122807017543 
5 0.23538011695906433 0.19956140350877194 0.038011695906432746 0.03070175438596491 
