3 0.5083333333333333 0.384375 0.2861111111111111 0.18125 
3 0.8472222222222222 0.11875 0.03888888888888889 0.025 
3 0.7972222222222223 0.21354166666666666 0.13055555555555556 0.09791666666666667 
3 0.9673611111111111 0.16458333333333333 0.0375 0.025 
3 0.8236111111111111 0.1 0.04722222222222222 0.03333333333333333 
3 0.4479166666666667 0.6125 0.3736111111111111 0.23333333333333334 
8 0.7868055555555555 0.165625 0.1375 0.06041666666666667 
3 0.7847222222222222 0.07604166666666666 0.03888888888888889 0.022916666666666665 
3 0.8819444444444444 0.14375 0.05277777777777778 0.04583333333333333 
3 0.9069444444444444 0.115625 0.044444444444444446 0.027083333333333334 
3 0.8020833333333334 0.09166666666666666 0.0375 0.03333333333333333 
3 0.018055555555555554 0.18333333333333332 0.03333333333333333 0.0375 
3 0.08819444444444445 0.15104166666666666 0.07361111111111111 0.06041666666666667 
