3 0.6784722222222223 0.4739583333333333 0.12638888888888888 0.10208333333333333 
3 0.9333333333333333 0.4041666666666667 0.06666666666666667 0.0625 
3 0.9173611111111111 0.321875 0.0625 0.04375 
3 0.6875 0.33125 0.06111111111111111 0.04583333333333333 
3 0.9590277777777778 0.696875 0.07083333333333333 0.16875 
3 0.9673611111111111 0.4197916666666667 0.05138888888888889 0.07708333333333334 
3 0.8416666666666667 0.37083333333333335 0.075 0.058333333333333334 
3 0.8972222222222223 0.6208333333333333 0.17222222222222222 0.17916666666666667 
3 0.7236111111111111 0.5270833333333333 0.14444444444444443 0.125 
3 0.5784722222222223 0.47708333333333336 0.14305555555555555 0.0875 
3 0.8076388888888889 0.5635416666666667 0.1486111111111111 0.15208333333333332 
3 0.8041666666666667 0.35104166666666664 0.041666666666666664 0.04375 
3 0.8965277777777778 0.384375 0.06805555555555555 0.052083333333333336 
3 0.45902777777777776 0.36875 0.04583333333333333 0.04583333333333333 
3 0.5486111111111112 0.32708333333333334 0.03888888888888889 0.041666666666666664 
3 0.7590277777777777 0.33958333333333335 0.04583333333333333 0.04583333333333333 
3 0.5819444444444445 0.428125 0.10555555555555556 0.06041666666666667 
4 0.3729166666666667 0.47604166666666664 0.0375 0.07708333333333334 
3 0.6020833333333333 0.3229166666666667 0.07083333333333333 0.04583333333333333 
