3 0.9118055555555555 0.109375 0.04027777777777778 0.022916666666666665 
3 0.7722222222222223 0.38229166666666664 0.20555555555555555 0.16041666666666668 
3 0.23819444444444443 0.041666666666666664 0.03194444444444444 0.025 
3 0.8131944444444444 0.08541666666666667 0.059722222222222225 0.0375 
3 0.8784722222222222 0.12708333333333333 0.07083333333333333 0.03333333333333333 
3 0.96875 0.16145833333333334 0.034722222222222224 0.027083333333333334 
3 0.08611111111111111 0.153125 0.075 0.052083333333333336 
3 0.9048611111111111 0.15520833333333334 0.06805555555555555 0.04375 
3 0.78125 0.07291666666666667 0.04027777777777778 0.025 
3 0.7597222222222222 0.06145833333333333 0.041666666666666664 0.027083333333333334 
3 0.94375 0.13333333333333333 0.03194444444444444 0.025 
