3 0.021527777777777778 0.5614583333333333 0.04027777777777778 0.08958333333333333 
3 0.9659722222222222 0.41354166666666664 0.05416666666666667 0.08125 
3 0.8979166666666667 0.6177083333333333 0.16805555555555557 0.15625 
7 0.23958333333333334 0.43020833333333336 0.015277777777777777 0.06875 
3 0.6888888888888889 0.328125 0.07222222222222222 0.06041666666666667 
3 0.8097222222222222 0.559375 0.15 0.14375 
3 0.8916666666666667 0.38125 0.06388888888888888 0.06666666666666667 
3 0.7305555555555555 0.5260416666666666 0.15 0.11041666666666666 
7 0.2902777777777778 0.41875 0.013888888888888888 0.05416666666666667 
3 0.5770833333333333 0.46979166666666666 0.1486111111111111 0.09791666666666667 
7 0.2611111111111111 0.42916666666666664 0.013888888888888888 0.075 
3 0.9618055555555556 0.6791666666666667 0.07361111111111111 0.16666666666666666 
3 0.4111111111111111 0.465625 0.06944444444444445 0.06875 
3 0.9298611111111111 0.396875 0.06805555555555555 0.07291666666666667 
3 0.8444444444444444 0.3625 0.08333333333333333 0.06666666666666667 
7 0.25069444444444444 0.43020833333333336 0.015277777777777777 0.07291666666666667 
3 0.5993055555555555 0.31875 0.07083333333333333 0.04583333333333333 
3 0.6770833333333334 0.46770833333333334 0.12638888888888888 0.10208333333333333 
3 0.5916666666666667 0.425 0.11388888888888889 0.0625 
