3 0.7583333333333333 0.059375 0.03888888888888889 0.027083333333333334 
3 0.8770833333333333 0.13854166666666667 0.0625 0.04375 
3 0.2375 0.0375 0.027777777777777776 0.025 
3 0.9729166666666667 0.184375 0.034722222222222224 0.04375 
3 0.4534722222222222 0.19375 0.16805555555555557 0.09583333333333334 
3 0.10902777777777778 0.21145833333333333 0.10416666666666667 0.06875 
3 0.7111111111111111 0.07395833333333333 0.044444444444444446 0.035416666666666666 
3 0.16527777777777777 0.403125 0.2222222222222222 0.16458333333333333 
3 0.9118055555555555 0.11145833333333334 0.04861111111111111 0.03125 
3 0.7916666666666666 0.08125 0.044444444444444446 0.029166666666666667 
3 0.9305555555555556 0.4010416666666667 0.11944444444444445 0.12291666666666666 
