5 0.9291666666666667 0.70625 0.12222222222222222 0.20833333333333334 
3 0.15902777777777777 0.44166666666666665 0.2152777777777778 0.20416666666666666 
3 0.22569444444444445 0.23958333333333334 0.13472222222222222 0.09166666666666666 
3 0.175 0.11458333333333333 0.058333333333333334 0.05416666666666667 
10 0.12777777777777777 0.11458333333333333 0.05277777777777778 0.0625 
3 0.15347222222222223 0.296875 0.15416666666666667 0.10625 
3 0.029861111111111113 0.27291666666666664 0.05694444444444444 0.09166666666666666 
3 0.23333333333333334 0.109375 0.07222222222222222 0.06875 
3 0.7229166666666667 0.478125 0.2708333333333333 0.18125 
3 0.3888888888888889 0.3729166666666667 0.25277777777777777 0.15 
