3 0.8375 0.365625 0.075 0.06041666666666667 
7 0.4930555555555556 0.5083333333333333 0.030555555555555555 0.0875 
3 0.7270833333333333 0.5270833333333333 0.14583333333333334 0.12083333333333333 
3 0.6770833333333334 0.46770833333333334 0.12361111111111112 0.10625 
3 0.9354166666666667 0.3958333333333333 0.06805555555555555 0.06666666666666667 
3 0.5763888888888888 0.46875 0.14166666666666666 0.09583333333333334 
3 0.8083333333333333 0.5583333333333333 0.1388888888888889 0.15 
3 0.4125 0.4552083333333333 0.06666666666666667 0.08958333333333333 
3 0.8048611111111111 0.34791666666666665 0.043055555555555555 0.04583333333333333 
3 0.9659722222222222 0.415625 0.05416666666666667 0.08958333333333333 
3 0.5972222222222222 0.32083333333333336 0.06944444444444445 0.05416666666666667 
3 0.6875 0.33125 0.06666666666666667 0.05416666666666667 
3 0.5861111111111111 0.4239583333333333 0.09722222222222222 0.03958333333333333 
3 0.7638888888888888 0.33958333333333335 0.04722222222222222 0.0375 
3 0.8930555555555556 0.6208333333333333 0.15833333333333333 0.17916666666666667 
3 0.9569444444444445 0.678125 0.06666666666666667 0.18541666666666667 
3 0.89375 0.3802083333333333 0.06527777777777778 0.08125 
