3 0.7986111111111112 0.36354166666666665 0.05 0.03125 
3 0.7340277777777777 0.4979166666666667 0.09027777777777778 0.10416666666666667 
7 0.9847222222222223 0.4583333333333333 0.011111111111111112 0.0375 
3 0.5777777777777777 0.3375 0.030555555555555555 0.03333333333333333 
3 0.7541666666666667 0.33541666666666664 0.04722222222222222 0.025 
3 0.8659722222222223 0.3416666666666667 0.043055555555555555 0.025 
3 0.8923611111111112 0.359375 0.04861111111111111 0.03958333333333333 
7 0.2777777777777778 0.8104166666666667 0.06666666666666667 0.15 
3 0.9493055555555555 0.3885416666666667 0.04583333333333333 0.022916666666666665 
3 0.4875 0.32083333333333336 0.030555555555555555 0.025 
3 0.53125 0.29583333333333334 0.02361111111111111 0.025 
2 0.5083333333333333 0.4666666666666667 0.19444444444444445 0.2708333333333333 
3 0.7770833333333333 0.3489583333333333 0.0625 0.022916666666666665 
3 0.8305555555555556 0.32708333333333334 0.04722222222222222 0.03333333333333333 
