3 0.5944444444444444 0.31979166666666664 0.08055555555555556 0.052083333333333336 
3 0.9222222222222223 0.63125 0.15 0.15416666666666667 
3 0.6708333333333333 0.48541666666666666 0.12777777777777777 0.1 
3 0.6944444444444444 0.33958333333333335 0.05 0.05 
3 0.5805555555555556 0.38125 0.10555555555555556 0.029166666666666667 
3 0.7729166666666667 0.5197916666666667 0.15416666666666667 0.12708333333333333 
3 0.8388888888888889 0.5677083333333334 0.14166666666666666 0.14375 
5 0.975 0.7166666666666667 0.041666666666666664 0.125 
3 0.5986111111111111 0.459375 0.125 0.08125 
3 0.8305555555555556 0.35833333333333334 0.10555555555555556 0.075 
3 0.5847222222222223 0.428125 0.13333333333333333 0.07708333333333334 
3 0.12986111111111112 0.4197916666666667 0.04027777777777778 0.03958333333333333 
3 0.8743055555555556 0.38645833333333335 0.08194444444444444 0.06458333333333334 
3 0.38819444444444445 0.45416666666666666 0.06527777777777778 0.07916666666666666 
3 0.9701388888888889 0.421875 0.05138888888888889 0.08541666666666667 
3 0.9291666666666667 0.396875 0.058333333333333334 0.05625 
3 0.2604166666666667 0.4114583333333333 0.07916666666666666 0.05625 
3 0.7340277777777777 0.325 0.04583333333333333 0.05 
