3 0.8152777777777778 0.47604166666666664 0.08333333333333333 0.06875 
5 0.03819444444444445 0.09895833333333333 0.0375 0.03125 
5 0.5354166666666667 0.290625 0.05694444444444444 0.03958333333333333 
8 0.9138888888888889 0.5489583333333333 0.06944444444444445 0.06458333333333334 
3 0.1763888888888889 0.13958333333333334 0.06388888888888888 0.0375 
3 0.33611111111111114 0.209375 0.06388888888888888 0.03958333333333333 
5 0.9409722222222222 0.959375 0.10972222222222222 0.07708333333333334 
3 0.6944444444444444 0.4 0.08888888888888889 0.07083333333333333 
3 0.31319444444444444 0.5447916666666667 0.30416666666666664 0.27291666666666664 
5 0.12361111111111112 0.115625 0.05 0.03958333333333333 
3 0.4479166666666667 0.25833333333333336 0.08194444444444444 0.0625 
3 0.5798611111111112 0.334375 0.08194444444444444 0.05625 
3 0.7604166666666666 0.425 0.04027777777777778 0.058333333333333334 
