3 0.8270833333333333 0.3458333333333333 0.10694444444444444 0.058333333333333334 
2 0.08472222222222223 0.3572916666666667 0.16111111111111112 0.13541666666666666 
7 0.40069444444444446 0.4354166666666667 0.020833333333333332 0.07916666666666666 
7 0.39652777777777776 0.6010416666666667 0.02638888888888889 0.12708333333333333 
2 0.0798611111111111 0.265625 0.14305555555555555 0.08541666666666667 
7 0.6263888888888889 0.528125 0.027777777777777776 0.13541666666666666 
7 0.3763888888888889 0.6322916666666667 0.027777777777777776 0.13958333333333334 
5 0.3486111111111111 0.9864583333333333 0.11388888888888889 0.01875 
3 0.43680555555555556 0.309375 0.09861111111111111 0.06041666666666667 
7 0.5145833333333333 0.47604166666666664 0.029166666666666667 0.12291666666666666 
7 0.23194444444444445 0.5375 0.027777777777777776 0.1125 
3 0.20972222222222223 0.2520833333333333 0.04722222222222222 0.029166666666666667 
5 0.03611111111111111 0.628125 0.06666666666666667 0.20208333333333334 
3 0.4618055555555556 0.8177083333333334 0.19305555555555556 0.3020833333333333 
