3 0.6361111111111111 0.375 0.075 0.04583333333333333 
7 0.25277777777777777 0.434375 0.013888888888888888 0.052083333333333336 
3 0.4013888888888889 0.49270833333333336 0.08611111111111111 0.13125 
3 0.80625 0.559375 0.15138888888888888 0.15625 
3 0.23194444444444445 0.95625 0.20277777777777778 0.07916666666666666 
3 0.5840277777777778 0.428125 0.10416666666666667 0.06458333333333334 
3 0.9666666666666667 0.4239583333333333 0.05277777777777778 0.08125 
3 0.6805555555555556 0.4739583333333333 0.11944444444444445 0.09791666666666667 
3 0.9006944444444445 0.384375 0.0763888888888889 0.06041666666666667 
3 0.9555555555555556 0.696875 0.07222222222222222 0.18541666666666667 
3 0.7631944444444444 0.3416666666666667 0.05694444444444444 0.05416666666666667 
3 0.7277777777777777 0.5291666666666667 0.15 0.125 
3 0.6847222222222222 0.33541666666666664 0.08333333333333333 0.0625 
3 0.9 0.625 0.16944444444444445 0.175 
3 0.8479166666666667 0.37083333333333335 0.0875 0.06666666666666667 
7 0.2798611111111111 0.425 0.02638888888888889 0.06666666666666667 
3 0.5819444444444445 0.47291666666666665 0.15555555555555556 0.1 
3 0.9319444444444445 0.40520833333333334 0.06111111111111111 0.06458333333333334 
3 0.6 0.32395833333333335 0.075 0.04791666666666667 
7 0.2388888888888889 0.44166666666666665 0.019444444444444445 0.05416666666666667 
3 0.8111111111111111 0.35208333333333336 0.058333333333333334 0.05416666666666667 
