3 0.5791666666666667 0.325 0.06944444444444445 0.041666666666666664 
3 0.7 0.34479166666666666 0.05555555555555555 0.04375 
7 0.10486111111111111 0.44895833333333335 0.009722222222222222 0.035416666666666666 
3 0.8194444444444444 0.5625 0.1388888888888889 0.125 
3 0.9583333333333334 0.4125 0.06666666666666667 0.07083333333333333 
3 0.6652777777777777 0.484375 0.1388888888888889 0.09375 
3 0.8458333333333333 0.36354166666666665 0.08333333333333333 0.05625 
3 0.9402777777777778 0.65625 0.10833333333333334 0.18333333333333332 
3 0.5888888888888889 0.45416666666666666 0.11666666666666667 0.08333333333333333 
3 0.8972222222222223 0.5875 0.14722222222222223 0.15833333333333333 
3 0.2263888888888889 0.8822916666666667 0.17777777777777778 0.23125 
3 0.9819444444444444 0.44166666666666665 0.025 0.058333333333333334 
3 0.8027777777777778 0.359375 0.058333333333333334 0.052083333333333336 
3 0.7451388888888889 0.5072916666666667 0.15416666666666667 0.13541666666666666 
3 0.9208333333333333 0.384375 0.06388888888888888 0.06875 
3 0.7583333333333333 0.3458333333333333 0.03611111111111111 0.03333333333333333 
