3 0.9645833333333333 0.3333333333333333 0.05694444444444444 0.04583333333333333 
3 0.6791666666666667 0.471875 0.11388888888888889 0.10208333333333333 
3 0.58125 0.478125 0.14583333333333334 0.08125 
3 0.35 0.428125 0.06111111111111111 0.07291666666666667 
3 0.8479166666666667 0.37083333333333335 0.0763888888888889 0.06666666666666667 
3 0.8951388888888889 0.3875 0.059722222222222225 0.06666666666666667 
3 0.7270833333333333 0.5260416666666666 0.15138888888888888 0.11458333333333333 
9 0.4361111111111111 0.37916666666666665 0.10833333333333334 0.14166666666666666 
3 0.375 0.521875 0.08055555555555556 0.11041666666666666 
3 0.8055555555555556 0.35520833333333335 0.03888888888888889 0.05625 
3 0.6909722222222222 0.3302083333333333 0.05694444444444444 0.04791666666666667 
3 0.9569444444444445 0.7145833333333333 0.075 0.1375 
3 0.9388888888888889 0.403125 0.06666666666666667 0.05625 
3 0.8097222222222222 0.5625 0.14444444444444443 0.14166666666666666 
3 0.9666666666666667 0.41770833333333335 0.05 0.06875 
10 0.2659722222222222 0.5416666666666666 0.09305555555555556 0.1125 
3 0.5944444444444444 0.3229166666666667 0.06111111111111111 0.04583333333333333 
3 0.7597222222222222 0.334375 0.05 0.06041666666666667 
3 0.5902777777777778 0.425 0.10833333333333334 0.05 
3 0.9006944444444445 0.6197916666666666 0.1736111111111111 0.17291666666666666 
3 0.13125 0.8083333333333333 0.14305555555555555 0.2 
