3 0.9590277777777778 0.7041666666666667 0.07361111111111111 0.1625 
3 0.8965277777777778 0.384375 0.06805555555555555 0.06041666666666667 
3 0.2263888888888889 0.8208333333333333 0.16944444444444445 0.24583333333333332 
3 0.5798611111111112 0.47291666666666665 0.1375 0.08333333333333333 
7 0.2388888888888889 0.44166666666666665 0.016666666666666666 0.05416666666666667 
3 0.8451388888888889 0.37083333333333335 0.07916666666666666 0.058333333333333334 
3 0.7618055555555555 0.34375 0.04861111111111111 0.04583333333333333 
3 0.8979166666666667 0.6166666666666667 0.16805555555555557 0.17083333333333334 
3 0.7243055555555555 0.5302083333333333 0.1486111111111111 0.11875 
3 0.6013888888888889 0.325 0.06666666666666667 0.05 
3 0.8076388888888889 0.5635416666666667 0.14583333333333334 0.15208333333333332 
3 0.9680555555555556 0.4270833333333333 0.05 0.08333333333333333 
3 0.6791666666666667 0.47604166666666664 0.11388888888888889 0.09375 
7 0.25277777777777777 0.4395833333333333 0.016666666666666666 0.05416666666666667 
3 0.5861111111111111 0.43125 0.10833333333333334 0.058333333333333334 
3 0.9354166666666667 0.403125 0.059722222222222225 0.06041666666666667 
3 0.6888888888888889 0.33125 0.058333333333333334 0.05 
3 0.80625 0.35520833333333335 0.05138888888888889 0.04375 
7 0.2826388888888889 0.428125 0.034722222222222224 0.04791666666666667 
