3 0.059941520467836254 0.2850877192982456 0.02631578947368421 0.043859649122807015 
8 0.45321637426900585 0.3267543859649123 0.15204678362573099 0.07456140350877193 
3 0.12426900584795321 0.25877192982456143 0.03216374269005848 0.03508771929824561 
8 0.21929824561403508 0.19736842105263158 0.04678362573099415 0.03508771929824561 
5 0.13742690058479531 0.19736842105263158 0.029239766081871343 0.02631578947368421 
3 0.9342105263157895 0.5043859649122807 0.09064327485380116 0.08771929824561403 
3 0.14327485380116958 0.4100877192982456 0.09941520467836257 0.12719298245614036 
5 0.7748538011695907 0.17982456140350878 0.017543859649122806 0.017543859649122806 
5 0.06578947368421052 0.2149122807017544 0.02046783625730994 0.02631578947368421 
5 0.7339181286549707 0.18201754385964913 0.023391812865497075 0.021929824561403508 
5 0.8742690058479532 0.2149122807017544 0.023391812865497075 0.02631578947368421 
