3 0.7673611111111112 0.50625 0.1375 0.11666666666666667 
10 0.3784722222222222 0.5125 0.1125 0.15833333333333333 
3 0.9326388888888889 0.38125 0.06527777777777778 0.0625 
3 0.5826388888888889 0.31354166666666666 0.0763888888888889 0.052083333333333336 
3 0.6666666666666666 0.465625 0.11666666666666667 0.10208333333333333 
3 0.975 0.6864583333333333 0.03333333333333333 0.11041666666666666 
3 0.5833333333333334 0.4427083333333333 0.09166666666666666 0.08958333333333333 
3 0.9631944444444445 0.40520833333333334 0.043055555555555555 0.08541666666666667 
3 0.9215277777777777 0.6208333333333333 0.13194444444444445 0.17083333333333334 
3 0.14097222222222222 0.8885416666666667 0.15694444444444444 0.21458333333333332 
3 0.5819444444444445 0.4083333333333333 0.125 0.07083333333333333 
3 0.8708333333333333 0.3770833333333333 0.08055555555555556 0.075 
3 0.8333333333333334 0.5552083333333333 0.15 0.14791666666666667 
3 0.8326388888888889 0.34479166666666666 0.09305555555555556 0.08541666666666667 
