3 0.8055555555555556 0.5552083333333333 0.1527777777777778 0.15208333333333332 
3 0.8965277777777778 0.3802083333333333 0.07361111111111111 0.06458333333333334 
7 0.23055555555555557 0.45 0.016666666666666666 0.041666666666666664 
3 0.7256944444444444 0.528125 0.14027777777777778 0.11875 
3 0.8430555555555556 0.36770833333333336 0.08055555555555556 0.05625 
3 0.9013888888888889 0.6145833333333334 0.1638888888888889 0.1625 
3 0.9673611111111111 0.4125 0.05138888888888889 0.075 
10 0.27708333333333335 0.8041666666666667 0.18472222222222223 0.3 
3 0.5840277777777778 0.46770833333333334 0.14027777777777778 0.09375 
3 0.7645833333333333 0.33541666666666664 0.05694444444444444 0.05416666666666667 
3 0.5986111111111111 0.31875 0.07222222222222222 0.05 
5 0.9569444444444445 0.6885416666666667 0.06944444444444445 0.17291666666666666 
7 0.28888888888888886 0.415625 0.011111111111111112 0.05625 
3 0.6791666666666667 0.46875 0.125 0.10833333333333334 
7 0.27291666666666664 0.4239583333333333 0.0125 0.04791666666666667 
3 0.9333333333333333 0.4010416666666667 0.06666666666666667 0.07291666666666667 
7 0.25416666666666665 0.43333333333333335 0.016666666666666666 0.05416666666666667 
3 0.4236111111111111 0.425 0.06666666666666667 0.08333333333333333 
3 0.8090277777777778 0.346875 0.04583333333333333 0.04375 
3 0.6881944444444444 0.33229166666666665 0.0625 0.052083333333333336 
3 0.5819444444444445 0.425 0.10277777777777777 0.05416666666666667 
