3 0.6909722222222222 0.32708333333333334 0.07083333333333333 0.04583333333333333 
3 0.8048611111111111 0.34791666666666665 0.04027777777777778 0.05 
3 0.5979166666666667 0.3260416666666667 0.06805555555555555 0.04791666666666667 
3 0.80625 0.5572916666666666 0.14583333333333334 0.15208333333333332 
3 0.9701388888888889 0.41458333333333336 0.05694444444444444 0.09166666666666666 
3 0.7263888888888889 0.5260416666666666 0.15 0.11041666666666666 
3 0.68125 0.47291666666666665 0.1125 0.1 
3 0.9388888888888889 0.4010416666666667 0.07222222222222222 0.07291666666666667 
3 0.5777777777777777 0.475 0.1388888888888889 0.0875 
3 0.9583333333333334 0.6864583333333333 0.07222222222222222 0.16875 
3 0.5909722222222222 0.43125 0.1125 0.05416666666666667 
3 0.8388888888888889 0.365625 0.07222222222222222 0.06041666666666667 
3 0.8944444444444445 0.3770833333333333 0.06666666666666667 0.0625 
4 0.32569444444444445 0.628125 0.05138888888888889 0.11875 
3 0.7625 0.3375 0.05 0.06666666666666667 
3 0.8979166666666667 0.6145833333333334 0.16805555555555557 0.175 
