3 0.8729166666666667 0.42291666666666666 0.06805555555555555 0.09583333333333334 
6 0.38680555555555557 0.359375 0.07083333333333333 0.06041666666666667 
3 0.5666666666666667 0.26458333333333334 0.044444444444444446 0.041666666666666664 
5 0.6277777777777778 0.22604166666666667 0.05555555555555555 0.04375 
3 0.8708333333333333 0.5666666666666667 0.08611111111111111 0.15416666666666667 
3 0.06319444444444444 0.6229166666666667 0.11805555555555555 0.14166666666666666 
3 0.6895833333333333 0.2552083333333333 0.0375 0.027083333333333334 
3 0.46597222222222223 0.440625 0.12916666666666668 0.10625 
3 0.8666666666666667 0.334375 0.05 0.07708333333333334 
3 0.725 0.29791666666666666 0.05 0.058333333333333334 
8 0.2965277777777778 0.43333333333333335 0.14027777777777778 0.11666666666666667 
3 0.4986111111111111 0.30104166666666665 0.06666666666666667 0.06458333333333334 
3 0.5368055555555555 0.225 0.06527777777777778 0.04583333333333333 
