3 0.7395833333333334 0.6270833333333333 0.1875 0.18333333333333332 
8 0.2673611111111111 0.6875 0.5013888888888889 0.48333333333333334 
8 0.41597222222222224 0.23541666666666666 0.06527777777777778 0.05 
8 0.8194444444444444 0.47604166666666664 0.07777777777777778 0.052083333333333336 
3 0.19375 0.14583333333333334 0.05138888888888889 0.041666666666666664 
5 0.9472222222222222 0.76875 0.1 0.30833333333333335 
8 0.3402777777777778 0.20625 0.08055555555555556 0.05 
3 0.19652777777777777 0.14791666666666667 0.04583333333333333 0.03333333333333333 
8 0.34791666666666665 0.203125 0.08194444444444444 0.06041666666666667 
3 0.10138888888888889 0.27395833333333336 0.14166666666666666 0.11041666666666666 
3 0.2673611111111111 0.16770833333333332 0.04583333333333333 0.03125 
0 0.75625 0.41875 0.32083333333333336 0.23333333333333334 
8 0.8180555555555555 0.48333333333333334 0.075 0.07083333333333333 
8 0.11041666666666666 0.10833333333333334 0.06527777777777778 0.04583333333333333 
10 0.5 0.2791666666666667 0.1 0.075 
3 0.2625 0.16770833333333332 0.03333333333333333 0.027083333333333334 
8 0.4215277777777778 0.234375 0.06805555555555555 0.05625 
3 0.26666666666666666 0.16770833333333332 0.03888888888888889 0.035416666666666666 
8 0.11319444444444444 0.115625 0.0763888888888889 0.03958333333333333 
8 0.8201388888888889 0.475 0.08194444444444444 0.075 
3 0.11875 0.11145833333333334 0.0763888888888889 0.04375 
5 0.9506944444444444 0.7645833333333333 0.08194444444444444 0.2791666666666667 
10 0.5013888888888889 0.2875 0.1 0.08333333333333333 
