3 0.7354166666666667 0.31979166666666664 0.04583333333333333 0.052083333333333336 
3 0.6604166666666667 0.34479166666666666 0.059722222222222225 0.052083333333333336 
3 0.5847222222222223 0.4114583333333333 0.125 0.06875 
3 0.9277777777777778 0.6166666666666667 0.13055555555555556 0.15416666666666667 
3 0.6715277777777777 0.46875 0.13194444444444445 0.09583333333333334 
3 0.6111111111111112 0.3770833333333333 0.07222222222222222 0.05 
3 0.9319444444444445 0.3854166666666667 0.06944444444444445 0.058333333333333334 
3 0.7708333333333334 0.509375 0.14444444444444443 0.12708333333333333 
3 0.8722222222222222 0.37395833333333334 0.07777777777777778 0.05625 
7 0.48125 0.8270833333333333 0.05416666666666667 0.16666666666666666 
3 0.65625 0.3 0.0625 0.0375 
7 0.53125 0.8604166666666667 0.04027777777777778 0.14583333333333334 
3 0.7020833333333333 0.33229166666666665 0.04583333333333333 0.03958333333333333 
3 0.96875 0.40520833333333334 0.04861111111111111 0.08541666666666667 
3 0.8368055555555556 0.5541666666666667 0.1486111111111111 0.15 
3 0.5826388888888889 0.3125 0.07916666666666666 0.05 
10 0.8375 0.3458333333333333 0.1 0.08333333333333333 
5 0.975 0.6739583333333333 0.03888888888888889 0.14791666666666667 
3 0.2423611111111111 0.871875 0.19027777777777777 0.24791666666666667 
3 0.5902777777777778 0.44583333333333336 0.1 0.07916666666666666 
