3 0.11736111111111111 0.34479166666666666 0.1375 0.18958333333333333 
7 0.034027777777777775 0.3489583333333333 0.029166666666666667 0.06875 
3 0.7159722222222222 0.29583333333333334 0.22361111111111112 0.12916666666666668 
3 0.65 0.021875 0.09166666666666666 0.035416666666666666 
3 0.6395833333333333 0.036458333333333336 0.0875 0.03125 
3 0.7326388888888888 0.434375 0.2847222222222222 0.21041666666666667 
3 0.6902777777777778 0.22291666666666668 0.19444444444444445 0.1 
1 0.38680555555555557 0.434375 0.05138888888888889 0.18541666666666667 
3 0.43333333333333335 0.017708333333333333 0.041666666666666664 0.03125 
10 0.6472222222222223 0.12916666666666668 0.16944444444444445 0.1 
3 0.21319444444444444 0.2125 0.1125 0.125 
3 0.33958333333333335 0.075 0.06527777777777778 0.06666666666666667 
3 0.3875 0.04791666666666667 0.044444444444444446 0.04583333333333333 
3 0.6402777777777777 0.058333333333333334 0.11666666666666667 0.05416666666666667 
3 0.6416666666666667 0.08229166666666667 0.11388888888888889 0.04791666666666667 
