3 0.7819444444444444 0.07291666666666667 0.041666666666666664 0.020833333333333332 
3 0.9395833333333333 0.12916666666666668 0.029166666666666667 0.020833333333333332 
5 0.02638888888888889 0.340625 0.05 0.10208333333333333 
3 0.8930555555555556 0.19895833333333332 0.08888888888888889 0.05625 
3 0.1527777777777778 0.44375 0.21944444444444444 0.175 
3 0.11944444444444445 0.20833333333333334 0.10277777777777777 0.08333333333333333 
3 0.9083333333333333 0.109375 0.044444444444444446 0.027083333333333334 
3 0.08958333333333333 0.15520833333333334 0.07361111111111111 0.05625 
3 0.9638888888888889 0.153125 0.03333333333333333 0.022916666666666665 
3 0.8576388888888888 0.1125 0.05694444444444444 0.025 
3 0.8784722222222222 0.1375 0.06527777777777778 0.041666666666666664 
3 0.7625 0.058333333333333334 0.05 0.025 
3 0.8131944444444444 0.08854166666666667 0.05694444444444444 0.03125 
