3 0.3909722222222222 0.25104166666666666 0.14027777777777778 0.13958333333333334 
1 0.17708333333333334 0.328125 0.04583333333333333 0.11458333333333333 
1 0.19930555555555557 0.2635416666666667 0.03194444444444444 0.05625 
1 0.3819444444444444 0.17291666666666666 0.05277777777777778 0.07083333333333333 
1 0.3125 0.21145833333333333 0.03333333333333333 0.10208333333333333 
3 0.17222222222222222 0.26145833333333335 0.15 0.17291666666666666 
1 0.06180555555555556 0.40520833333333334 0.05138888888888889 0.11458333333333333 
5 0.2763888888888889 0.9708333333333333 0.14166666666666666 0.05 
3 0.043055555555555555 0.375 0.08611111111111111 0.1625 
3 0.6861111111111111 0.22708333333333333 0.07222222222222222 0.09166666666666666 
1 0.29305555555555557 0.215625 0.025 0.06875 
1 0.24791666666666667 0.259375 0.04861111111111111 0.09791666666666667 
1 0.10486111111111111 0.36666666666666664 0.0375 0.10833333333333334 
3 0.5118055555555555 0.6770833333333334 0.24305555555555555 0.3541666666666667 
3 0.49444444444444446 0.090625 0.075 0.04791666666666667 
3 0.7083333333333334 0.18333333333333332 0.05555555555555555 0.06666666666666667 
3 0.7229166666666667 0.14375 0.0375 0.041666666666666664 
3 0.4131944444444444 0.12916666666666668 0.09583333333333334 0.08333333333333333 
3 0.6298611111111111 0.3958333333333333 0.14027777777777778 0.17916666666666667 
3 0.5659722222222222 0.07604166666666666 0.05694444444444444 0.04791666666666667 
