3 0.93125 0.39895833333333336 0.0625 0.04791666666666667 
7 0.4847222222222222 0.49270833333333336 0.016666666666666666 0.06458333333333334 
3 0.9229166666666667 0.63125 0.13194444444444445 0.15416666666666667 
3 0.6972222222222222 0.34479166666666666 0.03888888888888889 0.03958333333333333 
3 0.5805555555555556 0.3875 0.12222222222222222 0.03333333333333333 
7 0.44583333333333336 0.5197916666666667 0.022222222222222223 0.07291666666666667 
3 0.8354166666666667 0.5677083333333334 0.14305555555555555 0.13958333333333334 
3 0.5819444444444445 0.41875 0.12777777777777777 0.05 
5 0.4875 0.2677083333333333 0.03333333333333333 0.027083333333333334 
5 0.39652777777777776 0.28229166666666666 0.0375 0.027083333333333334 
3 0.8673611111111111 0.39166666666666666 0.0625 0.05 
3 0.7388888888888889 0.32916666666666666 0.027777777777777776 0.03333333333333333 
3 0.76875 0.521875 0.14027777777777778 0.11875 
3 0.9743055555555555 0.41875 0.04861111111111111 0.075 
3 0.9777777777777777 0.7 0.027777777777777776 0.10416666666666667 
3 0.8333333333333334 0.3614583333333333 0.08333333333333333 0.06458333333333334 
3 0.5902777777777778 0.3302083333333333 0.06944444444444445 0.03958333333333333 
3 0.2625 0.41458333333333336 0.06111111111111111 0.0375 
3 0.1111111111111111 0.44166666666666665 0.019444444444444445 0.03333333333333333 
5 0.2513888888888889 0.32708333333333334 0.05 0.03333333333333333 
5 0.3486111111111111 0.2916666666666667 0.030555555555555555 0.025 
5 0.3013888888888889 0.30833333333333335 0.03888888888888889 0.025 
3 0.5854166666666667 0.46041666666666664 0.08472222222222223 0.06666666666666667 
3 0.6715277777777777 0.484375 0.11527777777777778 0.08541666666666667 
3 0.5319444444444444 0.3375 0.05277777777777778 0.041666666666666664 
4 0.29583333333333334 0.784375 0.05 0.13541666666666666 
