3 0.7888888888888889 0.08229166666666667 0.04722222222222222 0.03125 
3 0.8152777777777778 0.60625 0.26944444444444443 0.25 
3 0.9673611111111111 0.15833333333333333 0.029166666666666667 0.020833333333333332 
3 0.9083333333333333 0.11354166666666667 0.044444444444444446 0.027083333333333334 
3 0.7631944444444444 0.058333333333333334 0.04583333333333333 0.029166666666666667 
3 0.2375 0.042708333333333334 0.03333333333333333 0.022916666666666665 
3 0.15347222222222223 0.4166666666666667 0.21805555555555556 0.15 
3 0.7111111111111111 0.07708333333333334 0.041666666666666664 0.0375 
3 0.725 0.03958333333333333 0.03888888888888889 0.029166666666666667 
3 0.8798611111111111 0.13645833333333332 0.06527777777777778 0.04375 
