3 0.2388888888888889 0.041666666666666664 0.03333333333333333 0.029166666666666667 
3 0.5993055555555555 0.16041666666666668 0.14583333333333334 0.075 
3 0.20555555555555555 0.0875 0.03888888888888889 0.0375 
3 0.7395833333333334 0.2 0.1486111111111111 0.0875 
3 0.9069444444444444 0.10833333333333334 0.041666666666666664 0.029166666666666667 
3 0.7090277777777778 0.37395833333333334 0.23194444444444445 0.16041666666666668 
3 0.0875 0.15104166666666666 0.07777777777777778 0.052083333333333336 
3 0.8756944444444444 0.13645833333333332 0.059722222222222225 0.05625 
3 0.07083333333333333 0.23020833333333332 0.09444444444444444 0.07708333333333334 
3 0.020833333333333332 0.17708333333333334 0.03888888888888889 0.029166666666666667 
3 0.2826388888888889 0.04895833333333333 0.05416666666666667 0.03125 
3 0.8868055555555555 0.565625 0.2013888888888889 0.18958333333333333 
