3 0.64375 0.2625 0.043055555555555555 0.058333333333333334 
3 0.66875 0.21354166666666666 0.05138888888888889 0.03125 
5 0.35 0.9864583333333333 0.125 0.022916666666666665 
7 0.39375 0.4822916666666667 0.034722222222222224 0.13541666666666666 
10 0.21875 0.7552083333333334 0.3458333333333333 0.44375 
7 0.65 0.44583333333333336 0.027777777777777776 0.10416666666666667 
8 0.4777777777777778 0.23958333333333334 0.075 0.041666666666666664 
7 0.45069444444444445 0.4864583333333333 0.03194444444444444 0.09791666666666667 
3 0.45902777777777776 0.8114583333333333 0.19027777777777777 0.3104166666666667 
2 0.8805555555555555 0.31875 0.22777777777777777 0.14166666666666666 
2 0.19236111111111112 0.3177083333333333 0.37083333333333335 0.21875 
9 0.03333333333333333 0.6333333333333333 0.06388888888888888 0.2125 
3 0.7055555555555556 0.24375 0.075 0.025 
7 0.19236111111111112 0.43645833333333334 0.020833333333333332 0.09375 
8 0.6006944444444444 0.19791666666666666 0.034722222222222224 0.03333333333333333 
7 0.04791666666666667 0.5166666666666667 0.03194444444444444 0.075 
7 0.3819444444444444 0.5125 0.022222222222222223 0.1 
3 0.5416666666666666 0.25833333333333336 0.075 0.05 
