8 0.09097222222222222 0.26979166666666665 0.034722222222222224 0.03958333333333333 
3 0.3138888888888889 0.29583333333333334 0.05 0.05416666666666667 
3 0.07291666666666667 0.30416666666666664 0.04027777777777778 0.0375 
3 0.32222222222222224 0.5135416666666667 0.1111111111111111 0.13125 
3 0.6791666666666667 0.2625 0.04722222222222222 0.03333333333333333 
3 0.7513888888888889 0.2916666666666667 0.03888888888888889 0.0375 
3 0.6152777777777778 0.23541666666666666 0.03888888888888889 0.029166666666666667 
5 0.025694444444444443 0.303125 0.043055555555555555 0.07291666666666667 
3 0.46319444444444446 0.23645833333333333 0.02638888888888889 0.01875 
2 0.8784722222222222 0.35104166666666664 0.2152777777777778 0.18541666666666667 
