3 0.8819444444444444 0.11979166666666667 0.04722222222222222 0.052083333333333336 
3 0.6854166666666667 0.128125 0.06805555555555555 0.03958333333333333 
3 0.9194444444444444 0.17604166666666668 0.04722222222222222 0.04791666666666667 
3 0.9076388888888889 0.17916666666666667 0.05694444444444444 0.04583333333333333 
3 0.8493055555555555 0.13333333333333333 0.05416666666666667 0.04583333333333333 
3 0.7458333333333333 0.140625 0.08333333333333333 0.06041666666666667 
10 0.5097222222222222 0.075 0.07222222222222222 0.029166666666666667 
2 0.5166666666666667 0.30520833333333336 0.5666666666666667 0.48541666666666666 
3 0.8819444444444444 0.20416666666666666 0.075 0.09166666666666666 
3 0.8354166666666667 0.21875 0.08472222222222223 0.10416666666666667 
8 0.5701388888888889 0.057291666666666664 0.05694444444444444 0.05625 
3 0.9576388888888889 0.21770833333333334 0.05138888888888889 0.06875 
3 0.725 0.15833333333333333 0.058333333333333334 0.025 
5 0.6715277777777777 0.1 0.06805555555555555 0.0375 
3 0.8951388888888889 0.18854166666666666 0.07361111111111111 0.07291666666666667 
3 0.7965277777777777 0.21354166666666666 0.06527777777777778 0.08125 
3 0.8055555555555556 0.128125 0.07222222222222222 0.05625 
5 0.4625 0.0625 0.075 0.025 
3 0.7854166666666667 0.13229166666666667 0.10694444444444444 0.06875 
10 0.43819444444444444 0.05416666666666667 0.0763888888888889 0.0375 
3 0.8597222222222223 0.209375 0.08333333333333333 0.08958333333333333 
