8 0.8722222222222222 0.25729166666666664 0.027777777777777776 0.04375 
3 0.73125 0.29375 0.04583333333333333 0.05 
3 0.3347222222222222 0.8489583333333334 0.3055555555555556 0.29375 
3 0.8701388888888889 0.30416666666666664 0.034722222222222224 0.05416666666666667 
3 0.17430555555555555 0.7427083333333333 0.2263888888888889 0.23125 
3 0.8743055555555556 0.39895833333333336 0.05694444444444444 0.09375 
5 0.9736111111111111 0.33645833333333336 0.027777777777777776 0.06458333333333334 
3 0.225 0.47708333333333336 0.1388888888888889 0.12083333333333333 
3 0.17152777777777778 0.334375 0.07361111111111111 0.052083333333333336 
6 0.03819444444444445 0.7125 0.07083333333333333 0.175 
