3 0.8708333333333333 0.38645833333333335 0.075 0.06458333333333334 
3 0.7326388888888888 0.32916666666666666 0.04027777777777778 0.05 
3 0.58125 0.42083333333333334 0.12083333333333333 0.07083333333333333 
3 0.9722222222222222 0.7020833333333333 0.041666666666666664 0.125 
3 0.5895833333333333 0.32083333333333336 0.07916666666666666 0.04583333333333333 
3 0.10277777777777777 0.8541666666666666 0.2 0.2708333333333333 
3 0.6694444444444444 0.48020833333333335 0.125 0.09791666666666667 
3 0.6965277777777777 0.3416666666666667 0.04861111111111111 0.04583333333333333 
3 0.9270833333333334 0.39895833333333336 0.05694444444444444 0.052083333333333336 
3 0.9680555555555556 0.42083333333333334 0.05 0.08333333333333333 
5 0.3013888888888889 0.965625 0.1527777777777778 0.06458333333333334 
3 0.5784722222222223 0.37916666666666665 0.09861111111111111 0.029166666666666667 
3 0.36527777777777776 0.7114583333333333 0.13055555555555556 0.21041666666666667 
3 0.4388888888888889 0.43333333333333335 0.06944444444444445 0.075 
3 0.3861111111111111 0.521875 0.10555555555555556 0.11875 
3 0.5819444444444445 0.45416666666666666 0.09166666666666666 0.075 
3 0.9180555555555555 0.6291666666666667 0.14444444444444443 0.17083333333333334 
3 0.8361111111111111 0.5645833333333333 0.14444444444444443 0.14583333333333334 
3 0.7666666666666667 0.5197916666666667 0.14166666666666666 0.13125 
3 0.8340277777777778 0.35833333333333334 0.09305555555555556 0.075 
