3 0.6622807017543859 0.1337719298245614 0.07309941520467836 0.04824561403508772 
3 0.21052631578947367 0.4342105263157895 0.17543859649122806 0.14912280701754385 
10 0.8567251461988304 0.19517543859649122 0.06432748538011696 0.06578947368421052 
3 0.9473684210526315 0.24780701754385964 0.07602339181286549 0.04824561403508772 
8 0.29239766081871343 0.12719298245614036 0.07017543859649122 0.043859649122807015 
3 0.5350877192982456 0.13596491228070176 0.08187134502923976 0.043859649122807015 
3 0.8304093567251462 0.29605263157894735 0.14619883040935672 0.11842105263157894 
3 0.8128654970760234 0.17543859649122806 0.04678362573099415 0.03508771929824561 
3 0.6637426900584795 0.31359649122807015 0.16374269005847952 0.12719298245614036 
3 0.7046783625730995 0.17543859649122806 0.09941520467836257 0.043859649122807015 
