3 0.9118055555555555 0.11458333333333333 0.04583333333333333 0.0375 
3 0.7104166666666667 0.07708333333333334 0.043055555555555555 0.041666666666666664 
5 0.3548611111111111 0.03333333333333333 0.0375 0.020833333333333332 
3 0.7548611111111111 0.17604166666666668 0.11527777777777778 0.05625 
5 0.9694444444444444 0.16041666666666668 0.03333333333333333 0.029166666666666667 
8 0.2375 0.042708333333333334 0.027777777777777776 0.022916666666666665 
3 0.20694444444444443 0.0875 0.03888888888888889 0.029166666666666667 
3 0.8770833333333333 0.13645833333333332 0.06527777777777778 0.052083333333333336 
3 0.7888888888888889 0.08125 0.05277777777777778 0.029166666666666667 
3 0.7652777777777777 0.06041666666666667 0.04722222222222222 0.025 
3 0.8756944444444444 0.5979166666666667 0.21805555555555556 0.22083333333333333 
