3 0.625 0.35104166666666664 0.06944444444444445 0.052083333333333336 
3 0.8243055555555555 0.4895833333333333 0.06805555555555555 0.05416666666666667 
3 0.24305555555555555 0.1625 0.08055555555555556 0.058333333333333334 
3 0.21805555555555556 0.465625 0.2833333333333333 0.23125 
3 0.44027777777777777 0.46458333333333335 0.22777777777777777 0.19583333333333333 
3 0.10416666666666667 0.115625 0.06388888888888888 0.03958333333333333 
8 0.8770833333333333 0.7875 0.23472222222222222 0.2375 
3 0.8756944444444444 0.515625 0.034722222222222224 0.04375 
3 0.22916666666666666 0.6635416666666667 0.45555555555555555 0.50625 
3 0.47291666666666665 0.275 0.0875 0.05416666666666667 
3 0.9375 0.5697916666666667 0.058333333333333334 0.06041666666666667 
3 0.4326388888888889 0.234375 0.10138888888888889 0.05625 
3 0.7756944444444445 0.44479166666666664 0.07083333333333333 0.04791666666666667 
