3 0.7618055555555555 0.3385416666666667 0.05694444444444444 0.052083333333333336 
3 0.6736111111111112 0.471875 0.12222222222222222 0.10625 
3 0.9659722222222222 0.4166666666666667 0.04861111111111111 0.07916666666666666 
3 0.9368055555555556 0.4 0.06805555555555555 0.07083333333333333 
3 0.8048611111111111 0.35520833333333335 0.043055555555555555 0.04375 
3 0.9583333333333334 0.6885416666666667 0.075 0.16875 
3 0.8097222222222222 0.559375 0.15 0.15625 
3 0.5993055555555555 0.31979166666666664 0.07083333333333333 0.04791666666666667 
4 0.3763888888888889 0.4708333333333333 0.041666666666666664 0.06666666666666667 
3 0.4666666666666667 0.353125 0.03888888888888889 0.03958333333333333 
3 0.8395833333333333 0.365625 0.06805555555555555 0.06875 
3 0.7270833333333333 0.5229166666666667 0.1486111111111111 0.11666666666666667 
3 0.9013888888888889 0.6135416666666667 0.1638888888888889 0.17291666666666666 
3 0.8909722222222223 0.38229166666666664 0.05694444444444444 0.06458333333333334 
3 0.5909722222222222 0.425 0.12083333333333333 0.0625 
3 0.6888888888888889 0.3302083333333333 0.05555555555555555 0.04375 
3 0.5833333333333334 0.4708333333333333 0.15 0.1 
