3 0.8375 0.23125 0.075 0.10416666666666667 
3 0.9131944444444444 0.19166666666666668 0.04583333333333333 0.06666666666666667 
3 0.4527777777777778 0.09270833333333334 0.09722222222222222 0.06875 
3 0.6847222222222222 0.184375 0.11388888888888889 0.08541666666666667 
3 0.7743055555555556 0.23541666666666666 0.10416666666666667 0.09583333333333334 
10 0.4951388888888889 0.11354166666666667 0.1125 0.08541666666666667 
3 0.9152777777777777 0.18645833333333334 0.06666666666666667 0.06458333333333334 
3 0.8895833333333333 0.20416666666666666 0.07083333333333333 0.08333333333333333 
2 0.5854166666666667 0.6 0.8152777777777778 0.7958333333333333 
3 0.8631944444444445 0.21770833333333334 0.06805555555555555 0.09375 
10 0.4215277777777778 0.08229166666666667 0.1125 0.07708333333333334 
3 0.5645833333333333 0.13020833333333334 0.07083333333333333 0.07291666666666667 
