3 0.9277777777777778 0.5625 0.058333333333333334 0.05416666666666667 
3 0.34791666666666665 0.55 0.3263888888888889 0.32083333333333336 
3 0.5319444444444444 0.2989583333333333 0.08055555555555556 0.06458333333333334 
3 0.8604166666666667 0.5041666666666667 0.05694444444444444 0.05416666666666667 
3 0.69375 0.39375 0.08194444444444444 0.06666666666666667 
3 0.3458333333333333 0.20104166666666667 0.08055555555555556 0.06041666666666667 
3 0.11180555555555556 0.10833333333333334 0.04583333333333333 0.029166666666666667 
3 0.80625 0.475 0.06805555555555555 0.07083333333333333 
3 0.4236111111111111 0.24791666666666667 0.08611111111111111 0.0625 
3 0.23680555555555555 0.15625 0.08472222222222223 0.05 
