3 0.45208333333333334 0.4427083333333333 0.14583333333333334 0.13541666666666666 
3 0.2861111111111111 0.28229166666666666 0.044444444444444446 0.027083333333333334 
3 0.4305555555555556 0.34791666666666665 0.09444444444444444 0.07083333333333333 
3 0.86875 0.3375 0.05416666666666667 0.07916666666666666 
0 0.5784722222222223 0.23229166666666667 0.13472222222222222 0.12708333333333333 
3 0.775 0.23958333333333334 0.027777777777777776 0.029166666666666667 
8 0.7020833333333333 0.25833333333333336 0.04861111111111111 0.04583333333333333 
3 0.8715277777777778 0.5697916666666667 0.0875 0.16875 
3 0.2125 0.50625 0.14444444444444443 0.13333333333333333 
3 0.6173611111111111 0.44895833333333335 0.11805555555555555 0.12708333333333333 
6 0.020833333333333332 0.546875 0.041666666666666664 0.13958333333333334 
3 0.8722222222222222 0.42083333333333334 0.06111111111111111 0.09166666666666666 
8 0.37777777777777777 0.3302083333333333 0.08333333333333333 0.06458333333333334 
3 0.6722222222222223 0.21354166666666666 0.025 0.027083333333333334 
