7 0.8861111111111111 0.5895833333333333 0.027777777777777776 0.11666666666666667 
3 0.5013888888888889 0.271875 0.08611111111111111 0.06458333333333334 
9 0.03263888888888889 0.6052083333333333 0.06527777777777778 0.15625 
3 0.8173611111111111 0.25833333333333336 0.07361111111111111 0.041666666666666664 
7 0.4125 0.44166666666666665 0.019444444444444445 0.10833333333333334 
7 0.04513888888888889 0.4708333333333333 0.029166666666666667 0.075 
3 0.21458333333333332 0.8322916666666667 0.24861111111111112 0.3229166666666667 
3 0.45902777777777776 0.8104166666666667 0.19305555555555556 0.3 
10 0.9347222222222222 0.2708333333333333 0.07777777777777778 0.05 
3 0.07152777777777777 0.7739583333333333 0.14027777777777778 0.29375 
7 0.8798611111111111 0.55 0.04583333333333333 0.1 
3 0.22361111111111112 0.3260416666666667 0.12222222222222222 0.06458333333333334 
2 0.2326388888888889 0.234375 0.22083333333333333 0.11875 
7 0.9611111111111111 0.453125 0.019444444444444445 0.08125 
3 0.7236111111111111 0.23229166666666667 0.05277777777777778 0.035416666666666666 
3 0.41180555555555554 0.2989583333333333 0.11805555555555555 0.07708333333333334 
7 0.01597222222222222 0.490625 0.02638888888888889 0.06875 
7 0.4270833333333333 0.48020833333333335 0.029166666666666667 0.12291666666666666 
7 0.8993055555555556 0.4114583333333333 0.02361111111111111 0.09791666666666667 
3 0.6243055555555556 0.325 0.12638888888888888 0.0875 
3 0.03611111111111111 0.3625 0.06111111111111111 0.07083333333333333 
3 0.6479166666666667 0.246875 0.07916666666666666 0.05625 
