3 0.9326388888888889 0.39895833333333336 0.0625 0.06875 
3 0.5861111111111111 0.42604166666666665 0.11388888888888889 0.05625 
3 0.2791666666666667 0.821875 0.14722222222222223 0.24375 
3 0.9680555555555556 0.4239583333333333 0.04722222222222222 0.08125 
3 0.5986111111111111 0.32395833333333335 0.06944444444444445 0.03958333333333333 
3 0.9590277777777778 0.696875 0.06805555555555555 0.15625 
3 0.6875 0.33229166666666665 0.06666666666666667 0.052083333333333336 
7 0.2375 0.43645833333333334 0.019444444444444445 0.06041666666666667 
3 0.8138888888888889 0.33958333333333335 0.05 0.025 
3 0.9 0.621875 0.175 0.17708333333333334 
3 0.8951388888888889 0.38333333333333336 0.07361111111111111 0.05 
3 0.11597222222222223 0.43125 0.034722222222222224 0.0375 
3 0.8125 0.5489583333333333 0.1527777777777778 0.16875 
3 0.73125 0.5239583333333333 0.15138888888888888 0.11875 
3 0.8486111111111111 0.37083333333333335 0.1 0.07083333333333333 
3 0.6819444444444445 0.46875 0.125 0.07916666666666666 
7 0.2847222222222222 0.42916666666666664 0.005555555555555556 0.0375 
7 0.2701388888888889 0.44166666666666665 0.0125 0.04583333333333333 
3 0.5854166666666667 0.47291666666666665 0.14305555555555555 0.07916666666666666 
3 0.06875 0.44479166666666664 0.029166666666666667 0.03958333333333333 
3 0.5194444444444445 0.33645833333333336 0.03888888888888889 0.035416666666666666 
7 0.5083333333333333 0.7989583333333333 0.05555555555555555 0.13958333333333334 
3 0.7618055555555555 0.33541666666666664 0.05416666666666667 0.04583333333333333 
