3 0.16597222222222222 0.19479166666666667 0.14305555555555555 0.10625 
3 0.9104166666666667 0.115625 0.04861111111111111 0.03958333333333333 
3 0.7659722222222223 0.06041666666666667 0.059722222222222225 0.025 
3 0.7909722222222222 0.07916666666666666 0.059722222222222225 0.03333333333333333 
3 0.7861111111111111 0.3854166666666667 0.2111111111111111 0.15416666666666667 
3 0.9694444444444444 0.16145833333333334 0.03611111111111111 0.027083333333333334 
3 0.8756944444444444 0.13958333333333334 0.06527777777777778 0.05 
3 0.13472222222222222 0.63125 0.26944444444444443 0.22083333333333333 
3 0.21180555555555555 0.09375 0.04861111111111111 0.041666666666666664 
3 0.034027777777777775 0.17916666666666667 0.06805555555555555 0.07083333333333333 
