3 0.2375 0.06666666666666667 0.03611111111111111 0.03333333333333333 
3 0.46041666666666664 0.18229166666666666 0.12638888888888888 0.08125 
3 0.23680555555555555 0.040625 0.02361111111111111 0.022916666666666665 
3 0.7597222222222222 0.05416666666666667 0.04722222222222222 0.020833333333333332 
3 0.8763888888888889 0.13333333333333333 0.06388888888888888 0.05 
3 0.9097222222222222 0.11041666666666666 0.04722222222222222 0.029166666666666667 
3 0.7888888888888889 0.07604166666666666 0.04722222222222222 0.03958333333333333 
3 0.96875 0.15833333333333333 0.04027777777777778 0.03333333333333333 
3 0.021527777777777778 0.18020833333333333 0.04027777777777778 0.03958333333333333 
3 0.08680555555555555 0.14791666666666667 0.07083333333333333 0.05416666666666667 
3 0.7916666666666666 0.43020833333333336 0.2361111111111111 0.16875 
