0 0.9222222222222223 0.22604166666666667 0.12777777777777777 0.06041666666666667 
3 0.8694444444444445 0.30416666666666664 0.03333333333333333 0.05416666666666667 
8 0.46041666666666664 0.353125 0.10972222222222222 0.10208333333333333 
6 0.17847222222222223 0.6135416666666667 0.3486111111111111 0.36875 
3 0.6993055555555555 0.3489583333333333 0.0625 0.06458333333333334 
3 0.7770833333333333 0.22916666666666666 0.029166666666666667 0.025 
3 0.3402777777777778 0.5802083333333333 0.18055555555555555 0.16875 
3 0.7416666666666667 0.28229166666666666 0.041666666666666664 0.035416666666666666 
3 0.875 0.39895833333333336 0.058333333333333334 0.08541666666666667 
8 0.2965277777777778 0.846875 0.3486111111111111 0.29791666666666666 
3 0.6256944444444444 0.3125 0.06527777777777778 0.04583333333333333 
