8 0.5631944444444444 0.2625 0.06805555555555555 0.058333333333333334 
8 0.04097222222222222 0.428125 0.0763888888888889 0.08541666666666667 
9 0.8895833333333333 0.228125 0.09027777777777778 0.05625 
10 0.8 0.20520833333333333 0.030555555555555555 0.03958333333333333 
8 0.14583333333333334 0.453125 0.175 0.14375 
8 0.7375 0.2760416666666667 0.06111111111111111 0.07708333333333334 
3 0.8708333333333333 0.39791666666666664 0.06388888888888888 0.09583333333333334 
3 0.8708333333333333 0.3 0.03611111111111111 0.058333333333333334 
6 0.9611111111111111 0.246875 0.05277777777777778 0.03958333333333333 
3 0.46458333333333335 0.6927083333333334 0.2125 0.23125 
5 0.1388888888888889 0.6114583333333333 0.275 0.26458333333333334 
