3 0.6923611111111111 0.32708333333333334 0.05416666666666667 0.04583333333333333 
3 0.8423611111111111 0.36354166666666665 0.0763888888888889 0.052083333333333336 
3 0.9375 0.390625 0.06944444444444445 0.07291666666666667 
10 0.075 0.490625 0.05277777777777778 0.08125 
3 0.3451388888888889 0.634375 0.10694444444444444 0.13958333333333334 
3 0.5833333333333334 0.47291666666666665 0.15 0.09166666666666666 
5 0.9583333333333334 0.6927083333333334 0.06388888888888888 0.15625 
3 0.7604166666666666 0.3375 0.05416666666666667 0.0375 
3 0.9006944444444445 0.6145833333333334 0.1625 0.16666666666666666 
3 0.8944444444444445 0.375 0.06111111111111111 0.058333333333333334 
3 0.5909722222222222 0.42604166666666665 0.12361111111111112 0.05625 
3 0.7291666666666666 0.5229166666666667 0.14722222222222223 0.1125 
3 0.6784722222222223 0.4666666666666667 0.11805555555555555 0.09166666666666666 
3 0.6458333333333334 0.3541666666666667 0.06666666666666667 0.04583333333333333 
3 0.8076388888888889 0.5552083333333333 0.14305555555555555 0.14375 
5 0.4909722222222222 0.34791666666666665 0.05416666666666667 0.05 
3 0.5916666666666667 0.31979166666666664 0.05277777777777778 0.04791666666666667 
3 0.9673611111111111 0.409375 0.04583333333333333 0.07708333333333334 
3 0.8125 0.346875 0.05277777777777778 0.035416666666666666 
