3 0.9090277777777778 0.11145833333333334 0.04583333333333333 0.027083333333333334 
3 0.4215277777777778 0.16145833333333334 0.13472222222222222 0.08125 
3 0.8493055555555555 0.11666666666666667 0.0375 0.029166666666666667 
3 0.9430555555555555 0.13541666666666666 0.030555555555555555 0.025 
3 0.08819444444444445 0.15729166666666666 0.07916666666666666 0.04375 
3 0.9006944444444445 0.24375 0.09861111111111111 0.07083333333333333 
3 0.7840277777777778 0.075 0.04027777777777778 0.025 
3 0.8888888888888888 0.5791666666666667 0.18888888888888888 0.19166666666666668 
3 0.8777777777777778 0.13854166666666667 0.06111111111111111 0.03958333333333333 
3 0.8125 0.08958333333333333 0.05555555555555555 0.03333333333333333 
3 0.1625 0.15208333333333332 0.07777777777777778 0.06666666666666667 
3 0.9659722222222222 0.16145833333333334 0.034722222222222224 0.01875 
5 0.23819444444444443 0.041666666666666664 0.029166666666666667 0.020833333333333332 
