3 0.96875 0.41354166666666664 0.05416666666666667 0.07291666666666667 
3 0.8458333333333333 0.3625 0.07777777777777778 0.0625 
3 0.6013888888888889 0.321875 0.06944444444444445 0.04375 
3 0.9361111111111111 0.39791666666666664 0.06388888888888888 0.058333333333333334 
3 0.8993055555555556 0.6125 0.16527777777777777 0.16666666666666666 
3 0.8958333333333334 0.38125 0.06388888888888888 0.04583333333333333 
10 0.29305555555555557 0.778125 0.18055555555555555 0.27291666666666664 
3 0.9576388888888889 0.6864583333333333 0.06805555555555555 0.15625 
3 0.5833333333333334 0.471875 0.1388888888888889 0.08125 
3 0.8090277777777778 0.5552083333333333 0.14305555555555555 0.14375 
3 0.6895833333333333 0.3302083333333333 0.059722222222222225 0.04375 
3 0.6791666666666667 0.471875 0.1111111111111111 0.10625 
3 0.7256944444444444 0.51875 0.14583333333333334 0.1125 
