3 0.24444444444444444 0.7052083333333333 0.21666666666666667 0.21458333333333332 
3 0.7270833333333333 0.23645833333333333 0.02638888888888889 0.035416666666666666 
8 0.30833333333333335 0.8354166666666667 0.35555555555555557 0.32083333333333336 
6 0.07083333333333333 0.6635416666666667 0.1361111111111111 0.2604166666666667 
8 0.04097222222222222 0.4239583333333333 0.0763888888888889 0.06458333333333334 
3 0.6631944444444444 0.40625 0.08472222222222223 0.08333333333333333 
3 0.9652777777777778 0.25416666666666665 0.03888888888888889 0.029166666666666667 
3 0.5590277777777778 0.2635416666666667 0.0625 0.05625 
3 0.8763888888888889 0.39895833333333336 0.058333333333333334 0.09375 
8 0.6222222222222222 0.31979166666666664 0.07777777777777778 0.06875 
3 0.8694444444444445 0.30104166666666665 0.03888888888888889 0.052083333333333336 
