3 0.5097222222222222 0.2625 0.11388888888888889 0.08333333333333333 
5 0.06875 0.771875 0.1375 0.19375 
3 0.4930555555555556 0.20833333333333334 0.07777777777777778 0.05 
3 0.8673611111111111 0.375 0.1375 0.1125 
2 0.5319444444444444 0.5260416666666666 0.5194444444444445 0.5979166666666667 
10 0.5881944444444445 0.23541666666666666 0.10972222222222222 0.07916666666666666 
3 0.9111111111111111 0.5270833333333333 0.16944444444444445 0.19166666666666668 
3 0.3784722222222222 0.19895833333333332 0.059722222222222225 0.06041666666666667 
3 0.6604166666666667 0.3458333333333333 0.17916666666666667 0.11666666666666667 
5 0.05625 0.5239583333333333 0.10972222222222222 0.13541666666666666 
