3 0.6527777777777778 0.3770833333333333 0.08333333333333333 0.05416666666666667 
3 0.5388888888888889 0.315625 0.075 0.04375 
3 0.5013888888888889 0.275 0.058333333333333334 0.020833333333333332 
3 0.19583333333333333 0.15 0.07222222222222222 0.03333333333333333 
10 0.3416666666666667 0.20208333333333334 0.09722222222222222 0.058333333333333334 
8 0.3451388888888889 0.5239583333333333 0.3875 0.32708333333333334 
8 0.7743055555555556 0.446875 0.09305555555555556 0.07708333333333334 
8 0.24305555555555555 0.14895833333333333 0.030555555555555555 0.03125 
3 0.9694444444444444 0.5927083333333333 0.044444444444444446 0.052083333333333336 
3 0.9055555555555556 0.5395833333333333 0.07222222222222222 0.05416666666666667 
