3 0.9326388888888889 0.4 0.059722222222222225 0.041666666666666664 
3 0.26458333333333334 0.421875 0.07916666666666666 0.04791666666666667 
3 0.8347222222222223 0.36041666666666666 0.1 0.0625 
3 0.8333333333333334 0.56875 0.1527777777777778 0.15 
3 0.7305555555555555 0.3302083333333333 0.03333333333333333 0.027083333333333334 
3 0.5791666666666667 0.3875 0.1111111111111111 0.03333333333333333 
3 0.9715277777777778 0.409375 0.04027777777777778 0.05625 
5 0.9541666666666667 0.48854166666666665 0.08055555555555556 0.10208333333333333 
3 0.6972222222222222 0.34791666666666665 0.03333333333333333 0.05416666666666667 
3 0.9236111111111112 0.6322916666666667 0.14444444444444443 0.16041666666666668 
5 0.9715277777777778 0.6927083333333334 0.05138888888888889 0.13541666666666666 
3 0.7666666666666667 0.525 0.14166666666666666 0.12916666666666668 
3 0.33402777777777776 0.628125 0.1486111111111111 0.19791666666666666 
3 0.5847222222222223 0.421875 0.11944444444444445 0.04375 
3 0.8715277777777778 0.3875 0.07083333333333333 0.07083333333333333 
3 0.6701388888888888 0.4895833333333333 0.12916666666666668 0.09166666666666666 
3 0.5819444444444445 0.46041666666666664 0.09166666666666666 0.0625 
3 0.5861111111111111 0.3260416666666667 0.075 0.03958333333333333 
