3 0.8958333333333334 0.3802083333333333 0.06111111111111111 0.06458333333333334 
3 0.6875 0.46770833333333334 0.11388888888888889 0.10625 
2 0.5020833333333333 0.3145833333333333 0.2125 0.11666666666666667 
3 0.7270833333333333 0.5208333333333334 0.14305555555555555 0.125 
3 0.8090277777777778 0.340625 0.043055555555555555 0.052083333333333336 
3 0.9013888888888889 0.609375 0.16111111111111112 0.16041666666666668 
3 0.8416666666666667 0.35833333333333334 0.08055555555555556 0.058333333333333334 
3 0.5972222222222222 0.325 0.06111111111111111 0.0375 
3 0.30833333333333335 0.39166666666666666 0.07222222222222222 0.041666666666666664 
3 0.5881944444444445 0.4708333333333333 0.15138888888888888 0.09583333333333334 
3 0.6888888888888889 0.3302083333333333 0.06388888888888888 0.05625 
3 0.9354166666666667 0.39375 0.06805555555555555 0.07083333333333333 
3 0.9611111111111111 0.69375 0.06388888888888888 0.15 
3 0.8090277777777778 0.5583333333333333 0.14583333333333334 0.14583333333333334 
3 0.96875 0.4166666666666667 0.05416666666666667 0.07916666666666666 
3 0.7534722222222222 0.33645833333333336 0.059722222222222225 0.06041666666666667 
10 0.28958333333333336 0.6145833333333334 0.12361111111111112 0.13333333333333333 
