3 0.7652777777777777 0.0625 0.044444444444444446 0.029166666666666667 
3 0.013194444444444444 0.25833333333333336 0.02638888888888889 0.05416666666666667 
3 0.8798611111111111 0.13854166666666667 0.06527777777777778 0.04375 
3 0.7902777777777777 0.078125 0.044444444444444446 0.03125 
3 0.9118055555555555 0.1125 0.043055555555555555 0.020833333333333332 
3 0.975 0.15833333333333333 0.044444444444444446 0.020833333333333332 
3 0.1361111111111111 0.6354166666666666 0.2722222222222222 0.20833333333333334 
3 0.7104166666666667 0.07395833333333333 0.04583333333333333 0.03125 
3 0.2520833333333333 0.20625 0.14583333333333334 0.1 
3 0.21041666666666667 0.08958333333333333 0.04027777777777778 0.03333333333333333 
3 0.7993055555555556 0.19375 0.13472222222222222 0.0875 
