3 0.84375 0.36770833333333336 0.08472222222222223 0.06041666666666667 
3 0.7256944444444444 0.5260416666666666 0.1486111111111111 0.11041666666666666 
3 0.8118055555555556 0.35104166666666664 0.04861111111111111 0.04375 
10 0.2972222222222222 0.48125 0.09722222222222222 0.10833333333333334 
3 0.5902777777777778 0.428125 0.11388888888888889 0.052083333333333336 
3 0.9666666666666667 0.42083333333333334 0.05 0.075 
9 0.41597222222222224 0.40625 0.09861111111111111 0.16666666666666666 
3 0.6770833333333334 0.471875 0.11805555555555555 0.09791666666666667 
3 0.9326388888888889 0.4125 0.05138888888888889 0.05 
3 0.5881944444444445 0.32083333333333336 0.04861111111111111 0.041666666666666664 
3 0.3388888888888889 0.6052083333333333 0.10555555555555556 0.13125 
3 0.9659722222222222 0.33229166666666665 0.05694444444444444 0.04375 
10 0.12569444444444444 0.8229166666666666 0.16527777777777777 0.22083333333333333 
5 0.95625 0.6979166666666666 0.07361111111111111 0.17083333333333334 
3 0.8972222222222223 0.6177083333333333 0.17222222222222222 0.17291666666666666 
3 0.5798611111111112 0.46979166666666666 0.14027777777777778 0.08125 
3 0.48819444444444443 0.365625 0.05138888888888889 0.04791666666666667 
3 0.8944444444444445 0.3802083333333333 0.06666666666666667 0.06875 
3 0.7618055555555555 0.340625 0.05694444444444444 0.04791666666666667 
5 0.08472222222222223 0.46458333333333335 0.03333333333333333 0.05 
3 0.6895833333333333 0.33229166666666665 0.05694444444444444 0.04375 
3 0.8076388888888889 0.5625 0.14583333333333334 0.15 
