3 0.7805555555555556 0.075 0.03888888888888889 0.029166666666666667 
3 0.9090277777777778 0.109375 0.04583333333333333 0.03125 
3 0.9645833333333333 0.16041666666666668 0.043055555555555555 0.029166666666666667 
3 0.0875 0.16041666666666668 0.075 0.058333333333333334 
3 0.23958333333333334 0.04895833333333333 0.03194444444444444 0.027083333333333334 
3 0.7604166666666666 0.058333333333333334 0.04027777777777778 0.03333333333333333 
3 0.8173611111111111 0.08541666666666667 0.07083333333333333 0.041666666666666664 
3 0.8479166666666667 0.115625 0.04027777777777778 0.03125 
3 0.9430555555555555 0.13229166666666667 0.03888888888888889 0.027083333333333334 
3 0.8791666666666667 0.14270833333333333 0.06388888888888888 0.052083333333333336 
3 0.1451388888888889 0.42916666666666664 0.22361111111111112 0.17916666666666667 
