7 0.7833333333333333 0.15520833333333334 0.013888888888888888 0.03958333333333333 
3 0.6020833333333333 0.19166666666666668 0.07916666666666666 0.07916666666666666 
3 0.6048611111111111 0.065625 0.029166666666666667 0.035416666666666666 
3 0.5131944444444444 0.671875 0.24027777777777778 0.34791666666666665 
3 0.5673611111111111 0.075 0.043055555555555555 0.041666666666666664 
7 0.7909722222222222 0.19166666666666668 0.015277777777777777 0.04583333333333333 
3 0.64375 0.07916666666666666 0.043055555555555555 0.041666666666666664 
3 0.6847222222222222 0.24583333333333332 0.07777777777777778 0.10416666666666667 
5 0.28194444444444444 0.965625 0.14722222222222223 0.06041666666666667 
2 0.3736111111111111 0.2125 0.34444444444444444 0.3 
3 0.7256944444444444 0.15208333333333332 0.04027777777777778 0.05 
7 0.6958333333333333 0.12916666666666668 0.008333333333333333 0.0375 
3 0.63125 0.353125 0.12638888888888888 0.15208333333333332 
3 0.70625 0.184375 0.0625 0.06458333333333334 
3 0.050694444444444445 0.38645833333333335 0.09861111111111111 0.16041666666666668 
3 0.15069444444444444 0.265625 0.10416666666666667 0.17291666666666666 
