5 0.3451388888888889 0.4125 0.02361111111111111 0.05416666666666667 
3 0.9680555555555556 0.33125 0.05 0.05 
3 0.5798611111111112 0.4708333333333333 0.13472222222222222 0.08333333333333333 
3 0.8423611111111111 0.36770833333333336 0.07361111111111111 0.06041666666666667 
3 0.6895833333333333 0.3302083333333333 0.05694444444444444 0.04791666666666667 
3 0.9583333333333334 0.6916666666666667 0.06944444444444445 0.17083333333333334 
3 0.9673611111111111 0.4166666666666667 0.05138888888888889 0.075 
3 0.33541666666666664 0.6208333333333333 0.1125 0.14583333333333334 
3 0.7583333333333333 0.33541666666666664 0.06111111111111111 0.04583333333333333 
3 0.8951388888888889 0.38333333333333336 0.0625 0.04583333333333333 
3 0.8076388888888889 0.35208333333333336 0.04027777777777778 0.05 
3 0.9013888888888889 0.6177083333333333 0.16111111111111112 0.16458333333333333 
3 0.6 0.321875 0.06666666666666667 0.04375 
9 0.41041666666666665 0.409375 0.10694444444444444 0.17708333333333334 
3 0.4909722222222222 0.3625 0.05416666666666667 0.04583333333333333 
3 0.8069444444444445 0.5583333333333333 0.1388888888888889 0.14166666666666666 
3 0.7243055555555555 0.5260416666666666 0.13472222222222222 0.11458333333333333 
3 0.9354166666666667 0.4 0.05694444444444444 0.0625 
3 0.08888888888888889 0.46041666666666664 0.03611111111111111 0.04583333333333333 
3 0.5888888888888889 0.428125 0.1111111111111111 0.04791666666666667 
3 0.6777777777777778 0.4708333333333333 0.1111111111111111 0.1 
