3 0.2986111111111111 0.38333333333333336 0.07777777777777778 0.041666666666666664 
3 0.8173611111111111 0.5645833333333333 0.12916666666666668 0.12083333333333333 
3 0.9534722222222223 0.41354166666666664 0.0625 0.07291666666666667 
3 0.65625 0.4791666666666667 0.10972222222222222 0.09166666666666666 
3 0.79375 0.3572916666666667 0.04583333333333333 0.052083333333333336 
3 0.5916666666666667 0.41458333333333336 0.13055555555555556 0.05 
7 0.10486111111111111 0.440625 0.0125 0.03958333333333333 
3 0.9229166666666667 0.38645833333333335 0.05138888888888889 0.06041666666666667 
3 0.9395833333333333 0.6635416666666667 0.1125 0.18541666666666667 
3 0.7013888888888888 0.346875 0.05 0.035416666666666666 
3 0.8430555555555556 0.365625 0.07222222222222222 0.052083333333333336 
3 0.5798611111111112 0.328125 0.07361111111111111 0.04791666666666667 
3 0.8986111111111111 0.5875 0.15 0.15416666666666667 
3 0.9833333333333333 0.44166666666666665 0.022222222222222223 0.058333333333333334 
3 0.74375 0.5104166666666666 0.15138888888888888 0.1375 
3 0.7541666666666667 0.346875 0.03611111111111111 0.03958333333333333 
3 0.6083333333333333 0.3875 0.06944444444444445 0.025 
3 0.5916666666666667 0.4552083333333333 0.12222222222222222 0.07708333333333334 
3 0.40902777777777777 0.465625 0.09027777777777778 0.08958333333333333 
