3 0.6965277777777777 0.35 0.05138888888888889 0.04583333333333333 
3 0.5916666666666667 0.32916666666666666 0.075 0.041666666666666664 
3 0.8347222222222223 0.5739583333333333 0.1388888888888889 0.13958333333333334 
3 0.9680555555555556 0.428125 0.044444444444444446 0.07708333333333334 
3 0.875 0.39375 0.06944444444444445 0.05416666666666667 
3 0.33402777777777776 0.6416666666666667 0.11805555555555555 0.14583333333333334 
3 0.5263888888888889 0.334375 0.05277777777777778 0.04375 
3 0.6708333333333333 0.48541666666666666 0.12777777777777777 0.09583333333333334 
3 0.5902777777777778 0.46041666666666664 0.09722222222222222 0.07916666666666666 
3 0.7513888888888889 0.525 0.10555555555555556 0.125 
3 0.9194444444444444 0.6354166666666666 0.1388888888888889 0.15833333333333333 
3 0.8381944444444445 0.36666666666666664 0.09583333333333334 0.058333333333333334 
3 0.5756944444444444 0.39479166666666665 0.11527777777777778 0.03958333333333333 
5 0.9708333333333333 0.6958333333333333 0.044444444444444446 0.1625 
3 0.7340277777777777 0.33645833333333336 0.04583333333333333 0.04791666666666667 
3 0.9305555555555556 0.409375 0.06111111111111111 0.04791666666666667 
3 0.5833333333333334 0.421875 0.12777777777777777 0.052083333333333336 
3 0.25833333333333336 0.4125 0.075 0.04583333333333333 
