3 0.9326388888888889 0.4 0.0625 0.05416666666666667 
3 0.73125 0.32916666666666666 0.04861111111111111 0.05416666666666667 
3 0.8722222222222222 0.38958333333333334 0.07777777777777778 0.05416666666666667 
3 0.4097222222222222 0.4625 0.07222222222222222 0.07916666666666666 
5 0.9763888888888889 0.696875 0.041666666666666664 0.13541666666666666 
3 0.96875 0.41770833333333335 0.04861111111111111 0.08125 
3 0.5798611111111112 0.39166666666666666 0.1125 0.041666666666666664 
3 0.8361111111111111 0.5677083333333334 0.14166666666666666 0.14375 
3 0.5868055555555556 0.45625 0.10138888888888889 0.08333333333333333 
3 0.76875 0.521875 0.14027777777777778 0.12291666666666666 
3 0.5868055555555556 0.3260416666666667 0.06527777777777778 0.04791666666666667 
10 0.8395833333333333 0.359375 0.09583333333333334 0.06458333333333334 
3 0.5826388888888889 0.425 0.12638888888888888 0.075 
3 0.6972222222222222 0.346875 0.044444444444444446 0.04791666666666667 
3 0.9215277777777777 0.628125 0.14027777777777778 0.15208333333333332 
3 0.2604166666666667 0.41458333333333336 0.07361111111111111 0.05 
3 0.6715277777777777 0.48125 0.12638888888888888 0.09166666666666666 
