3 0.6861111111111111 0.32916666666666666 0.06388888888888888 0.05 
3 0.7611111111111111 0.340625 0.05277777777777778 0.04791666666666667 
3 0.9326388888888889 0.39895833333333336 0.06805555555555555 0.07708333333333334 
7 0.22847222222222222 0.446875 0.0125 0.03958333333333333 
3 0.6243055555555556 0.37916666666666665 0.05138888888888889 0.041666666666666664 
3 0.5826388888888889 0.4270833333333333 0.10416666666666667 0.0625 
3 0.65625 0.375 0.043055555555555555 0.0375 
3 0.8916666666666667 0.3885416666666667 0.06944444444444445 0.052083333333333336 
3 0.6006944444444444 0.3229166666666667 0.07361111111111111 0.04583333333333333 
3 0.8152777777777778 0.35104166666666664 0.06666666666666667 0.052083333333333336 
3 0.8979166666666667 0.6197916666666666 0.16805555555555557 0.16875 
3 0.8104166666666667 0.5625 0.1486111111111111 0.15 
7 0.2652777777777778 0.43645833333333334 0.013888888888888888 0.04375 
3 0.3013888888888889 0.790625 0.1638888888888889 0.23125 
3 0.7284722222222222 0.528125 0.14583333333333334 0.11041666666666666 
3 0.8479166666666667 0.365625 0.0875 0.06041666666666667 
7 0.2361111111111111 0.446875 0.008333333333333333 0.04375 
3 0.6555555555555556 0.34791666666666665 0.05555555555555555 0.03333333333333333 
3 0.9576388888888889 0.6979166666666666 0.06527777777777778 0.1625 
4 0.13125 0.9041666666666667 0.09305555555555556 0.1875 
7 0.29097222222222224 0.4239583333333333 0.020833333333333332 0.03958333333333333 
3 0.6770833333333334 0.4708333333333333 0.12638888888888888 0.10416666666666667 
3 0.4152777777777778 0.4666666666666667 0.06388888888888888 0.075 
3 0.5833333333333334 0.471875 0.14166666666666666 0.08541666666666667 
3 0.9645833333333333 0.4239583333333333 0.05138888888888889 0.07708333333333334 
