3 0.8111111111111111 0.5572916666666666 0.14444444444444443 0.15208333333333332 
3 0.8979166666666667 0.615625 0.16527777777777777 0.16875 
3 0.5986111111111111 0.3229166666666667 0.06944444444444445 0.04583333333333333 
3 0.9368055555555556 0.3958333333333333 0.06527777777777778 0.07083333333333333 
3 0.5861111111111111 0.43125 0.1111111111111111 0.058333333333333334 
3 0.7590277777777777 0.334375 0.05694444444444444 0.06041666666666667 
3 0.6805555555555556 0.475 0.11666666666666667 0.1 
3 0.8430555555555556 0.3645833333333333 0.07222222222222222 0.06666666666666667 
3 0.69375 0.3333333333333333 0.05416666666666667 0.05 
3 0.5819444444444445 0.4739583333333333 0.14166666666666666 0.08125 
3 0.18055555555555555 0.7864583333333334 0.16111111111111112 0.21041666666666667 
3 0.9340277777777778 0.3177083333333333 0.0625 0.04791666666666667 
3 0.8111111111111111 0.35 0.044444444444444446 0.04583333333333333 
3 0.7277777777777777 0.5260416666666666 0.14444444444444443 0.11875 
7 0.79375 0.41354166666666664 0.015277777777777777 0.08541666666666667 
3 0.9680555555555556 0.41458333333333336 0.05 0.07916666666666666 
3 0.9597222222222223 0.6947916666666667 0.06944444444444445 0.17291666666666666 
3 0.8951388888888889 0.38229166666666664 0.06527777777777778 0.06458333333333334 
9 0.3 0.3729166666666667 0.10555555555555556 0.0875 
