3 0.5368055555555555 0.2520833333333333 0.07916666666666666 0.058333333333333334 
3 0.36736111111111114 0.32395833333333335 0.12361111111111112 0.10208333333333333 
3 0.6076388888888888 0.3416666666666667 0.0875 0.09583333333333334 
3 0.17291666666666666 0.4666666666666667 0.20694444444444443 0.17916666666666667 
3 0.32916666666666666 0.359375 0.1527777777777778 0.12291666666666666 
3 0.5694444444444444 0.23020833333333332 0.030555555555555555 0.035416666666666666 
3 0.47708333333333336 0.29375 0.06805555555555555 0.07083333333333333 
3 0.425 0.30416666666666664 0.09444444444444444 0.075 
7 0.24166666666666667 0.31354166666666666 0.025 0.06875 
3 0.6013888888888889 0.2125 0.016666666666666666 0.0375 
3 0.65625 0.4708333333333333 0.13194444444444445 0.15416666666666667 
7 0.2375 0.5875 0.07222222222222222 0.18333333333333332 
3 0.24305555555555555 0.4114583333333333 0.18333333333333332 0.12291666666666666 
3 0.48125 0.2625 0.07083333333333333 0.05 
