3 0.5847222222222223 0.4583333333333333 0.1111111111111111 0.09166666666666666 
3 0.5777777777777777 0.32916666666666666 0.06944444444444445 0.041666666666666664 
3 0.7451388888888889 0.5083333333333333 0.1486111111111111 0.1375 
3 0.9256944444444445 0.3875 0.06805555555555555 0.07083333333333333 
3 0.5854166666666667 0.4197916666666667 0.12361111111111112 0.052083333333333336 
3 0.8430555555555556 0.36354166666666665 0.075 0.05625 
3 0.8166666666666667 0.5583333333333333 0.13055555555555556 0.10833333333333334 
3 0.6993055555555555 0.3458333333333333 0.05694444444444444 0.0375 
3 0.7979166666666667 0.35625 0.04027777777777778 0.041666666666666664 
3 0.6631944444444444 0.48541666666666666 0.12638888888888888 0.09166666666666666 
3 0.9409722222222222 0.653125 0.10138888888888889 0.17291666666666666 
3 0.40347222222222223 0.4583333333333333 0.07361111111111111 0.075 
3 0.8986111111111111 0.5885416666666666 0.14444444444444443 0.16041666666666668 
