3 0.04027777777777778 0.575 0.07222222222222222 0.0875 
3 0.21458333333333332 0.6864583333333333 0.19583333333333333 0.21458333333333332 
3 0.8604166666666667 0.3375 0.05138888888888889 0.075 
3 0.69375 0.253125 0.0375 0.035416666666666666 
3 0.7541666666666667 0.2604166666666667 0.03611111111111111 0.03333333333333333 
3 0.24583333333333332 0.475 0.13055555555555556 0.12916666666666668 
3 0.8708333333333333 0.4239583333333333 0.058333333333333334 0.09375 
10 0.64375 0.2125 0.0375 0.05 
3 0.6069444444444444 0.246875 0.027777777777777776 0.03125 
3 0.46111111111111114 0.28541666666666665 0.022222222222222223 0.03333333333333333 
3 0.8722222222222222 0.5666666666666667 0.09444444444444444 0.15833333333333333 
3 0.4236111111111111 0.35208333333333336 0.09444444444444444 0.07916666666666666 
8 0.59375 0.4666666666666667 0.1486111111111111 0.16666666666666666 
3 0.4965277777777778 0.296875 0.0625 0.052083333333333336 
