3 0.007638888888888889 0.4 0.015277777777777777 0.1125 
3 0.24791666666666667 0.03229166666666667 0.059722222222222225 0.05625 
3 0.17777777777777778 0.10729166666666666 0.075 0.09375 
3 0.3076388888888889 0.052083333333333336 0.059722222222222225 0.041666666666666664 
3 0.8118055555555556 0.16041666666666668 0.07083333333333333 0.05416666666666667 
5 0.016666666666666666 0.259375 0.03333333333333333 0.03958333333333333 
8 0.37777777777777777 0.06875 0.10555555555555556 0.075 
3 0.7951388888888888 0.11770833333333333 0.09861111111111111 0.06041666666666667 
3 0.9208333333333333 0.27291666666666664 0.07222222222222222 0.09166666666666666 
3 0.12569444444444444 0.084375 0.05694444444444444 0.07291666666666667 
3 0.71875 0.128125 0.08472222222222223 0.06458333333333334 
5 0.01875 0.22395833333333334 0.03194444444444444 0.03958333333333333 
