3 0.2375 0.04479166666666667 0.027777777777777776 0.022916666666666665 
3 0.8486111111111111 0.121875 0.03611111111111111 0.03125 
3 0.9423611111111111 0.13854166666666667 0.0375 0.03958333333333333 
3 0.9659722222222222 0.16145833333333334 0.0375 0.027083333333333334 
3 0.8131944444444444 0.09270833333333334 0.0625 0.035416666666666666 
3 0.08958333333333333 0.15625 0.0763888888888889 0.04583333333333333 
3 0.9152777777777777 0.11458333333333333 0.05277777777777778 0.03333333333333333 
3 0.2791666666666667 0.065625 0.03611111111111111 0.03958333333333333 
3 0.4625 0.3958333333333333 0.2777777777777778 0.1875 
3 0.8784722222222222 0.13854166666666667 0.0625 0.04791666666666667 
3 0.7833333333333333 0.08229166666666667 0.04722222222222222 0.027083333333333334 
