2 0.28055555555555556 0.43333333333333335 0.44166666666666665 0.8166666666666667 
3 0.6173611111111111 0.04791666666666667 0.06805555555555555 0.029166666666666667 
3 0.11875 0.34479166666666666 0.13472222222222222 0.19375 
3 0.6409722222222223 0.030208333333333334 0.0875 0.035416666666666666 
3 0.6409722222222223 0.071875 0.1125 0.04375 
3 0.3423611111111111 0.08541666666666667 0.06527777777777778 0.07083333333333333 
3 0.6201388888888889 0.07604166666666666 0.0625 0.010416666666666666 
3 0.6451388888888889 0.12916666666666668 0.16805555555555557 0.1 
3 0.21666666666666667 0.20729166666666668 0.1 0.13125 
7 0.07708333333333334 0.28020833333333334 0.020833333333333332 0.08958333333333333 
3 0.6756944444444445 0.24270833333333333 0.2013888888888889 0.13125 
