3 0.94375 0.1375 0.034722222222222224 0.025 
3 0.8777777777777778 0.12708333333333333 0.06666666666666667 0.03333333333333333 
3 0.46319444444444446 0.19479166666666667 0.1736111111111111 0.10208333333333333 
3 0.9180555555555555 0.11145833333333334 0.05555555555555555 0.03125 
3 0.9069444444444444 0.153125 0.075 0.04791666666666667 
3 0.9701388888888889 0.15520833333333334 0.0375 0.027083333333333334 
3 0.7909722222222222 0.3854166666666667 0.22361111111111112 0.14583333333333334 
3 0.09097222222222222 0.15833333333333333 0.07361111111111111 0.05 
3 0.8152777777777778 0.0875 0.05555555555555555 0.0375 
3 0.7652777777777777 0.06145833333333333 0.058333333333333334 0.03125 
