3 0.5513888888888889 0.31875 0.030555555555555555 0.03333333333333333 
3 0.6583333333333333 0.41354166666666664 0.06944444444444445 0.07708333333333334 
7 0.3215277777777778 0.5729166666666666 0.02361111111111111 0.08333333333333333 
3 0.8416666666666667 0.6114583333333333 0.1388888888888889 0.16458333333333333 
3 0.8243055555555555 0.365625 0.059722222222222225 0.027083333333333334 
3 0.7881944444444444 0.35625 0.0763888888888889 0.0375 
3 0.9631944444444445 0.35208333333333336 0.029166666666666667 0.029166666666666667 
3 0.9409722222222222 0.3770833333333333 0.0375 0.03333333333333333 
7 0.2 0.7625 0.05 0.17916666666666667 
2 0.7548611111111111 0.8104166666666667 0.4736111111111111 0.375 
3 0.5972222222222222 0.37083333333333335 0.05 0.05416666666666667 
2 0.4951388888888889 0.471875 0.19583333333333333 0.28125 
7 0.33611111111111114 0.60625 0.030555555555555555 0.1125 
3 0.7194444444444444 0.3260416666666667 0.044444444444444446 0.027083333333333334 
