8 0.2604166666666667 0.4739583333333333 0.44305555555555554 0.36875 
10 0.9638888888888889 0.5822916666666667 0.058333333333333334 0.06458333333333334 
3 0.15763888888888888 0.13333333333333333 0.059722222222222225 0.0375 
3 0.5006944444444444 0.28854166666666664 0.07361111111111111 0.05625 
3 0.46041666666666664 0.24479166666666666 0.06805555555555555 0.035416666666666666 
8 0.07013888888888889 0.09583333333333334 0.059722222222222225 0.04583333333333333 
3 0.8520833333333333 0.5072916666666667 0.05694444444444444 0.05625 
3 0.37430555555555556 0.20520833333333333 0.0375 0.04375 
3 0.33611111111111114 0.20416666666666666 0.06388888888888888 0.04583333333333333 
3 0.6194444444444445 0.35 0.06111111111111111 0.05 
6 0.029166666666666667 0.28854166666666664 0.05555555555555555 0.14375 
3 0.7152777777777778 0.4010416666666667 0.05555555555555555 0.04375 
3 0.5798611111111112 0.3125 0.0625 0.025 
3 0.27291666666666664 0.15416666666666667 0.05416666666666667 0.03333333333333333 
3 0.7479166666666667 0.440625 0.05416666666666667 0.03958333333333333 
