3 0.7548611111111111 0.41875 0.04583333333333333 0.03333333333333333 
3 0.06527777777777778 0.09375 0.027777777777777776 0.03333333333333333 
3 0.35347222222222224 0.21041666666666667 0.07361111111111111 0.041666666666666664 
3 0.6013888888888889 0.34270833333333334 0.07222222222222222 0.052083333333333336 
3 0.4847222222222222 0.275 0.08055555555555556 0.058333333333333334 
3 0.30416666666666664 0.5104166666666666 0.30833333333333335 0.3 
3 0.6993055555555555 0.4041666666666667 0.06805555555555555 0.05 
3 0.027083333333333334 0.08958333333333333 0.04027777777777778 0.03333333333333333 
3 0.7854166666666667 0.46041666666666664 0.06527777777777778 0.05416666666666667 
8 0.9215277777777777 0.8072916666666666 0.15416666666666667 0.18125 
3 0.9277777777777778 0.5520833333333334 0.05555555555555555 0.0375 
3 0.33055555555555555 0.184375 0.06388888888888888 0.022916666666666665 
3 0.18819444444444444 0.14375 0.059722222222222225 0.041666666666666664 
3 0.8541666666666666 0.5114583333333333 0.06388888888888888 0.052083333333333336 
3 0.9618055555555556 0.590625 0.04583333333333333 0.04375 
