3 0.5881944444444445 0.41458333333333336 0.1125 0.0375 
7 0.06388888888888888 0.46145833333333336 0.013888888888888888 0.035416666666666666 
3 0.5854166666666667 0.45729166666666665 0.10416666666666667 0.06875 
3 0.6548611111111111 0.48020833333333335 0.11527777777777778 0.09791666666666667 
3 0.5777777777777777 0.3260416666666667 0.05555555555555555 0.04791666666666667 
3 0.9284722222222223 0.3875 0.07361111111111111 0.058333333333333334 
3 0.8458333333333333 0.36354166666666665 0.08888888888888889 0.06041666666666667 
3 0.8166666666666667 0.5583333333333333 0.13055555555555556 0.125 
3 0.8944444444444445 0.5916666666666667 0.14444444444444443 0.15833333333333333 
3 0.4222222222222222 0.43333333333333335 0.08333333333333333 0.09583333333333334 
3 0.7416666666666667 0.50625 0.15833333333333333 0.14583333333333334 
3 0.7041666666666667 0.3489583333333333 0.05555555555555555 0.03125 
3 0.9430555555555555 0.6520833333333333 0.10555555555555556 0.1875 
