3 0.3701388888888889 0.20416666666666666 0.02638888888888889 0.020833333333333332 
5 0.8472222222222222 0.2833333333333333 0.025 0.03333333333333333 
8 0.8388888888888889 0.4270833333333333 0.11944444444444445 0.09166666666666666 
3 0.42986111111111114 0.234375 0.0375 0.035416666666666666 
3 0.7673611111111112 0.5635416666666667 0.18472222222222223 0.17708333333333334 
3 0.5333333333333333 0.3302083333333333 0.08055555555555556 0.06875 
8 0.7673611111111112 0.278125 0.05138888888888889 0.027083333333333334 
3 0.5680555555555555 0.25833333333333336 0.041666666666666664 0.029166666666666667 
7 0.5798611111111112 0.26875 0.015277777777777777 0.025 
8 0.7125 0.28020833333333334 0.06666666666666667 0.035416666666666666 
8 0.8277777777777777 0.36770833333333336 0.08888888888888889 0.06458333333333334 
