5 0.13304093567251463 0.18421052631578946 0.07894736842105263 0.09649122807017543 
3 0.054093567251461985 0.22807017543859648 0.043859649122807015 0.06140350877192982 
10 0.6198830409356725 0.28289473684210525 0.2222222222222222 0.13596491228070176 
3 0.4956140350877193 0.14035087719298245 0.07309941520467836 0.05263157894736842 
3 0.4152046783625731 0.12280701754385964 0.06432748538011696 0.03508771929824561 
8 0.6827485380116959 0.18859649122807018 0.11988304093567251 0.07017543859649122 
3 0.5423976608187134 0.8004385964912281 0.41812865497076024 0.39035087719298245 
3 0.5657894736842105 0.35964912280701755 0.19005847953216373 0.14912280701754385 
3 0.20029239766081872 0.1513157894736842 0.049707602339181284 0.03070175438596491 
8 0.827485380116959 0.25 0.13450292397660818 0.09649122807017543 
