3 0.95625 0.5833333333333334 0.059722222222222225 0.05416666666666667 
3 0.6597222222222222 0.37604166666666666 0.08333333333333333 0.06041666666666667 
8 0.7736111111111111 0.4510416666666667 0.07222222222222222 0.06041666666666667 
3 0.43680555555555556 0.25 0.0763888888888889 0.04583333333333333 
3 0.16458333333333333 0.13541666666666666 0.05694444444444444 0.0375 
3 0.22430555555555556 0.15208333333333332 0.059722222222222225 0.0375 
3 0.8631944444444445 0.5145833333333333 0.059722222222222225 0.058333333333333334 
3 0.90625 0.534375 0.03194444444444444 0.04791666666666667 
3 0.5444444444444444 0.31354166666666666 0.08333333333333333 0.05625 
6 0.09722222222222222 0.090625 0.06388888888888888 0.06041666666666667 
8 0.24513888888888888 0.475 0.30416666666666664 0.26666666666666666 
5 0.9229166666666667 0.8947916666666667 0.14027777777777778 0.20208333333333334 
3 0.28055555555555556 0.17916666666666667 0.07777777777777778 0.05 
8 0.034722222222222224 0.08541666666666667 0.06388888888888888 0.0375 
