7 0.05486111111111111 0.51875 0.04027777777777778 0.09583333333333334 
7 0.13055555555555556 0.4822916666666667 0.027777777777777776 0.07708333333333334 
3 0.46041666666666664 0.809375 0.18472222222222223 0.29791666666666666 
7 0.08125 0.5083333333333333 0.02638888888888889 0.0875 
2 0.22291666666666668 0.24583333333333332 0.2152777777777778 0.09166666666666666 
7 0.9048611111111111 0.5270833333333333 0.04583333333333333 0.1125 
7 0.9291666666666667 0.5520833333333334 0.03333333333333333 0.1 
3 0.2604166666666667 0.8145833333333333 0.24583333333333332 0.31666666666666665 
9 0.034027777777777775 0.621875 0.06527777777777778 0.19375 
7 0.4826388888888889 0.415625 0.02361111111111111 0.08958333333333333 
7 0.3840277777777778 0.528125 0.03194444444444444 0.11875 
