4 0.3423611111111111 0.4427083333333333 0.029166666666666667 0.06875 
3 0.5805555555555556 0.47708333333333336 0.1388888888888889 0.08333333333333333 
3 0.8388888888888889 0.36770833333333336 0.08333333333333333 0.05625 
3 0.7222222222222222 0.528125 0.14166666666666666 0.11041666666666666 
3 0.43125 0.41041666666666665 0.0625 0.0625 
3 0.7604166666666666 0.3416666666666667 0.05416666666666667 0.04583333333333333 
3 0.5263888888888889 0.34270833333333334 0.04722222222222222 0.035416666666666666 
4 0.41458333333333336 0.47291666666666665 0.02638888888888889 0.075 
3 0.6006944444444444 0.325 0.06805555555555555 0.03333333333333333 
3 0.8083333333333333 0.35520833333333335 0.05 0.035416666666666666 
7 0.26180555555555557 0.4427083333333333 0.006944444444444444 0.03125 
7 0.24097222222222223 0.44375 0.009722222222222222 0.04583333333333333 
3 0.9680555555555556 0.41770833333333335 0.05555555555555555 0.08958333333333333 
7 0.25277777777777777 0.440625 0.013888888888888888 0.03958333333333333 
3 0.8083333333333333 0.55625 0.14444444444444443 0.15416666666666667 
3 0.6868055555555556 0.3333333333333333 0.06805555555555555 0.05416666666666667 
3 0.9347222222222222 0.39895833333333336 0.06111111111111111 0.06458333333333334 
3 0.9597222222222223 0.7020833333333333 0.07222222222222222 0.15833333333333333 
3 0.675 0.47291666666666665 0.12222222222222222 0.09583333333333334 
3 0.8979166666666667 0.38229166666666664 0.06805555555555555 0.05625 
7 0.28194444444444444 0.428125 0.011111111111111112 0.04375 
3 0.8986111111111111 0.6197916666666666 0.16111111111111112 0.16458333333333333 
3 0.5805555555555556 0.4270833333333333 0.09444444444444444 0.05 
