8 0.4479166666666667 0.25416666666666665 0.0763888888888889 0.05 
3 0.4326388888888889 0.45 0.22361111111111112 0.19583333333333333 
3 0.2972222222222222 0.47708333333333336 0.33611111111111114 0.30833333333333335 
5 0.03611111111111111 0.31979166666666664 0.06944444444444445 0.16041666666666668 
3 0.83125 0.6572916666666667 0.16527777777777777 0.16875 
3 0.24791666666666667 0.7666666666666667 0.4236111111111111 0.4125 
3 0.9131944444444444 0.8208333333333333 0.15694444444444444 0.15833333333333333 
3 0.7694444444444445 0.440625 0.06388888888888888 0.052083333333333336 
3 0.16805555555555557 0.12916666666666668 0.05 0.0375 
3 0.10625 0.27291666666666664 0.1486111111111111 0.125 
