3 0.8444444444444444 0.36875 0.07777777777777778 0.058333333333333334 
3 0.8201388888888889 0.35104166666666664 0.06805555555555555 0.035416666666666666 
3 0.6930555555555555 0.33125 0.058333333333333334 0.05416666666666667 
3 0.9347222222222222 0.4010416666666667 0.06666666666666667 0.07708333333333334 
3 0.725 0.5291666666666667 0.14166666666666666 0.1125 
3 0.5798611111111112 0.47708333333333336 0.14027777777777778 0.09166666666666666 
3 0.8993055555555556 0.6229166666666667 0.17083333333333334 0.1625 
3 0.6 0.325 0.06944444444444445 0.0375 
3 0.8083333333333333 0.565625 0.14444444444444443 0.14791666666666667 
3 0.5875 0.43125 0.11388888888888889 0.05416666666666667 
3 0.6798611111111111 0.47291666666666665 0.12083333333333333 0.09583333333333334 
3 0.9673611111111111 0.41354166666666664 0.05138888888888889 0.08958333333333333 
3 0.8916666666666667 0.31354166666666666 0.06111111111111111 0.035416666666666666 
3 0.7625 0.340625 0.05555555555555555 0.04791666666666667 
3 0.9680555555555556 0.32916666666666666 0.05277777777777778 0.041666666666666664 
3 0.9583333333333334 0.6885416666666667 0.075 0.16458333333333333 
3 0.3138888888888889 0.596875 0.09722222222222222 0.12291666666666666 
3 0.89375 0.38229166666666664 0.06527777777777778 0.06458333333333334 
