3 0.40347222222222223 0.471875 0.07083333333333333 0.08125 
3 0.6805555555555556 0.46979166666666666 0.11944444444444445 0.10208333333333333 
3 0.9381944444444444 0.39375 0.06805555555555555 0.075 
3 0.8097222222222222 0.559375 0.14444444444444443 0.14375 
3 0.7263888888888889 0.528125 0.14166666666666666 0.11458333333333333 
3 0.5909722222222222 0.43020833333333336 0.1125 0.06041666666666667 
3 0.69375 0.32916666666666666 0.05694444444444444 0.05 
3 0.9013888888888889 0.615625 0.16666666666666666 0.16458333333333333 
3 0.6513888888888889 0.359375 0.06111111111111111 0.035416666666666666 
3 0.5777777777777777 0.46770833333333334 0.14444444444444443 0.10208333333333333 
3 0.8965277777777778 0.375 0.06527777777777778 0.06666666666666667 
3 0.5986111111111111 0.32395833333333335 0.075 0.05625 
3 0.03194444444444444 0.5677083333333334 0.058333333333333334 0.11875 
3 0.9666666666666667 0.41041666666666665 0.05 0.0875 
3 0.8423611111111111 0.365625 0.06805555555555555 0.06875 
3 0.7597222222222222 0.33541666666666664 0.05555555555555555 0.05 
5 0.9597222222222223 0.6791666666666667 0.06666666666666667 0.16666666666666666 
3 0.51875 0.32916666666666666 0.0625 0.05 
