5 0.425 0.016666666666666666 0.044444444444444446 0.03333333333333333 
3 0.6395833333333333 0.05520833333333333 0.10694444444444444 0.04791666666666667 
3 0.7180555555555556 0.440625 0.32222222222222224 0.20208333333333334 
3 0.6826388888888889 0.2833333333333333 0.24861111111111112 0.1375 
3 0.6506944444444445 0.10104166666666667 0.10972222222222222 0.07291666666666667 
3 0.37916666666666665 0.04479166666666667 0.041666666666666664 0.052083333333333336 
3 0.675 0.19479166666666667 0.19444444444444445 0.08958333333333333 
2 0.16180555555555556 0.5854166666666667 0.3236111111111111 0.825 
3 0.4638888888888889 0.022916666666666665 0.03888888888888889 0.03333333333333333 
3 0.2111111111111111 0.16666666666666666 0.06111111111111111 0.041666666666666664 
3 0.6729166666666667 0.14895833333333333 0.16527777777777777 0.06458333333333334 
3 0.3298611111111111 0.07708333333333334 0.07916666666666666 0.0875 
