8 0.19444444444444445 0.14583333333333334 0.075 0.0375 
3 0.019444444444444445 0.084375 0.03333333333333333 0.035416666666666666 
3 0.3645833333333333 0.5208333333333334 0.30972222222222223 0.3 
10 0.42083333333333334 0.23958333333333334 0.09722222222222222 0.075 
3 0.5423611111111111 0.315625 0.08472222222222223 0.052083333333333336 
5 0.04236111111111111 0.22291666666666668 0.08194444444444444 0.12916666666666668 
3 0.7055555555555556 0.41041666666666665 0.08333333333333333 0.06666666666666667 
3 0.1 0.11666666666666667 0.05 0.03333333333333333 
3 0.9520833333333333 0.5760416666666667 0.07361111111111111 0.07291666666666667 
3 0.2965277777777778 0.19270833333333334 0.07083333333333333 0.04375 
8 0.7944444444444444 0.45625 0.075 0.0625 
8 0.5013888888888889 0.26979166666666665 0.075 0.04791666666666667 
