3 0.1388888888888889 0.4708333333333333 0.1388888888888889 0.17083333333333334 
3 0.5791666666666667 0.21354166666666666 0.03888888888888889 0.03125 
3 0.2708333333333333 0.328125 0.075 0.05625 
3 0.6409722222222223 0.18645833333333334 0.03194444444444444 0.027083333333333334 
3 0.5194444444444445 0.22395833333333334 0.07222222222222222 0.027083333333333334 
3 0.09305555555555556 0.5645833333333333 0.175 0.22083333333333333 
2 0.3854166666666667 0.4864583333333333 0.37083333333333335 0.5020833333333333 
3 0.6590277777777778 0.471875 0.12638888888888888 0.15208333333333332 
3 0.3798611111111111 0.2635416666666667 0.08472222222222223 0.035416666666666666 
3 0.2013888888888889 0.371875 0.075 0.06041666666666667 
3 0.5743055555555555 0.22604166666666667 0.0763888888888889 0.04375 
