5 0.94375 0.65 0.09583333333333334 0.17916666666666667 
3 0.5902777777777778 0.45625 0.1111111111111111 0.08333333333333333 
3 0.9270833333333334 0.3885416666666667 0.06805555555555555 0.06041666666666667 
3 0.8458333333333333 0.36666666666666664 0.08333333333333333 0.05416666666666667 
3 0.5909722222222222 0.41770833333333335 0.12083333333333333 0.04791666666666667 
7 0.10625 0.4479166666666667 0.0125 0.025 
3 0.6631944444444444 0.4822916666666667 0.13194444444444445 0.08541666666666667 
3 0.8222222222222222 0.5677083333333334 0.14166666666666666 0.12708333333333333 
3 0.5854166666666667 0.33125 0.0763888888888889 0.05416666666666667 
3 0.7055555555555556 0.34270833333333334 0.06388888888888888 0.052083333333333336 
3 0.2659722222222222 0.8375 0.2152777777777778 0.3125 
4 0.6479166666666667 0.37604166666666666 0.05416666666666667 0.035416666666666666 
3 0.5993055555555555 0.38229166666666664 0.06805555555555555 0.027083333333333334 
3 0.7423611111111111 0.503125 0.1486111111111111 0.12708333333333333 
