3 0.7229166666666667 0.528125 0.1486111111111111 0.11458333333333333 
3 0.5215277777777778 0.33541666666666664 0.04027777777777778 0.04583333333333333 
3 0.5888888888888889 0.32395833333333335 0.044444444444444446 0.04375 
3 0.8090277777777778 0.559375 0.14583333333333334 0.14791666666666667 
3 0.8486111111111111 0.365625 0.08611111111111111 0.05625 
3 0.7618055555555555 0.340625 0.05138888888888889 0.052083333333333336 
3 0.89375 0.3854166666666667 0.07083333333333333 0.06666666666666667 
3 0.8069444444444445 0.35 0.05277777777777778 0.041666666666666664 
9 0.5666666666666667 0.259375 0.044444444444444446 0.05625 
10 0.42916666666666664 0.4041666666666667 0.08055555555555556 0.09583333333333334 
3 0.9340277777777778 0.396875 0.07361111111111111 0.07291666666666667 
3 0.9680555555555556 0.4166666666666667 0.058333333333333334 0.08333333333333333 
3 0.9666666666666667 0.334375 0.05555555555555555 0.04791666666666667 
3 0.6826388888888889 0.328125 0.0625 0.04791666666666667 
3 0.5833333333333334 0.43125 0.1 0.06666666666666667 
3 0.6791666666666667 0.48125 0.125 0.09166666666666666 
3 0.9569444444444445 0.6864583333333333 0.075 0.18125 
3 0.5847222222222223 0.471875 0.15 0.08541666666666667 
3 0.8965277777777778 0.6177083333333333 0.1736111111111111 0.17291666666666666 
3 0.3645833333333333 0.60625 0.10972222222222222 0.14583333333333334 
