3 0.5881944444444445 0.43020833333333336 0.10694444444444444 0.052083333333333336 
3 0.8958333333333334 0.378125 0.06388888888888888 0.06041666666666667 
3 0.7277777777777777 0.5197916666666667 0.1361111111111111 0.11458333333333333 
3 0.9347222222222222 0.38645833333333335 0.07222222222222222 0.06875 
3 0.80625 0.553125 0.1486111111111111 0.14791666666666667 
3 0.9583333333333334 0.684375 0.06666666666666667 0.15625 
3 0.9006944444444445 0.6177083333333333 0.1625 0.16875 
3 0.8395833333333333 0.36770833333333336 0.07083333333333333 0.06875 
3 0.8138888888888889 0.3541666666666667 0.05277777777777778 0.058333333333333334 
3 0.5979166666666667 0.3229166666666667 0.06805555555555555 0.05416666666666667 
3 0.7638888888888888 0.33645833333333336 0.05277777777777778 0.052083333333333336 
3 0.6777777777777778 0.46979166666666666 0.11666666666666667 0.09375 
3 0.5861111111111111 0.4666666666666667 0.14722222222222223 0.0875 
3 0.9659722222222222 0.41041666666666665 0.04583333333333333 0.07916666666666666 
3 0.4013888888888889 0.4666666666666667 0.06111111111111111 0.075 
3 0.6930555555555555 0.3302083333333333 0.05277777777777778 0.052083333333333336 
