0 0.45555555555555555 0.31354166666666666 0.25833333333333336 0.24791666666666667 
3 0.43819444444444444 0.740625 0.22361111111111112 0.2520833333333333 
3 0.6402777777777777 0.20833333333333334 0.027777777777777776 0.025 
8 0.8534722222222222 0.22083333333333333 0.04861111111111111 0.025 
3 0.8708333333333333 0.29791666666666666 0.041666666666666664 0.05 
8 0.18263888888888888 0.7447916666666666 0.24861111111111112 0.2604166666666667 
3 0.8763888888888889 0.39791666666666664 0.05555555555555555 0.0875 
3 0.9756944444444444 0.34270833333333334 0.03194444444444444 0.06458333333333334 
0 0.9395833333333333 0.2375 0.09305555555555556 0.0625 
8 0.8736111111111111 0.253125 0.030555555555555555 0.052083333333333336 
