3 0.3951388888888889 0.47708333333333336 0.09583333333333334 0.13333333333333333 
3 0.5777777777777777 0.32395833333333335 0.07222222222222222 0.04791666666666667 
3 0.5909722222222222 0.453125 0.12638888888888888 0.09375 
3 0.7416666666666667 0.5052083333333334 0.15555555555555556 0.14791666666666667 
3 0.8138888888888889 0.5583333333333333 0.13333333333333333 0.12083333333333333 
3 0.9263888888888889 0.38229166666666664 0.07222222222222222 0.06875 
3 0.6979166666666666 0.340625 0.05694444444444444 0.05625 
3 0.7916666666666666 0.35625 0.041666666666666664 0.05416666666666667 
3 0.9402777777777778 0.6552083333333333 0.1111111111111111 0.19375 
3 0.6631944444444444 0.47708333333333336 0.12916666666666668 0.09583333333333334 
3 0.31319444444444444 0.8239583333333333 0.15416666666666667 0.25625 
3 0.8458333333333333 0.36041666666666666 0.08055555555555556 0.0625 
7 0.7465277777777778 0.3572916666666667 0.015277777777777777 0.052083333333333336 
3 0.8986111111111111 0.584375 0.14722222222222223 0.16458333333333333 
