7 0.3159722222222222 0.39375 0.0125 0.041666666666666664 
3 0.8263888888888888 0.33541666666666664 0.04722222222222222 0.025 
3 0.8166666666666667 0.3125 0.041666666666666664 0.016666666666666666 
7 0.3680555555555556 0.8489583333333334 0.05 0.19375 
5 0.02847222222222222 0.46145833333333336 0.05416666666666667 0.07291666666666667 
2 0.41041666666666665 0.37604166666666666 0.07361111111111111 0.14375 
3 0.9784722222222222 0.4 0.034722222222222224 0.058333333333333334 
3 0.80625 0.36354166666666665 0.04861111111111111 0.027083333333333334 
5 0.85 0.8375 0.2861111111111111 0.32083333333333336 
7 0.3298611111111111 0.88125 0.07361111111111111 0.225 
3 0.9083333333333333 0.3614583333333333 0.03611111111111111 0.027083333333333334 
3 0.8763888888888889 0.34375 0.06111111111111111 0.04583333333333333 
3 0.5486111111111112 0.4322916666666667 0.07222222222222222 0.07291666666666667 
10 0.6576388888888889 0.34270833333333334 0.0625 0.05625 
3 0.7506944444444444 0.296875 0.029166666666666667 0.022916666666666665 
3 0.7590277777777777 0.34270833333333334 0.04583333333333333 0.027083333333333334 
5 0.4986111111111111 0.3072916666666667 0.025 0.03125 
3 0.95 0.37083333333333335 0.041666666666666664 0.0375 
3 0.5333333333333333 0.35208333333333336 0.03888888888888889 0.041666666666666664 
3 0.7340277777777777 0.3302083333333333 0.05138888888888889 0.027083333333333334 
3 0.7854166666666667 0.35208333333333336 0.05416666666666667 0.029166666666666667 
