3 0.5652777777777778 0.20729166666666668 0.030555555555555555 0.01875 
3 0.26180555555555557 0.20833333333333334 0.03194444444444444 0.041666666666666664 
2 0.7868055555555555 0.28229166666666666 0.19583333333333333 0.13958333333333334 
3 0.022222222222222223 0.28125 0.041666666666666664 0.05416666666666667 
5 0.13194444444444445 0.9260416666666667 0.19166666666666668 0.14375 
3 0.4409722222222222 0.24166666666666667 0.03194444444444444 0.025 
3 0.09722222222222222 0.2552083333333333 0.025 0.035416666666666666 
3 0.6819444444444445 0.24166666666666667 0.027777777777777776 0.03333333333333333 
3 0.38472222222222224 0.3697916666666667 0.07777777777777778 0.09791666666666667 
3 0.5166666666666667 0.209375 0.03333333333333333 0.03958333333333333 
3 0.4618055555555556 0.22291666666666668 0.03194444444444444 0.0375 
3 0.4041666666666667 0.21979166666666666 0.03611111111111111 0.022916666666666665 
3 0.4354166666666667 0.28125 0.043055555555555555 0.04583333333333333 
3 0.6104166666666667 0.225 0.04027777777777778 0.025 
