3 0.03958333333333333 0.2833333333333333 0.07361111111111111 0.09166666666666666 
3 0.08333333333333333 0.621875 0.16111111111111112 0.2604166666666667 
3 0.13125 0.12395833333333334 0.05416666666666667 0.05625 
3 0.17222222222222222 0.11354166666666667 0.05277777777777778 0.04375 
2 0.6819444444444445 0.31354166666666666 0.5694444444444444 0.34791666666666665 
3 0.5881944444444445 0.44895833333333335 0.2513888888888889 0.17708333333333334 
3 0.18541666666666667 0.4583333333333333 0.2013888888888889 0.1625 
5 0.7826388888888889 0.11770833333333333 0.04861111111111111 0.05625 
3 0.23125 0.11458333333333333 0.06805555555555555 0.05416666666666667 
5 0.8347222222222223 0.15104166666666666 0.030555555555555555 0.04375 
