5 0.9583333333333334 0.6895833333333333 0.075 0.18333333333333332 
3 0.8944444444444445 0.3770833333333333 0.058333333333333334 0.075 
3 0.68125 0.4666666666666667 0.12083333333333333 0.09583333333333334 
3 0.8083333333333333 0.35208333333333336 0.041666666666666664 0.041666666666666664 
3 0.6881944444444444 0.328125 0.0625 0.052083333333333336 
3 0.7291666666666666 0.521875 0.14166666666666666 0.10208333333333333 
3 0.5972222222222222 0.42083333333333334 0.1 0.03333333333333333 
3 0.8430555555555556 0.36354166666666665 0.07777777777777778 0.05625 
3 0.8090277777777778 0.55625 0.14027777777777778 0.14166666666666666 
3 0.9701388888888889 0.33229166666666665 0.05416666666666667 0.04791666666666667 
3 0.19791666666666666 0.409375 0.08472222222222223 0.03958333333333333 
3 0.96875 0.4197916666666667 0.04583333333333333 0.06041666666666667 
3 0.5763888888888888 0.47604166666666664 0.1388888888888889 0.08958333333333333 
3 0.40069444444444446 0.44166666666666665 0.059722222222222225 0.058333333333333334 
3 0.7548611111111111 0.3385416666666667 0.06805555555555555 0.052083333333333336 
3 0.9034722222222222 0.6104166666666667 0.1597222222222222 0.15833333333333333 
3 0.5847222222222223 0.32916666666666666 0.06388888888888888 0.05 
9 0.4513888888888889 0.35833333333333334 0.08333333333333333 0.13333333333333333 
3 0.9347222222222222 0.40208333333333335 0.06111111111111111 0.075 
