3 0.8145833333333333 0.1 0.06527777777777778 0.041666666666666664 
3 0.96875 0.16770833333333332 0.0375 0.03958333333333333 
3 0.7180555555555556 0.171875 0.12222222222222222 0.08125 
3 0.9381944444444444 0.14270833333333333 0.05416666666666667 0.04375 
3 0.35694444444444445 0.05416666666666667 0.03333333333333333 0.029166666666666667 
3 0.8486111111111111 0.125 0.044444444444444446 0.041666666666666664 
3 0.89375 0.584375 0.19027777777777777 0.19375 
3 0.11597222222222223 0.21770833333333334 0.05416666666666667 0.05625 
3 0.49444444444444446 0.2 0.16944444444444445 0.0875 
3 0.059722222222222225 0.2625 0.10555555555555556 0.1125 
3 0.8756944444444444 0.14479166666666668 0.0625 0.04791666666666667 
3 0.9076388888888889 0.115625 0.04583333333333333 0.03125 
3 0.22916666666666666 0.4270833333333333 0.25277777777777777 0.14583333333333334 
