3 0.9569444444444445 0.4125 0.06666666666666667 0.075 
3 0.7451388888888889 0.5083333333333333 0.1486111111111111 0.14583333333333334 
3 0.9 0.58125 0.14166666666666666 0.15 
3 0.84375 0.365625 0.07916666666666666 0.052083333333333336 
3 0.5798611111111112 0.3302083333333333 0.06805555555555555 0.03958333333333333 
3 0.7979166666666667 0.35625 0.04861111111111111 0.041666666666666664 
3 0.5902777777777778 0.45416666666666666 0.10555555555555556 0.09166666666666666 
3 0.5868055555555556 0.41354166666666664 0.12083333333333333 0.052083333333333336 
4 0.3576388888888889 0.6416666666666667 0.04027777777777778 0.09583333333333334 
3 0.8194444444444444 0.5614583333333333 0.13055555555555556 0.11041666666666666 
3 0.9395833333333333 0.6520833333333333 0.10694444444444444 0.1875 
3 0.6631944444444444 0.484375 0.13472222222222222 0.09791666666666667 
3 0.9229166666666667 0.38333333333333336 0.06527777777777778 0.06666666666666667 
3 0.6972222222222222 0.3416666666666667 0.05 0.05 
