3 0.28680555555555554 0.23958333333333334 0.06527777777777778 0.041666666666666664 
7 0.3701388888888889 0.259375 0.0125 0.06041666666666667 
3 0.5645833333333333 0.2708333333333333 0.0763888888888889 0.05416666666666667 
3 0.3375 0.24895833333333334 0.08611111111111111 0.04791666666666667 
3 0.2326388888888889 0.8166666666666667 0.24027777777777778 0.29583333333333334 
3 0.5451388888888888 0.2375 0.08194444444444444 0.041666666666666664 
3 0.03888888888888889 0.42604166666666665 0.07777777777777778 0.06875 
3 0.7847222222222222 0.2552083333333333 0.07222222222222222 0.04375 
7 0.5979166666666667 0.5104166666666666 0.06527777777777778 0.12916666666666668 
3 0.49027777777777776 0.26145833333333335 0.04722222222222222 0.05625 
3 0.6465277777777778 0.303125 0.12083333333333333 0.06875 
10 0.89375 0.309375 0.12916666666666668 0.09791666666666667 
7 0.13333333333333333 0.4427083333333333 0.027777777777777776 0.07708333333333334 
10 0.7826388888888889 0.23333333333333334 0.09861111111111111 0.058333333333333334 
3 0.1763888888888889 0.41041666666666665 0.14444444444444443 0.07916666666666666 
3 0.6597222222222222 0.21666666666666667 0.041666666666666664 0.03333333333333333 
3 0.28125 0.30833333333333335 0.07083333333333333 0.041666666666666664 
9 0.03333333333333333 0.6208333333333333 0.06666666666666667 0.2 
7 0.07361111111111111 0.4479166666666667 0.016666666666666666 0.0625 
3 0.30694444444444446 0.35 0.14444444444444443 0.07916666666666666 
3 0.4625 0.8125 0.19166666666666668 0.30416666666666664 
7 0.875 0.4708333333333333 0.03333333333333333 0.10416666666666667 
7 0.8416666666666667 0.403125 0.019444444444444445 0.07708333333333334 
3 0.2013888888888889 0.56875 0.1361111111111111 0.19166666666666668 
5 0.9833333333333333 0.3885416666666667 0.030555555555555555 0.06458333333333334 
2 0.15694444444444444 0.2604166666666667 0.16944444444444445 0.10416666666666667 
