3 0.5104166666666666 0.321875 0.043055555555555555 0.04375 
3 0.9694444444444444 0.41770833333333335 0.05 0.08541666666666667 
3 0.35694444444444445 0.3697916666666667 0.05555555555555555 0.04375 
3 0.5909722222222222 0.42916666666666664 0.10972222222222222 0.05 
3 0.39791666666666664 0.48125 0.07916666666666666 0.1 
3 0.9034722222222222 0.6177083333333333 0.16527777777777777 0.16458333333333333 
3 0.33819444444444446 0.46041666666666664 0.06805555555555555 0.07916666666666666 
3 0.5819444444444445 0.4739583333333333 0.1388888888888889 0.08541666666666667 
3 0.7236111111111111 0.5239583333333333 0.14166666666666666 0.12291666666666666 
3 0.8097222222222222 0.353125 0.05555555555555555 0.052083333333333336 
3 0.9708333333333333 0.32708333333333334 0.05555555555555555 0.04583333333333333 
3 0.24027777777777778 0.396875 0.06111111111111111 0.03958333333333333 
3 0.6951388888888889 0.328125 0.05138888888888889 0.052083333333333336 
9 0.44027777777777777 0.36875 0.1111111111111111 0.14583333333333334 
3 0.6576388888888889 0.27708333333333335 0.04861111111111111 0.029166666666666667 
3 0.6770833333333334 0.46875 0.1125 0.09583333333333334 
3 0.5888888888888889 0.32083333333333336 0.04722222222222222 0.0375 
3 0.5638888888888889 0.290625 0.03333333333333333 0.04375 
3 0.9326388888888889 0.40208333333333335 0.059722222222222225 0.0625 
4 0.09513888888888888 0.434375 0.018055555555555554 0.035416666666666666 
3 0.8958333333333334 0.384375 0.06388888888888888 0.052083333333333336 
3 0.9590277777777778 0.6916666666666667 0.07916666666666666 0.1625 
3 0.8090277777777778 0.5583333333333333 0.1486111111111111 0.15 
3 0.8430555555555556 0.36666666666666664 0.06944444444444445 0.0625 
3 0.7597222222222222 0.33645833333333336 0.05555555555555555 0.04791666666666667 
