3 0.8508771929824561 0.7214912280701754 0.28654970760233917 0.39035087719298245 
3 0.35526315789473684 0.19736842105263158 0.09649122807017543 0.05263157894736842 
3 0.22807017543859648 0.19736842105263158 0.07602339181286549 0.043859649122807015 
8 0.8421052631578947 0.5109649122807017 0.2982456140350877 0.27631578947368424 
8 0.6812865497076024 0.19517543859649122 0.1286549707602339 0.09210526315789473 
3 0.4926900584795322 0.1425438596491228 0.07894736842105263 0.039473684210526314 
8 0.8260233918128655 0.25219298245614036 0.13742690058479531 0.10087719298245613 
5 0.1111111111111111 0.18640350877192982 0.05263157894736842 0.06578947368421052 
3 0.054093567251461985 0.21929824561403508 0.043859649122807015 0.05263157894736842 
8 0.3435672514619883 0.6228070175438597 0.3713450292397661 0.4649122807017544 
