7 0.17083333333333334 0.278125 0.005555555555555556 0.022916666666666665 
6 0.10277777777777777 0.23125 0.08888888888888889 0.1 
3 0.6034722222222222 0.11041666666666666 0.04027777777777778 0.029166666666666667 
2 0.39305555555555555 0.39895833333333336 0.34444444444444444 0.39791666666666664 
3 0.3972222222222222 0.14270833333333333 0.05277777777777778 0.03125 
3 0.6958333333333333 0.3770833333333333 0.08888888888888889 0.12083333333333333 
3 0.4930555555555556 0.13020833333333334 0.044444444444444446 0.035416666666666666 
3 0.6701388888888888 0.15 0.05138888888888889 0.0375 
3 0.3590277777777778 0.14895833333333333 0.04027777777777778 0.03125 
3 0.5673611111111111 0.17604166666666668 0.05138888888888889 0.03958333333333333 
2 0.11944444444444445 0.5604166666666667 0.2361111111111111 0.4166666666666667 
3 0.6159722222222223 0.3229166666666667 0.10416666666666667 0.1125 
7 0.1597222222222222 0.2760416666666667 0.008333333333333333 0.027083333333333334 
3 0.1763888888888889 0.215625 0.05555555555555555 0.04375 
7 0.6444444444444445 0.4114583333333333 0.03333333333333333 0.11458333333333333 
3 0.5409722222222222 0.128125 0.04861111111111111 0.035416666666666666 
3 0.5715277777777777 0.625 0.19027777777777777 0.2833333333333333 
2 0.43472222222222223 0.23958333333333334 0.225 0.15833333333333333 
