3 0.2520833333333333 0.03125 0.059722222222222225 0.05 
3 0.7173611111111111 0.13229166666666667 0.07361111111111111 0.06458333333333334 
7 0.9625 0.6520833333333333 0.05277777777777778 0.09583333333333334 
3 0.8159722222222222 0.16145833333333334 0.06527777777777778 0.06458333333333334 
3 0.9208333333333333 0.2708333333333333 0.058333333333333334 0.09166666666666666 
7 0.8972222222222223 0.7052083333333333 0.075 0.16041666666666668 
3 0.38055555555555554 0.06770833333333333 0.1 0.07291666666666667 
3 0.18055555555555555 0.016666666666666666 0.06111111111111111 0.03333333333333333 
1 0.22152777777777777 0.8510416666666667 0.1597222222222222 0.22708333333333333 
3 0.9409722222222222 0.225 0.034722222222222224 0.05416666666666667 
7 0.9361111111111111 0.475 0.058333333333333334 0.15 
3 0.30416666666666664 0.05416666666666667 0.06111111111111111 0.04583333333333333 
3 0.7680555555555556 0.11875 0.044444444444444446 0.04583333333333333 
3 0.8145833333333333 0.11041666666666666 0.04583333333333333 0.0375 
