3 0.7944444444444444 0.35833333333333334 0.05277777777777778 0.04583333333333333 
3 0.7451388888888889 0.5083333333333333 0.15416666666666667 0.14166666666666666 
3 0.8222222222222222 0.565625 0.1361111111111111 0.13125 
5 0.9805555555555555 0.4395833333333333 0.025 0.058333333333333334 
3 0.25763888888888886 0.8458333333333333 0.2263888888888889 0.3 
3 0.9 0.5895833333333333 0.14444444444444443 0.15833333333333333 
3 0.5909722222222222 0.44895833333333335 0.12361111111111112 0.08125 
3 0.9569444444444445 0.41354166666666664 0.06388888888888888 0.07708333333333334 
3 0.9402777777777778 0.6541666666666667 0.10833333333333334 0.1875 
3 0.6611111111111111 0.4864583333333333 0.1111111111111111 0.09375 
3 0.5930555555555556 0.4166666666666667 0.12222222222222222 0.058333333333333334 
3 0.9236111111111112 0.3885416666666667 0.06111111111111111 0.06458333333333334 
3 0.7583333333333333 0.34479166666666666 0.03611111111111111 0.03958333333333333 
3 0.7006944444444444 0.3458333333333333 0.0625 0.0375 
3 0.5819444444444445 0.3260416666666667 0.08055555555555556 0.052083333333333336 
3 0.8458333333333333 0.3625 0.08333333333333333 0.05416666666666667 
