3 0.2923611111111111 0.7364583333333333 0.23194444444444445 0.26875 
7 0.8513888888888889 0.3729166666666667 0.013888888888888888 0.075 
2 0.1451388888888889 0.25833333333333336 0.1986111111111111 0.1125 
3 0.46041666666666664 0.815625 0.1875 0.3020833333333333 
9 0.03263888888888889 0.6239583333333333 0.0625 0.20625 
3 0.6041666666666666 0.203125 0.027777777777777776 0.022916666666666665 
7 0.5756944444444444 0.42916666666666664 0.02361111111111111 0.075 
7 0.8916666666666667 0.40520833333333334 0.030555555555555555 0.07708333333333334 
7 0.5805555555555556 0.509375 0.03333333333333333 0.11875 
5 0.35208333333333336 0.9833333333333333 0.12916666666666668 0.025 
7 0.9645833333333333 0.5875 0.02638888888888889 0.10833333333333334 
