8 0.11944444444444445 0.24270833333333333 0.06388888888888888 0.08541666666666667 
3 0.08055555555555556 0.23229166666666667 0.022222222222222223 0.06041666666666667 
3 0.33819444444444446 0.07291666666666667 0.04027777777777778 0.025 
3 0.2875 0.08229166666666667 0.04722222222222222 0.03125 
3 0.25069444444444444 0.121875 0.04861111111111111 0.035416666666666666 
8 0.18125 0.26666666666666666 0.10416666666666667 0.10833333333333334 
3 0.07013888888888889 0.22291666666666668 0.029166666666666667 0.05 
3 0.26944444444444443 0.3260416666666667 0.125 0.12291666666666666 
3 0.21736111111111112 0.12083333333333333 0.034722222222222224 0.0375 
3 0.41875 0.22291666666666668 0.13194444444444445 0.09583333333333334 
