3 0.12569444444444444 0.11770833333333333 0.029166666666666667 0.03125 
3 0.3402777777777778 0.196875 0.05 0.04375 
3 0.2833333333333333 0.190625 0.05555555555555555 0.035416666666666666 
3 0.16944444444444445 0.140625 0.05277777777777778 0.035416666666666666 
8 0.9708333333333333 0.5979166666666667 0.05277777777777778 0.0625 
0 0.26319444444444445 0.409375 0.5208333333333334 0.53125 
8 0.6263888888888889 0.3458333333333333 0.09166666666666666 0.06666666666666667 
3 0.03958333333333333 0.09583333333333334 0.04027777777777778 0.03333333333333333 
3 0.09236111111111112 0.11145833333333334 0.03194444444444444 0.027083333333333334 
3 0.7479166666666667 0.43333333333333335 0.0763888888888889 0.06666666666666667 
3 0.5409722222222222 0.3125 0.08194444444444444 0.058333333333333334 
10 0.42083333333333334 0.23541666666666666 0.10833333333333334 0.075 
