8 0.11944444444444445 0.5635416666666667 0.21388888888888888 0.21041666666666667 
3 0.2833333333333333 0.28229166666666666 0.03888888888888889 0.027083333333333334 
3 0.4534722222222222 0.46458333333333335 0.13472222222222222 0.13333333333333333 
3 0.8729166666666667 0.5645833333333333 0.10138888888888889 0.17916666666666667 
8 0.4083333333333333 0.321875 0.11666666666666667 0.07291666666666667 
3 0.5125 0.26458333333333334 0.05 0.029166666666666667 
8 0.55625 0.5270833333333333 0.15416666666666667 0.17916666666666667 
3 0.8715277777777778 0.4197916666666667 0.06527777777777778 0.10208333333333333 
3 0.8652777777777778 0.33645833333333336 0.05277777777777778 0.07708333333333334 
3 0.73125 0.2864583333333333 0.04861111111111111 0.04791666666666667 
3 0.6041666666666666 0.24583333333333332 0.041666666666666664 0.03333333333333333 
3 0.4423611111111111 0.3416666666666667 0.08194444444444444 0.06666666666666667 
