3 0.7111111111111111 0.078125 0.044444444444444446 0.035416666666666666 
3 0.8777777777777778 0.140625 0.06388888888888888 0.03958333333333333 
3 0.7909722222222222 0.08125 0.05138888888888889 0.0375 
5 0.96875 0.16354166666666667 0.04027777777777778 0.03125 
3 0.20902777777777778 0.090625 0.0375 0.027083333333333334 
3 0.7597222222222222 0.059375 0.03888888888888889 0.022916666666666665 
5 0.9125 0.115625 0.05277777777777778 0.035416666666666666 
3 0.9048611111111111 0.6 0.1597222222222222 0.2 
3 0.23055555555555557 0.22291666666666668 0.1527777777777778 0.10833333333333334 
8 0.2375 0.04375 0.030555555555555555 0.025 
