3 0.6020833333333333 0.36041666666666666 0.04583333333333333 0.05 
3 0.7965277777777777 0.3614583333333333 0.04583333333333333 0.03125 
7 0.6840277777777778 0.875 0.08194444444444444 0.16666666666666666 
7 0.225 0.5666666666666667 0.030555555555555555 0.1125 
3 0.7791666666666667 0.34791666666666665 0.06666666666666667 0.03333333333333333 
7 0.22013888888888888 0.6791666666666667 0.043055555555555555 0.15 
3 0.8715277777777778 0.340625 0.04027777777777778 0.027083333333333334 
3 0.7055555555555556 0.459375 0.08611111111111111 0.08541666666666667 
2 0.39166666666666666 0.3885416666666667 0.08333333333333333 0.16041666666666668 
3 0.7590277777777777 0.33229166666666665 0.06527777777777778 0.035416666666666666 
7 0.2708333333333333 0.5083333333333333 0.022222222222222223 0.0875 
3 0.9555555555555556 0.38333333333333336 0.027777777777777776 0.029166666666666667 
3 0.9006944444444445 0.3541666666666667 0.034722222222222224 0.029166666666666667 
