3 0.5840277777777778 0.45625 0.10694444444444444 0.0875 
3 0.7013888888888888 0.346875 0.058333333333333334 0.052083333333333336 
3 0.9 0.5885416666666666 0.14722222222222223 0.16458333333333333 
3 0.6590277777777778 0.4822916666666667 0.12916666666666668 0.08958333333333333 
3 0.9388888888888889 0.6666666666666666 0.1 0.175 
3 0.5805555555555556 0.328125 0.06666666666666667 0.04375 
3 0.9215277777777777 0.3885416666666667 0.0625 0.07291666666666667 
3 0.7583333333333333 0.34479166666666666 0.03888888888888889 0.03958333333333333 
3 0.8152777777777778 0.5625 0.12777777777777777 0.13333333333333333 
3 0.33055555555555555 0.6364583333333333 0.10277777777777777 0.13125 
3 0.95625 0.4114583333333333 0.06805555555555555 0.07291666666666667 
3 0.5861111111111111 0.41875 0.12222222222222222 0.058333333333333334 
3 0.7930555555555555 0.359375 0.044444444444444446 0.052083333333333336 
3 0.8430555555555556 0.3625 0.08055555555555556 0.058333333333333334 
3 0.7395833333333334 0.5083333333333333 0.1597222222222222 0.14583333333333334 
