3 0.5819444444444445 0.21354166666666666 0.04722222222222222 0.04791666666666667 
7 0.8451388888888889 0.35104166666666664 0.015277777777777777 0.05625 
7 0.8506944444444444 0.259375 0.006944444444444444 0.03125 
7 0.8423611111111111 0.2552083333333333 0.004166666666666667 0.022916666666666665 
7 0.83125 0.34791666666666665 0.0125 0.05 
7 0.8111111111111111 0.3375 0.016666666666666666 0.05 
3 0.6611111111111111 0.24270833333333333 0.05555555555555555 0.04375 
3 0.7305555555555555 0.265625 0.06944444444444445 0.052083333333333336 
3 0.6284722222222222 0.23229166666666667 0.04583333333333333 0.03958333333333333 
7 0.7965277777777777 0.33541666666666664 0.0125 0.041666666666666664 
7 0.8277777777777777 0.26666666666666666 0.005555555555555556 0.029166666666666667 
3 0.9180555555555555 0.5125 0.08611111111111111 0.1375 
