5 0.7798611111111111 0.11979166666666667 0.05416666666666667 0.06041666666666667 
3 0.5826388888888889 0.44166666666666665 0.28194444444444444 0.18333333333333332 
3 0.1763888888888889 0.12083333333333333 0.05277777777777778 0.05 
5 0.8395833333333333 0.159375 0.04027777777777778 0.04791666666666667 
8 0.05 0.38229166666666664 0.1 0.15625 
3 0.13055555555555556 0.12083333333333333 0.05 0.058333333333333334 
3 0.025 0.2760416666666667 0.05 0.052083333333333336 
3 0.7819444444444444 0.390625 0.22777777777777777 0.14375 
3 0.45694444444444443 0.840625 0.5083333333333333 0.3145833333333333 
3 0.22916666666666666 0.115625 0.075 0.06041666666666667 
