3 0.8131944444444444 0.08645833333333333 0.07083333333333333 0.035416666666666666 
3 0.5416666666666666 0.5802083333333333 0.36666666666666664 0.23125 
5 0.9708333333333333 0.22291666666666668 0.03333333333333333 0.05416666666666667 
3 0.875 0.1375 0.06388888888888888 0.04583333333333333 
3 0.9645833333333333 0.15520833333333334 0.043055555555555555 0.03125 
3 0.23819444444444443 0.040625 0.03194444444444444 0.03125 
3 0.7909722222222222 0.07083333333333333 0.059722222222222225 0.025 
3 0.7611111111111111 0.059375 0.04722222222222222 0.027083333333333334 
3 0.9104166666666667 0.11041666666666666 0.05138888888888889 0.03333333333333333 
3 0.5298611111111111 0.18541666666666667 0.16527777777777777 0.07916666666666666 
3 0.8527777777777777 0.11666666666666667 0.04722222222222222 0.020833333333333332 
3 0.9430555555555555 0.13229166666666667 0.03611111111111111 0.022916666666666665 
3 0.08472222222222223 0.15520833333333334 0.07777777777777778 0.05625 
