8 0.15694444444444444 0.6333333333333333 0.3138888888888889 0.275 
3 0.8875 0.09375 0.030555555555555555 0.016666666666666666 
3 0.8777777777777778 0.14166666666666666 0.06111111111111111 0.05 
3 0.2375 0.04479166666666667 0.030555555555555555 0.027083333333333334 
3 0.8125 0.08958333333333333 0.06388888888888888 0.03333333333333333 
3 0.9104166666666667 0.109375 0.043055555555555555 0.027083333333333334 
3 0.016666666666666666 0.184375 0.03333333333333333 0.035416666666666666 
3 0.9409722222222222 0.13229166666666667 0.043055555555555555 0.022916666666666665 
3 0.9673611111111111 0.15833333333333333 0.04027777777777778 0.025 
3 0.8548611111111111 0.11666666666666667 0.04861111111111111 0.03333333333333333 
3 0.07361111111111111 0.16041666666666668 0.07222222222222222 0.05 
