3 0.5618055555555556 0.08541666666666667 0.05416666666666667 0.05 
3 0.4131944444444444 0.13958333333333334 0.09583333333333334 0.0875 
5 0.28194444444444444 0.9739583333333334 0.14166666666666666 0.04791666666666667 
3 0.6270833333333333 0.36875 0.13472222222222222 0.17916666666666667 
3 0.6020833333333333 0.07291666666666667 0.03194444444444444 0.041666666666666664 
3 0.7027777777777777 0.19583333333333333 0.06666666666666667 0.08333333333333333 
10 0.25833333333333336 0.2989583333333333 0.2388888888888889 0.28541666666666665 
1 0.5256944444444445 0.34479166666666666 0.05138888888888889 0.13541666666666666 
3 0.49236111111111114 0.103125 0.06805555555555555 0.06041666666666667 
3 0.7368055555555556 0.14166666666666666 0.0375 0.05 
3 0.6548611111111111 0.07708333333333334 0.0375 0.0375 
