3 0.6694444444444444 0.27291666666666664 0.05 0.05416666666666667 
3 0.9638888888888889 0.32708333333333334 0.044444444444444446 0.058333333333333334 
3 0.86875 0.3 0.04027777777777778 0.05416666666666667 
3 0.5902777777777778 0.2520833333333333 0.041666666666666664 0.04583333333333333 
3 0.5284722222222222 0.40208333333333335 0.10138888888888889 0.0875 
3 0.7888888888888889 0.20208333333333334 0.030555555555555555 0.0375 
3 0.45694444444444443 0.715625 0.2388888888888889 0.27708333333333335 
3 0.19236111111111112 0.7458333333333333 0.23194444444444445 0.25 
3 0.8743055555555556 0.396875 0.059722222222222225 0.08958333333333333 
8 0.7069444444444445 0.31666666666666665 0.06666666666666667 0.075 
