5 0.9576388888888889 0.690625 0.07361111111111111 0.16458333333333333 
3 0.8444444444444444 0.36666666666666664 0.08888888888888889 0.0625 
3 0.6923611111111111 0.3333333333333333 0.04861111111111111 0.04583333333333333 
3 0.3423611111111111 0.640625 0.12638888888888888 0.18958333333333333 
3 0.5791666666666667 0.4739583333333333 0.1361111111111111 0.09375 
3 0.5965277777777778 0.325 0.07361111111111111 0.04583333333333333 
3 0.5861111111111111 0.4270833333333333 0.11388888888888889 0.0625 
3 0.7263888888888889 0.5229166666666667 0.14444444444444443 0.10833333333333334 
3 0.9680555555555556 0.41354166666666664 0.05277777777777778 0.07708333333333334 
3 0.8993055555555556 0.3770833333333333 0.07083333333333333 0.058333333333333334 
3 0.9340277777777778 0.396875 0.06805555555555555 0.06458333333333334 
3 0.8090277777777778 0.5604166666666667 0.15138888888888888 0.15 
3 0.9006944444444445 0.61875 0.16527777777777777 0.16666666666666666 
3 0.68125 0.471875 0.12083333333333333 0.08541666666666667 
