3 0.26805555555555555 0.8114583333333333 0.16111111111111112 0.22708333333333333 
10 0.8333333333333334 0.359375 0.08888888888888889 0.07291666666666667 
3 0.7680555555555556 0.5197916666666667 0.1388888888888889 0.12291666666666666 
3 0.8708333333333333 0.3854166666666667 0.075 0.0625 
3 0.5944444444444444 0.3229166666666667 0.075 0.041666666666666664 
3 0.58125 0.42291666666666666 0.13194444444444445 0.06666666666666667 
3 0.8354166666666667 0.5697916666666667 0.14305555555555555 0.15208333333333332 
5 0.9701388888888889 0.7104166666666667 0.04583333333333333 0.12083333333333333 
3 0.5798611111111112 0.3875 0.10694444444444444 0.0375 
3 0.9277777777777778 0.4 0.06666666666666667 0.05 
10 0.46805555555555556 0.3625 0.058333333333333334 0.05 
3 0.9666666666666667 0.421875 0.05277777777777778 0.08541666666666667 
3 0.9194444444444444 0.6291666666666667 0.1361111111111111 0.15416666666666667 
3 0.7326388888888888 0.33125 0.04583333333333333 0.05416666666666667 
3 0.2604166666666667 0.4125 0.07083333333333333 0.05 
3 0.6951388888888889 0.34791666666666665 0.04861111111111111 0.058333333333333334 
3 0.5875 0.459375 0.09166666666666666 0.08541666666666667 
3 0.6715277777777777 0.48020833333333335 0.12083333333333333 0.09375 
