3 0.6583333333333333 0.3385416666666667 0.06666666666666667 0.06041666666666667 
2 0.14722222222222223 0.3145833333333333 0.04722222222222222 0.041666666666666664 
3 0.8319444444444445 0.37604166666666666 0.11388888888888889 0.06875 
2 0.5319444444444444 0.47708333333333336 0.49444444444444446 0.32916666666666666 
10 0.4263888888888889 0.31354166666666666 0.06944444444444445 0.052083333333333336 
3 0.5368055555555555 0.32083333333333336 0.05694444444444444 0.04583333333333333 
2 0.22430555555555556 0.340625 0.10972222222222222 0.09791666666666667 
9 0.41041666666666665 0.2708333333333333 0.11805555555555555 0.08333333333333333 
5 0.27152777777777776 0.29791666666666666 0.05694444444444444 0.04583333333333333 
5 0.5833333333333334 0.3333333333333333 0.075 0.03333333333333333 
