3 0.19652777777777777 0.35 0.043055555555555555 0.04583333333333333 
0 0.29930555555555555 0.28854166666666664 0.10972222222222222 0.07708333333333334 
2 0.5819444444444445 0.515625 0.44722222222222224 0.35208333333333336 
3 0.8256944444444444 0.390625 0.11527777777777778 0.052083333333333336 
3 0.2326388888888889 0.325 0.034722222222222224 0.029166666666666667 
9 0.5180555555555556 0.31875 0.17222222222222222 0.09166666666666666 
3 0.15833333333333333 0.328125 0.019444444444444445 0.022916666666666665 
3 0.24027777777777778 0.3927083333333333 0.05555555555555555 0.06458333333333334 
3 0.8152777777777778 0.50625 0.058333333333333334 0.1 
3 0.8215277777777777 0.42916666666666664 0.1125 0.075 
