3 0.7416666666666667 0.24479166666666666 0.03333333333333333 0.035416666666666666 
9 0.47847222222222224 0.3104166666666667 0.1597222222222222 0.1 
3 0.5576388888888889 0.24895833333333334 0.0625 0.035416666666666666 
3 0.8611111111111112 0.38229166666666664 0.05 0.07708333333333334 
3 0.8569444444444444 0.38229166666666664 0.058333333333333334 0.08541666666666667 
3 0.5520833333333334 0.24791666666666667 0.04861111111111111 0.041666666666666664 
3 0.8694444444444445 0.30416666666666664 0.03611111111111111 0.04583333333333333 
3 0.7423611111111111 0.234375 0.04027777777777778 0.03125 
8 0.47291666666666665 0.31979166666666664 0.14027777777777778 0.08958333333333333 
3 0.8701388888888889 0.309375 0.03194444444444444 0.03958333333333333 
