3 0.65 0.22291666666666668 0.030555555555555555 0.029166666666666667 
3 0.5756944444444444 0.265625 0.04861111111111111 0.03958333333333333 
3 0.9034722222222222 0.2552083333333333 0.02361111111111111 0.027083333333333334 
3 0.42916666666666664 0.3104166666666667 0.06388888888888888 0.05 
5 0.07777777777777778 0.7770833333333333 0.15555555555555556 0.3125 
3 0.8736111111111111 0.421875 0.06944444444444445 0.08958333333333333 
3 0.8729166666666667 0.5739583333333333 0.09305555555555556 0.17708333333333334 
3 0.8652777777777778 0.33958333333333335 0.05555555555555555 0.08333333333333333 
5 0.2881944444444444 0.7510416666666667 0.4652777777777778 0.49375 
3 0.2513888888888889 0.31979166666666664 0.06666666666666667 0.03958333333333333 
