3 0.6027777777777777 0.075 0.027777777777777776 0.03333333333333333 
3 0.30833333333333335 0.19270833333333334 0.11666666666666667 0.10625 
3 0.6729166666666667 0.296875 0.09583333333333334 0.13125 
3 0.6145833333333334 0.434375 0.14027777777777778 0.18958333333333333 
3 0.6256944444444444 0.06770833333333333 0.015277777777777777 0.03125 
3 0.4201388888888889 0.13541666666666666 0.08472222222222223 0.075 
3 0.5645833333333333 0.08854166666666667 0.04861111111111111 0.04791666666666667 
3 0.050694444444444445 0.3958333333333333 0.09583333333333334 0.18333333333333332 
3 0.725 0.1625 0.05 0.05 
5 0.3368055555555556 0.9208333333333333 0.2513888888888889 0.15416666666666667 
3 0.7131944444444445 0.22291666666666668 0.06527777777777778 0.09166666666666666 
3 0.17222222222222222 0.28229166666666666 0.14166666666666666 0.13958333333333334 
3 0.5034722222222222 0.090625 0.0625 0.06458333333333334 
3 0.7416666666666667 0.13645833333333332 0.03888888888888889 0.052083333333333336 
3 0.7548611111111111 0.109375 0.02361111111111111 0.04791666666666667 
3 0.5166666666666667 0.68125 0.25 0.35 
5 0.034722222222222224 0.9260416666666667 0.06666666666666667 0.13541666666666666 
1 0.5361111111111111 0.3229166666666667 0.05277777777777778 0.1375 
