7 0.7611111111111111 0.40208333333333335 0.025 0.0625 
3 0.8201388888888889 0.553125 0.14305555555555555 0.11458333333333333 
3 0.6034722222222222 0.38333333333333336 0.05694444444444444 0.03333333333333333 
3 0.7402777777777778 0.5041666666666667 0.15555555555555556 0.13333333333333333 
3 0.7034722222222223 0.34270833333333334 0.07361111111111111 0.052083333333333336 
4 0.6534722222222222 0.37395833333333334 0.034722222222222224 0.04791666666666667 
3 0.5895833333333333 0.4083333333333333 0.11805555555555555 0.03333333333333333 
3 0.8444444444444444 0.36666666666666664 0.07777777777777778 0.0625 
3 0.6493055555555556 0.475 0.10694444444444444 0.09583333333333334 
3 0.5826388888888889 0.446875 0.10138888888888889 0.08541666666666667 
3 0.9243055555555556 0.3770833333333333 0.06805555555555555 0.075 
7 0.08125 0.4625 0.018055555555555554 0.04583333333333333 
5 0.9402777777777778 0.64375 0.10555555555555556 0.19583333333333333 
3 0.5791666666666667 0.328125 0.075 0.04791666666666667 
