3 0.11944444444444445 0.3260416666666667 0.13333333333333333 0.16875 
3 0.8701388888888889 0.853125 0.24861111111111112 0.28541666666666665 
5 0.008333333333333333 0.203125 0.016666666666666666 0.03958333333333333 
7 0.2833333333333333 0.959375 0.08055555555555556 0.07708333333333334 
1 0.32083333333333336 0.33958333333333335 0.044444444444444446 0.19166666666666668 
3 0.6236111111111111 0.234375 0.25555555555555554 0.18125 
1 0.29444444444444445 0.7552083333333334 0.16666666666666666 0.25625 
7 0.47152777777777777 0.04895833333333333 0.018055555555555554 0.09375 
1 0.37083333333333335 0.4479166666666667 0.07777777777777778 0.24166666666666667 
7 0.53125 0.07916666666666666 0.029166666666666667 0.08333333333333333 
