2 0.21041666666666667 0.2552083333333333 0.25972222222222224 0.11041666666666666 
3 0.46041666666666664 0.8125 0.1875 0.3 
7 0.1875 0.5010416666666667 0.05 0.14375 
9 0.03333333333333333 0.6239583333333333 0.06666666666666667 0.20208333333333334 
3 0.17569444444444443 0.8739583333333333 0.2513888888888889 0.24791666666666667 
3 0.5784722222222223 0.25833333333333336 0.05138888888888889 0.05 
7 0.04375 0.4114583333333333 0.018055555555555554 0.035416666666666666 
7 0.5479166666666667 0.478125 0.02361111111111111 0.08125 
7 0.5284722222222222 0.5708333333333333 0.034722222222222224 0.11666666666666667 
3 0.5013888888888889 0.25625 0.058333333333333334 0.0375 
3 0.27569444444444446 0.39479166666666665 0.12361111111111112 0.10208333333333333 
7 0.5569444444444445 0.5333333333333333 0.03888888888888889 0.12083333333333333 
3 0.48819444444444443 0.2989583333333333 0.12916666666666668 0.06875 
5 0.34930555555555554 0.9854166666666667 0.1125 0.025 
3 0.6868055555555556 0.20625 0.018055555555555554 0.03333333333333333 
3 0.06597222222222222 0.28958333333333336 0.02638888888888889 0.0375 
3 0.6388888888888888 0.2125 0.03611111111111111 0.029166666666666667 
7 0.2388888888888889 0.296875 0.019444444444444445 0.05625 
3 0.8916666666666667 0.278125 0.05277777777777778 0.03125 
3 0.14375 0.35104166666666664 0.10416666666666667 0.07708333333333334 
3 0.8826388888888889 0.32395833333333335 0.09027777777777778 0.06875 
