3 0.48194444444444445 0.253125 0.06666666666666667 0.06041666666666667 
3 0.6583333333333333 0.22291666666666668 0.03888888888888889 0.03333333333333333 
9 0.03333333333333333 0.6229166666666667 0.06111111111111111 0.19166666666666668 
3 0.23333333333333334 0.540625 0.125 0.20625 
2 0.22430555555555556 0.21145833333333333 0.18472222222222223 0.09375 
3 0.9451388888888889 0.346875 0.07083333333333333 0.05625 
3 0.26944444444444443 0.25729166666666664 0.05 0.05625 
3 0.45902777777777776 0.8114583333333333 0.19305555555555556 0.30625 
5 0.3506944444444444 0.9864583333333333 0.12638888888888888 0.022916666666666665 
3 0.74375 0.24895833333333334 0.07083333333333333 0.03958333333333333 
3 0.8798611111111111 0.2677083333333333 0.06805555555555555 0.04375 
7 0.06180555555555556 0.5020833333333333 0.03194444444444444 0.075 
2 0.13472222222222222 0.32916666666666666 0.2638888888888889 0.175 
3 0.4111111111111111 0.30104166666666665 0.1361111111111111 0.06875 
