3 0.7694444444444445 0.2520833333333333 0.03611111111111111 0.025 
3 0.6895833333333333 0.25729166666666664 0.0375 0.03958333333333333 
8 0.6145833333333334 0.4552083333333333 0.12361111111111112 0.13541666666666666 
3 0.8708333333333333 0.30416666666666664 0.03333333333333333 0.05416666666666667 
3 0.8729166666666667 0.3927083333333333 0.05138888888888889 0.08958333333333333 
5 0.17569444444444443 0.609375 0.3458333333333333 0.35625 
8 0.4597222222222222 0.35 0.10833333333333334 0.09583333333333334 
3 0.5590277777777778 0.36875 0.09583333333333334 0.075 
0 0.9222222222222223 0.22916666666666666 0.12777777777777777 0.058333333333333334 
3 0.2763888888888889 0.859375 0.2972222222222222 0.27708333333333335 
3 0.7402777777777778 0.28541666666666665 0.03888888888888889 0.0375 
8 0.7902777777777777 0.2125 0.025 0.029166666666666667 
