5 0.9743055555555555 0.6770833333333334 0.043055555555555555 0.15416666666666667 
2 0.36319444444444443 0.4322916666666667 0.1763888888888889 0.25625 
3 0.8402777777777778 0.35104166666666664 0.09444444444444444 0.06875 
3 0.7020833333333333 0.33958333333333335 0.05694444444444444 0.058333333333333334 
3 0.6694444444444444 0.4739583333333333 0.11944444444444445 0.09375 
3 0.6118055555555556 0.3770833333333333 0.07361111111111111 0.0375 
3 0.9215277777777777 0.6229166666666667 0.13472222222222222 0.15833333333333333 
3 0.7708333333333334 0.5135416666666667 0.13333333333333333 0.12291666666666666 
3 0.2652777777777778 0.8645833333333334 0.18888888888888888 0.26666666666666666 
3 0.8736111111111111 0.3802083333333333 0.07777777777777778 0.06041666666666667 
3 0.5854166666666667 0.4479166666666667 0.09027777777777778 0.08333333333333333 
3 0.8388888888888889 0.5583333333333333 0.1388888888888889 0.15 
3 0.5854166666666667 0.315625 0.0763888888888889 0.03958333333333333 
3 0.58125 0.41041666666666665 0.12638888888888888 0.0625 
3 0.7361111111111112 0.321875 0.041666666666666664 0.052083333333333336 
2 0.5833333333333334 0.25416666666666665 0.03888888888888889 0.05416666666666667 
3 0.9694444444444444 0.40729166666666666 0.044444444444444446 0.07708333333333334 
3 0.9340277777777778 0.390625 0.05416666666666667 0.052083333333333336 
