3 0.5840277777777778 0.42604166666666665 0.10138888888888889 0.06041666666666667 
3 0.68125 0.4739583333333333 0.12638888888888888 0.11041666666666666 
3 0.3645833333333333 0.6239583333333333 0.1125 0.15208333333333332 
3 0.8055555555555556 0.35208333333333336 0.044444444444444446 0.05 
3 0.9666666666666667 0.33125 0.05277777777777778 0.04583333333333333 
3 0.9673611111111111 0.4197916666666667 0.05138888888888889 0.08125 
3 0.6895833333333333 0.33229166666666665 0.0625 0.052083333333333336 
3 0.6027777777777777 0.3229166666666667 0.08055555555555556 0.041666666666666664 
3 0.8944444444444445 0.384375 0.075 0.06875 
3 0.8138888888888889 0.5625 0.15 0.15416666666666667 
3 0.9583333333333334 0.6958333333333333 0.06944444444444445 0.15833333333333333 
3 0.9027777777777778 0.6239583333333333 0.17222222222222222 0.16875 
3 0.6423611111111112 0.375 0.07916666666666666 0.05416666666666667 
3 0.8465277777777778 0.36875 0.0763888888888889 0.06666666666666667 
3 0.7590277777777777 0.34479166666666666 0.05694444444444444 0.04791666666666667 
3 0.5819444444444445 0.475 0.14444444444444443 0.09583333333333334 
3 0.7291666666666666 0.5270833333333333 0.15 0.125 
3 0.9388888888888889 0.4010416666666667 0.06388888888888888 0.06458333333333334 
