3 0.29444444444444445 0.3375 0.04722222222222222 0.03333333333333333 
3 0.25833333333333336 0.375 0.06111111111111111 0.05416666666666667 
3 0.47708333333333336 0.2875 0.0375 0.029166666666666667 
3 0.63125 0.36354166666666665 0.08194444444444444 0.05625 
3 0.5340277777777778 0.31145833333333334 0.04861111111111111 0.03958333333333333 
8 0.42986111111111114 0.26458333333333334 0.0375 0.029166666666666667 
2 0.8513888888888889 0.4822916666666667 0.2861111111111111 0.29375 
3 0.1625 0.47708333333333336 0.09444444444444444 0.09583333333333334 
3 0.33125 0.2916666666666667 0.02361111111111111 0.025 
3 0.32083333333333336 0.3177083333333333 0.025 0.027083333333333334 
5 0.020833333333333332 0.6979166666666666 0.041666666666666664 0.11666666666666667 
