3 0.5236111111111111 0.2947916666666667 0.025 0.022916666666666665 
3 0.8138888888888889 0.5552083333333333 0.14166666666666666 0.16041666666666668 
3 0.5576388888888889 0.328125 0.0375 0.03125 
10 0.7541666666666667 0.315625 0.03888888888888889 0.027083333333333334 
3 0.9291666666666667 0.371875 0.025 0.027083333333333334 
3 0.6236111111111111 0.3875 0.06666666666666667 0.058333333333333334 
3 0.8263888888888888 0.3104166666666667 0.030555555555555555 0.025 
3 0.9 0.35833333333333334 0.03888888888888889 0.029166666666666667 
2 0.5701388888888889 0.6145833333333334 0.37083333333333335 0.5041666666666667 
3 0.5111111111111111 0.2708333333333333 0.019444444444444445 0.016666666666666666 
