3 0.9333333333333333 0.39791666666666664 0.06666666666666667 0.07083333333333333 
7 0.2847222222222222 0.44479166666666664 0.027777777777777776 0.06458333333333334 
3 0.3284722222222222 0.628125 0.11527777777777778 0.15208333333333332 
3 0.5972222222222222 0.3260416666666667 0.06944444444444445 0.04375 
3 0.6763888888888889 0.475 0.12222222222222222 0.09166666666666666 
3 0.5888888888888889 0.43020833333333336 0.11388888888888889 0.052083333333333336 
3 0.8090277777777778 0.5625 0.14583333333333334 0.15 
3 0.9597222222222223 0.6864583333333333 0.06944444444444445 0.17708333333333334 
3 0.8979166666666667 0.3802083333333333 0.07361111111111111 0.06041666666666667 
3 0.5763888888888888 0.47604166666666664 0.14166666666666666 0.08958333333333333 
3 0.7243055555555555 0.534375 0.14305555555555555 0.10625 
3 0.84375 0.3697916666666667 0.07916666666666666 0.06458333333333334 
3 0.8979166666666667 0.6208333333333333 0.17083333333333334 0.16666666666666666 
3 0.9673611111111111 0.4125 0.04861111111111111 0.0875 
3 0.6888888888888889 0.334375 0.06111111111111111 0.06041666666666667 
