3 0.7527777777777778 0.109375 0.025 0.04375 
3 0.63125 0.09895833333333333 0.04583333333333333 0.052083333333333336 
3 0.05 0.39791666666666664 0.1 0.175 
3 0.16458333333333333 0.284375 0.12083333333333333 0.14375 
3 0.6722222222222223 0.2947916666666667 0.10555555555555556 0.11458333333333333 
5 0.33611111111111114 0.9208333333333333 0.24444444444444444 0.15416666666666667 
3 0.7097222222222223 0.215625 0.058333333333333334 0.07291666666666667 
3 0.7236111111111111 0.178125 0.05 0.06875 
3 0.51875 0.68125 0.2513888888888889 0.3416666666666667 
2 0.3854166666666667 0.22604166666666667 0.3347222222222222 0.30625 
3 0.7368055555555556 0.1375 0.04027777777777778 0.05416666666666667 
3 0.6145833333333334 0.434375 0.1375 0.18958333333333333 
