3 0.4137426900584795 0.14035087719298245 0.06140350877192982 0.02631578947368421 
3 0.17982456140350878 0.39035087719298245 0.1608187134502924 0.14035087719298245 
8 0.5730994152046783 0.29385964912280704 0.23391812865497075 0.14035087719298245 
3 0.14473684210526316 0.3048245614035088 0.09649122807017543 0.05701754385964912 
0 0.20760233918128654 0.1206140350877193 0.13450292397660818 0.06578947368421052 
8 0.13304093567251463 0.22807017543859648 0.07309941520467836 0.06140350877192982 
3 0.7485380116959064 0.6008771929824561 0.3157894736842105 0.2543859649122807 
0 0.783625730994152 0.15570175438596492 0.36257309941520466 0.15350877192982457 
3 0.2719298245614035 0.14692982456140352 0.05847953216374269 0.03070175438596491 
3 0.6593567251461988 0.26535087719298245 0.11403508771929824 0.08333333333333333 
