3 0.25416666666666665 0.16875 0.05 0.041666666666666664 
8 0.5597222222222222 0.63125 0.3611111111111111 0.30833333333333335 
3 0.8451388888888889 0.4895833333333333 0.059722222222222225 0.05416666666666667 
3 0.5270833333333333 0.30625 0.07916666666666666 0.05416666666666667 
10 0.9555555555555556 0.8239583333333333 0.08055555555555556 0.17291666666666666 
5 0.9722222222222222 0.709375 0.044444444444444446 0.06875 
3 0.24305555555555555 0.7020833333333333 0.4027777777777778 0.44583333333333336 
3 0.09166666666666666 0.09895833333333333 0.05555555555555555 0.035416666666666666 
3 0.4076388888888889 0.2375 0.07361111111111111 0.058333333333333334 
3 0.175 0.41875 0.24444444444444444 0.225 
