3 0.9125 0.11041666666666666 0.041666666666666664 0.025 
3 0.8798611111111111 0.14270833333333333 0.059722222222222225 0.05625 
3 0.7861111111111111 0.07708333333333334 0.041666666666666664 0.025 
3 0.8159722222222222 0.090625 0.05694444444444444 0.03125 
2 0.6666666666666666 0.5697916666666667 0.6472222222222223 0.46458333333333335 
3 0.8493055555555555 0.11875 0.0375 0.025 
3 0.2388888888888889 0.042708333333333334 0.030555555555555555 0.027083333333333334 
3 0.08611111111111111 0.15208333333333332 0.07222222222222222 0.04583333333333333 
3 0.9715277777777778 0.16145833333333334 0.0375 0.022916666666666665 
3 0.9451388888888889 0.13645833333333332 0.0375 0.022916666666666665 
