3 0.8972222222222223 0.61875 0.16666666666666666 0.16666666666666666 
3 0.7631944444444444 0.3416666666666667 0.059722222222222225 0.04583333333333333 
3 0.8097222222222222 0.5625 0.14444444444444443 0.15416666666666667 
3 0.6902777777777778 0.3302083333333333 0.06944444444444445 0.035416666666666666 
3 0.8145833333333333 0.35104166666666664 0.05694444444444444 0.04791666666666667 
3 0.8451388888888889 0.36770833333333336 0.08194444444444444 0.06041666666666667 
3 0.23958333333333334 0.828125 0.16527777777777777 0.23958333333333334 
3 0.5875 0.4739583333333333 0.1527777777777778 0.08125 
3 0.6819444444444445 0.4739583333333333 0.12222222222222222 0.09791666666666667 
5 0.9604166666666667 0.7 0.06805555555555555 0.14583333333333334 
3 0.5993055555555555 0.3229166666666667 0.07083333333333333 0.0375 
3 0.9673611111111111 0.41770833333333335 0.05138888888888889 0.07708333333333334 
3 0.6409722222222223 0.3770833333333333 0.06805555555555555 0.05 
3 0.44513888888888886 0.440625 0.07083333333333333 0.07708333333333334 
3 0.9111111111111111 0.3302083333333333 0.07222222222222222 0.04791666666666667 
3 0.9395833333333333 0.39791666666666664 0.07361111111111111 0.0625 
3 0.9645833333333333 0.334375 0.059722222222222225 0.03958333333333333 
3 0.5888888888888889 0.42083333333333334 0.11388888888888889 0.04583333333333333 
3 0.7298611111111111 0.5291666666666667 0.1486111111111111 0.11666666666666667 
