3 0.3659722222222222 0.5927083333333333 0.11805555555555555 0.13541666666666666 
3 0.8416666666666667 0.36041666666666666 0.07777777777777778 0.058333333333333334 
3 0.5930555555555556 0.45208333333333334 0.13055555555555556 0.08333333333333333 
3 0.95 0.4822916666666667 0.08333333333333333 0.09791666666666667 
4 0.1451388888888889 0.8010416666666667 0.0625 0.13125 
3 0.74375 0.5 0.14583333333333334 0.1375 
3 0.5784722222222223 0.32395833333333335 0.07361111111111111 0.04375 
3 0.9583333333333334 0.33541666666666664 0.058333333333333334 0.03333333333333333 
3 0.8965277777777778 0.5833333333333334 0.14305555555555555 0.1625 
3 0.7451388888888889 0.37395833333333334 0.07083333333333333 0.04791666666666667 
3 0.9388888888888889 0.6510416666666666 0.10833333333333334 0.18958333333333333 
3 0.6652777777777777 0.48125 0.13055555555555556 0.0875 
3 0.9263888888888889 0.38125 0.06944444444444445 0.07083333333333333 
3 0.7041666666666667 0.340625 0.03888888888888889 0.04375 
3 0.59375 0.4083333333333333 0.13194444444444445 0.05 
3 0.8152777777777778 0.5572916666666666 0.12777777777777777 0.12708333333333333 
