7 0.05486111111111111 0.478125 0.034722222222222224 0.12291666666666666 
3 0.5006944444444444 0.2520833333333333 0.09027777777777778 0.06666666666666667 
5 0.34652777777777777 0.978125 0.12361111111111112 0.035416666666666666 
3 0.4625 0.815625 0.19166666666666668 0.3145833333333333 
2 0.14722222222222223 0.24895833333333334 0.19444444444444445 0.11458333333333333 
3 0.9013888888888889 0.3260416666666667 0.08888888888888889 0.04791666666666667 
3 0.7333333333333333 0.25 0.06388888888888888 0.03333333333333333 
3 0.025694444444444443 0.3 0.0375 0.03333333333333333 
3 0.9569444444444445 0.3927083333333333 0.07222222222222222 0.06458333333333334 
10 0.3902777777777778 0.23020833333333332 0.10555555555555556 0.07291666666666667 
3 0.6027777777777777 0.20208333333333334 0.022222222222222223 0.025 
9 0.03611111111111111 0.6166666666666667 0.06666666666666667 0.18333333333333332 
3 0.6034722222222222 0.30104166666666665 0.12916666666666668 0.06458333333333334 
7 0.8395833333333333 0.42083333333333334 0.0375 0.07916666666666666 
3 0.22083333333333333 0.3927083333333333 0.125 0.08125 
5 0.021527777777777778 0.346875 0.0375 0.06458333333333334 
3 0.3729166666666667 0.30833333333333335 0.11805555555555555 0.058333333333333334 
