3 0.7611111111111111 0.23229166666666667 0.04722222222222222 0.027083333333333334 
3 0.5875 0.21458333333333332 0.041666666666666664 0.04583333333333333 
3 0.4951388888888889 0.22604166666666667 0.07083333333333333 0.06041666666666667 
3 0.7298611111111111 0.265625 0.07916666666666666 0.05625 
7 0.7423611111111111 0.396875 0.015277777777777777 0.06458333333333334 
3 0.9006944444444445 0.5020833333333333 0.10416666666666667 0.15833333333333333 
7 0.6979166666666666 0.3875 0.015277777777777777 0.08333333333333333 
5 0.9743055555555555 0.346875 0.020833333333333332 0.05625 
3 0.6416666666666667 0.234375 0.06666666666666667 0.04791666666666667 
7 0.7222222222222222 0.39375 0.016666666666666666 0.0625 
