3 0.8868055555555555 0.18958333333333333 0.09305555555555556 0.075 
3 0.6861111111111111 0.16770833333333332 0.10833333333333334 0.07708333333333334 
3 0.7138888888888889 0.146875 0.09444444444444444 0.08125 
10 0.42291666666666666 0.06354166666666666 0.10694444444444444 0.07291666666666667 
10 0.4951388888888889 0.09375 0.10694444444444444 0.075 
3 0.6763888888888889 0.09791666666666667 0.06666666666666667 0.05416666666666667 
3 0.8548611111111111 0.19166666666666668 0.09305555555555556 0.1 
3 0.5333333333333333 0.109375 0.06111111111111111 0.06041666666666667 
3 0.45069444444444445 0.08125 0.09861111111111111 0.07083333333333333 
3 0.5631944444444444 0.12083333333333333 0.07083333333333333 0.08333333333333333 
3 0.8965277777777778 0.17604166666666668 0.09305555555555556 0.06458333333333334 
3 0.7784722222222222 0.21354166666666666 0.09305555555555556 0.08958333333333333 
2 0.73125 0.5270833333333333 0.5236111111111111 0.7208333333333333 
3 0.8291666666666667 0.20520833333333333 0.10277777777777777 0.09375 
3 0.9298611111111111 0.16145833333333334 0.06527777777777778 0.052083333333333336 
