5 0.9756944444444444 0.6927083333333334 0.04583333333333333 0.12291666666666666 
3 0.6993055555555555 0.3375 0.0625 0.05416666666666667 
3 0.9284722222222223 0.39166666666666666 0.0625 0.05416666666666667 
3 0.9208333333333333 0.61875 0.1361111111111111 0.15833333333333333 
3 0.2826388888888889 0.8364583333333333 0.15416666666666667 0.27708333333333335 
10 0.8354166666666667 0.3541666666666667 0.09305555555555556 0.07083333333333333 
3 0.9673611111111111 0.4114583333333333 0.04861111111111111 0.08541666666666667 
3 0.6145833333333334 0.37916666666666665 0.0625 0.041666666666666664 
3 0.6722222222222223 0.471875 0.12222222222222222 0.09375 
3 0.8680555555555556 0.37916666666666665 0.06944444444444445 0.06666666666666667 
3 0.5854166666666667 0.4479166666666667 0.09027777777777778 0.07916666666666666 
3 0.8395833333333333 0.559375 0.14027777777777778 0.14791666666666667 
3 0.5819444444444445 0.31666666666666665 0.07777777777777778 0.04583333333333333 
7 0.0625 0.4583333333333333 0.013888888888888888 0.0375 
3 0.7340277777777777 0.3229166666666667 0.05138888888888889 0.04583333333333333 
3 0.7708333333333334 0.509375 0.1388888888888889 0.11875 
3 0.5847222222222223 0.41770833333333335 0.11666666666666667 0.07291666666666667 
