3 0.6888888888888889 0.2760416666666667 0.09166666666666666 0.12291666666666666 
3 0.5104166666666666 0.6739583333333333 0.23472222222222222 0.34791666666666665 
3 0.6236111111111111 0.39895833333333336 0.13055555555555556 0.18541666666666667 
3 0.7263888888888889 0.15520833333333334 0.041666666666666664 0.052083333333333336 
3 0.04791666666666667 0.39375 0.09305555555555556 0.18333333333333332 
3 0.5597222222222222 0.075 0.07222222222222222 0.041666666666666664 
7 0.7590277777777777 0.21354166666666666 0.015277777777777777 0.06041666666666667 
3 0.7201388888888889 0.20833333333333334 0.05416666666666667 0.05 
3 0.4173611111111111 0.13020833333333334 0.08472222222222223 0.07291666666666667 
3 0.30625 0.18645833333333334 0.11527777777777778 0.11041666666666666 
3 0.16805555555555557 0.26666666666666666 0.14444444444444443 0.17083333333333334 
2 0.46597222222222223 0.2989583333333333 0.3625 0.41041666666666665 
