3 0.6625 0.4895833333333333 0.12222222222222222 0.0875 
3 0.9569444444444445 0.4114583333333333 0.06388888888888888 0.07291666666666667 
3 0.5868055555555556 0.453125 0.10694444444444444 0.08958333333333333 
3 0.7020833333333333 0.3416666666666667 0.043055555555555555 0.0375 
3 0.8465277777777778 0.3645833333333333 0.07361111111111111 0.05 
3 0.8152777777777778 0.5572916666666666 0.13055555555555556 0.10625 
3 0.9423611111111111 0.653125 0.10416666666666667 0.18125 
3 0.7458333333333333 0.503125 0.15 0.13541666666666666 
3 0.5784722222222223 0.32395833333333335 0.07083333333333333 0.03958333333333333 
3 0.7611111111111111 0.34270833333333334 0.03611111111111111 0.027083333333333334 
3 0.5875 0.4083333333333333 0.11388888888888889 0.029166666666666667 
8 0.2111111111111111 0.8697916666666666 0.19722222222222222 0.2520833333333333 
3 0.8020833333333334 0.3541666666666667 0.05138888888888889 0.041666666666666664 
3 0.9006944444444445 0.5875 0.13472222222222222 0.15416666666666667 
3 0.6041666666666666 0.38229166666666664 0.06111111111111111 0.022916666666666665 
3 0.9236111111111112 0.384375 0.06111111111111111 0.06458333333333334 
