5 0.4222222222222222 0.019791666666666666 0.058333333333333334 0.027083333333333334 
1 0.35555555555555557 0.88125 0.075 0.20833333333333334 
3 0.6604166666666667 0.13125 0.15138888888888888 0.08333333333333333 
3 0.19236111111111112 0.43020833333333336 0.17916666666666667 0.29791666666666666 
3 0.375 0.03125 0.06666666666666667 0.05 
1 0.4465277777777778 0.4822916666666667 0.04583333333333333 0.16458333333333333 
3 0.6375 0.051041666666666666 0.1111111111111111 0.04375 
3 0.7173611111111111 0.4322916666666667 0.29305555555555557 0.20625 
3 0.6618055555555555 0.09270833333333334 0.12638888888888888 0.05625 
3 0.32708333333333334 0.08645833333333333 0.05694444444444444 0.06875 
10 0.36527777777777776 0.109375 0.09444444444444444 0.11875 
3 0.6319444444444444 0.057291666666666664 0.06388888888888888 0.01875 
3 0.11527777777777778 0.334375 0.13333333333333333 0.18958333333333333 
3 0.6423611111111112 0.023958333333333335 0.0875 0.035416666666666666 
3 0.21736111111111112 0.2 0.10138888888888889 0.12083333333333333 
