3 0.5798611111111112 0.46875 0.14027777777777778 0.09583333333333334 
3 0.6770833333333334 0.46875 0.12083333333333333 0.10416666666666667 
3 0.9340277777777778 0.39895833333333336 0.06805555555555555 0.07708333333333334 
7 0.28888888888888886 0.42604166666666665 0.022222222222222223 0.04791666666666667 
3 0.8090277777777778 0.5572916666666666 0.1486111111111111 0.15208333333333332 
3 0.6923611111111111 0.328125 0.07361111111111111 0.04791666666666667 
3 0.3527777777777778 0.6239583333333333 0.11388888888888889 0.15625 
7 0.2423611111111111 0.43854166666666666 0.0125 0.06458333333333334 
3 0.9020833333333333 0.6135416666666667 0.17083333333333334 0.17708333333333334 
3 0.7284722222222222 0.5239583333333333 0.15416666666666667 0.11041666666666666 
3 0.8451388888888889 0.3625 0.07916666666666666 0.06666666666666667 
3 0.9673611111111111 0.4125 0.05416666666666667 0.07916666666666666 
3 0.6 0.31979166666666664 0.06944444444444445 0.04791666666666667 
3 0.8902777777777777 0.38229166666666664 0.06388888888888888 0.06041666666666667 
3 0.7611111111111111 0.334375 0.04722222222222222 0.04791666666666667 
5 0.9548611111111112 0.6739583333333333 0.07361111111111111 0.18541666666666667 
