3 0.8756944444444444 0.396875 0.0625 0.07708333333333334 
3 0.4930555555555556 0.4322916666666667 0.125 0.10208333333333333 
3 0.3548611111111111 0.8333333333333334 0.30694444444444446 0.32083333333333336 
3 0.9715277777777778 0.32395833333333335 0.0375 0.06041666666666667 
3 0.8701388888888889 0.303125 0.034722222222222224 0.04375 
3 0.7930555555555555 0.21145833333333333 0.03611111111111111 0.027083333333333334 
3 0.1076388888888889 0.8510416666666667 0.20694444444444443 0.24375 
3 0.6527777777777778 0.278125 0.05 0.04375 
8 0.6986111111111111 0.33229166666666665 0.07777777777777778 0.07291666666666667 
3 0.6069444444444444 0.23958333333333334 0.03611111111111111 0.0375 
