3 0.17777777777777778 0.11354166666666667 0.05277777777777778 0.04375 
7 0.043055555555555555 0.19583333333333333 0.022222222222222223 0.03333333333333333 
5 0.9694444444444444 0.5697916666666667 0.03888888888888889 0.11458333333333333 
3 0.03333333333333333 0.29583333333333334 0.06666666666666667 0.08333333333333333 
3 0.8201388888888889 0.6791666666666667 0.30416666666666664 0.20416666666666666 
5 0.017361111111111112 0.5614583333333333 0.034722222222222224 0.11041666666666666 
3 0.16111111111111112 0.31354166666666666 0.1638888888888889 0.13125 
3 0.12569444444444444 0.12083333333333333 0.04027777777777778 0.04583333333333333 
3 0.4097222222222222 0.371875 0.24444444444444444 0.15208333333333332 
3 0.7381944444444445 0.49166666666666664 0.2763888888888889 0.1875 
