3 0.08819444444444445 0.15208333333333332 0.0763888888888889 0.05 
3 0.8583333333333333 0.11666666666666667 0.05 0.025 
3 0.5180555555555556 0.64375 0.36666666666666664 0.2375 
3 0.7895833333333333 0.08229166666666667 0.05416666666666667 0.03125 
3 0.23541666666666666 0.04375 0.02638888888888889 0.029166666666666667 
3 0.8777777777777778 0.140625 0.058333333333333334 0.03958333333333333 
3 0.9145833333333333 0.11145833333333334 0.04583333333333333 0.022916666666666665 
3 0.96875 0.159375 0.034722222222222224 0.03125 
3 0.7625 0.059375 0.05 0.027083333333333334 
3 0.6659722222222222 0.18854166666666666 0.16805555555555557 0.10208333333333333 
