3 0.9708333333333333 0.7052083333333333 0.03888888888888889 0.11875 
3 0.7701388888888889 0.521875 0.14305555555555555 0.11875 
3 0.6965277777777777 0.3458333333333333 0.05138888888888889 0.0375 
10 0.9527777777777777 0.32083333333333336 0.08611111111111111 0.05416666666666667 
3 0.8381944444444445 0.3625 0.09861111111111111 0.07083333333333333 
3 0.9208333333333333 0.6291666666666667 0.1388888888888889 0.15416666666666667 
3 0.8645833333333334 0.3885416666666667 0.06527777777777778 0.06041666666666667 
3 0.5888888888888889 0.4583333333333333 0.09722222222222222 0.07916666666666666 
3 0.5805555555555556 0.425 0.12222222222222222 0.06666666666666667 
3 0.7319444444444444 0.33125 0.04722222222222222 0.04583333333333333 
3 0.8368055555555556 0.5708333333333333 0.14305555555555555 0.14583333333333334 
3 0.9680555555555556 0.421875 0.04722222222222222 0.08541666666666667 
3 0.9284722222222223 0.396875 0.059722222222222225 0.04791666666666667 
3 0.29791666666666666 0.6364583333333333 0.12638888888888888 0.15625 
3 0.5770833333333333 0.384375 0.10972222222222222 0.04375 
3 0.31666666666666665 0.390625 0.08611111111111111 0.03958333333333333 
3 0.6770833333333334 0.4864583333333333 0.13194444444444445 0.10208333333333333 
3 0.5916666666666667 0.3229166666666667 0.07777777777777778 0.05416666666666667 
