3 0.5916666666666667 0.32083333333333336 0.07222222222222222 0.04583333333333333 
3 0.8375 0.36354166666666665 0.09444444444444444 0.07291666666666667 
3 0.6736111111111112 0.48541666666666666 0.13055555555555556 0.1 
3 0.3576388888888889 0.446875 0.07083333333333333 0.06875 
7 0.4791666666666667 0.475 0.019444444444444445 0.07916666666666666 
3 0.8368055555555556 0.5697916666666667 0.1486111111111111 0.14791666666666667 
3 0.23194444444444445 0.60625 0.10833333333333334 0.12916666666666668 
5 0.9715277777777778 0.7145833333333333 0.04583333333333333 0.13333333333333333 
3 0.3923611111111111 0.528125 0.10694444444444444 0.11041666666666666 
3 0.4375 0.440625 0.06666666666666667 0.07708333333333334 
3 0.5840277777777778 0.42604166666666665 0.12083333333333333 0.07291666666666667 
3 0.5895833333333333 0.45729166666666665 0.09583333333333334 0.07708333333333334 
3 0.7673611111111112 0.525 0.14027777777777778 0.125 
3 0.45625 0.34791666666666665 0.04861111111111111 0.041666666666666664 
3 0.7354166666666667 0.334375 0.04027777777777778 0.052083333333333336 
3 0.9694444444444444 0.42291666666666666 0.05277777777777778 0.08333333333333333 
3 0.9222222222222223 0.6333333333333333 0.14722222222222223 0.17083333333333334 
3 0.36944444444444446 0.7177083333333333 0.12777777777777777 0.20208333333333334 
3 0.8701388888888889 0.39166666666666666 0.07083333333333333 0.058333333333333334 
3 0.9361111111111111 0.403125 0.06944444444444445 0.06875 
5 0.3013888888888889 0.9697916666666667 0.13333333333333333 0.052083333333333336 
3 0.5770833333333333 0.384375 0.10138888888888889 0.03125 
3 0.7027777777777777 0.3458333333333333 0.044444444444444446 0.0375 
