3 0.9104166666666667 0.11145833333333334 0.04583333333333333 0.03125 
3 0.3333333333333333 0.39791666666666664 0.28055555555555556 0.1875 
3 0.19791666666666666 0.5916666666666667 0.2986111111111111 0.20833333333333334 
3 0.7604166666666666 0.06145833333333333 0.04027777777777778 0.027083333333333334 
3 0.9680555555555556 0.1625 0.03333333333333333 0.03333333333333333 
3 0.8743055555555556 0.13958333333333334 0.06527777777777778 0.05416666666666667 
3 0.7256944444444444 0.03958333333333333 0.0375 0.020833333333333332 
3 0.7097222222222223 0.078125 0.041666666666666664 0.035416666666666666 
3 0.23958333333333334 0.041666666666666664 0.03194444444444444 0.029166666666666667 
3 0.7875 0.08125 0.05277777777777778 0.041666666666666664 
