3 0.9305555555555556 0.403125 0.058333333333333334 0.06041666666666667 
3 0.5875 0.4583333333333333 0.09166666666666666 0.08333333333333333 
3 0.5819444444444445 0.41770833333333335 0.125 0.06458333333333334 
3 0.6694444444444444 0.48541666666666666 0.12222222222222222 0.09583333333333334 
3 0.25763888888888886 0.4125 0.07916666666666666 0.05 
3 0.5826388888888889 0.38645833333333335 0.11805555555555555 0.035416666666666666 
3 0.8284722222222223 0.359375 0.10694444444444444 0.08125 
3 0.925 0.63125 0.14166666666666666 0.1625 
3 0.9715277777777778 0.7083333333333334 0.043055555555555555 0.14166666666666666 
3 0.6951388888888889 0.3385416666666667 0.05138888888888889 0.052083333333333336 
3 0.2881944444444444 0.8083333333333333 0.16527777777777777 0.24166666666666667 
3 0.7631944444444444 0.5229166666666667 0.13472222222222222 0.12916666666666668 
3 0.9673611111111111 0.41770833333333335 0.04583333333333333 0.08541666666666667 
3 0.875 0.38333333333333336 0.08055555555555556 0.0625 
3 0.84375 0.571875 0.15416666666666667 0.14375 
3 0.5902777777777778 0.3260416666666667 0.075 0.04375 
3 0.7354166666666667 0.3302083333333333 0.043055555555555555 0.052083333333333336 
