3 0.6625 0.13854166666666667 0.15555555555555556 0.08541666666666667 
5 0.4236111111111111 0.01875 0.04722222222222222 0.020833333333333332 
3 0.6381944444444444 0.05416666666666667 0.10694444444444444 0.04583333333333333 
1 0.43333333333333335 0.45625 0.041666666666666664 0.18333333333333332 
3 0.6479166666666667 0.029166666666666667 0.08472222222222223 0.04583333333333333 
3 0.6611111111111111 0.09479166666666666 0.13055555555555556 0.06458333333333334 
3 0.6972222222222222 0.303125 0.2638888888888889 0.13958333333333334 
3 0.46458333333333335 0.14583333333333334 0.09027777777777778 0.0875 
3 0.5402777777777777 0.020833333333333332 0.03888888888888889 0.029166666666666667 
3 0.32430555555555557 0.09375 0.07361111111111111 0.0625 
3 0.2013888888888889 0.775 0.2722222222222222 0.44583333333333336 
3 0.7152777777777778 0.43645833333333334 0.2916666666666667 0.19791666666666666 
3 0.3770833333333333 0.040625 0.07083333333333333 0.05625 
3 0.21666666666666667 0.19895833333333332 0.10277777777777777 0.11875 
3 0.6444444444444445 0.06458333333333334 0.09444444444444444 0.0375 
