3 0.8972222222222223 0.6145833333333334 0.1638888888888889 0.175 
3 0.37916666666666665 0.5447916666666667 0.08888888888888889 0.09791666666666667 
3 0.16944444444444445 0.809375 0.1638888888888889 0.23125 
3 0.5805555555555556 0.4708333333333333 0.14166666666666666 0.0875 
3 0.475 0.38229166666666664 0.075 0.06458333333333334 
3 0.6763888888888889 0.47291666666666665 0.11944444444444445 0.10833333333333334 
3 0.5986111111111111 0.32083333333333336 0.06944444444444445 0.04583333333333333 
3 0.8909722222222223 0.3802083333333333 0.0625 0.06041666666666667 
3 0.7256944444444444 0.5260416666666666 0.14583333333333334 0.12291666666666666 
3 0.9361111111111111 0.3958333333333333 0.06388888888888888 0.0625 
3 0.9673611111111111 0.415625 0.05138888888888889 0.07708333333333334 
3 0.8055555555555556 0.5572916666666666 0.1388888888888889 0.15208333333333332 
3 0.9548611111111112 0.69375 0.06527777777777778 0.15833333333333333 
3 0.5888888888888889 0.428125 0.11666666666666667 0.06875 
3 0.6916666666666667 0.33229166666666665 0.058333333333333334 0.052083333333333336 
3 0.7597222222222222 0.33645833333333336 0.05555555555555555 0.052083333333333336 
3 0.8430555555555556 0.3614583333333333 0.07222222222222222 0.06875 
