3 0.3527777777777778 0.9833333333333333 0.125 0.025 
9 0.035416666666666666 0.6166666666666667 0.06527777777777778 0.1875 
9 0.2048611111111111 0.246875 0.12638888888888888 0.08958333333333333 
3 0.46111111111111114 0.815625 0.19444444444444445 0.3145833333333333 
7 0.9048611111111111 0.403125 0.018055555555555554 0.08541666666666667 
3 0.9756944444444444 0.396875 0.034722222222222224 0.06458333333333334 
6 0.9819444444444444 0.3145833333333333 0.027777777777777776 0.07916666666666666 
3 0.4375 0.21666666666666667 0.008333333333333333 0.03333333333333333 
7 0.9520833333333333 0.365625 0.0125 0.03125 
3 0.6118055555555556 0.19895833333333332 0.029166666666666667 0.03125 
7 0.6583333333333333 0.4427083333333333 0.027777777777777776 0.11875 
7 0.4375 0.21458333333333332 0.011111111111111112 0.0375 
7 0.14375 0.47291666666666665 0.029166666666666667 0.09166666666666666 
7 0.8881944444444444 0.4041666666666667 0.015277777777777777 0.075 
7 0.9180555555555555 0.4114583333333333 0.013888888888888888 0.06458333333333334 
7 0.6861111111111111 0.45729166666666665 0.019444444444444445 0.10625 
3 0.20416666666666666 0.8635416666666667 0.23333333333333334 0.26875 
7 0.06111111111111111 0.515625 0.03888888888888889 0.11875 
3 0.2965277777777778 0.2375 0.05694444444444444 0.041666666666666664 
7 0.8736111111111111 0.39791666666666664 0.019444444444444445 0.09583333333333334 
7 0.8333333333333334 0.3072916666666667 0.011111111111111112 0.04791666666666667 
7 0.03680555555555556 0.525 0.03194444444444444 0.0625 
