3 0.8555555555555555 0.14583333333333334 0.05 0.041666666666666664 
8 0.37916666666666665 0.071875 0.10555555555555556 0.07708333333333334 
3 0.7805555555555556 0.16666666666666666 0.07777777777777778 0.07083333333333333 
3 0.30486111111111114 0.03958333333333333 0.05694444444444444 0.041666666666666664 
3 0.17708333333333334 0.11041666666666666 0.07916666666666666 0.07916666666666666 
3 0.17916666666666667 0.04479166666666667 0.058333333333333334 0.04375 
3 0.7819444444444444 0.11875 0.07222222222222222 0.06666666666666667 
3 0.25069444444444444 0.03333333333333333 0.05694444444444444 0.05 
3 0.7208333333333333 0.128125 0.07777777777777778 0.05625 
7 0.44513888888888886 0.6989583333333333 0.09305555555555556 0.23958333333333334 
3 0.825 0.11145833333333334 0.030555555555555555 0.03958333333333333 
3 0.9388888888888889 0.22291666666666668 0.03611111111111111 0.05 
3 0.12708333333333333 0.084375 0.0625 0.07291666666666667 
3 0.9194444444444444 0.271875 0.06388888888888888 0.08125 
3 0.2972222222222222 0.28125 0.2111111111111111 0.2791666666666667 
3 0.3173611111111111 0.10208333333333333 0.10694444444444444 0.08333333333333333 
