3 0.6909722222222222 0.33229166666666665 0.04861111111111111 0.05625 
3 0.9333333333333333 0.4041666666666667 0.06111111111111111 0.07916666666666666 
3 0.58125 0.475 0.14583333333333334 0.09166666666666666 
3 0.7652777777777777 0.340625 0.04722222222222222 0.04791666666666667 
3 0.25555555555555554 0.8114583333333333 0.14166666666666666 0.21458333333333332 
3 0.8055555555555556 0.35208333333333336 0.03611111111111111 0.041666666666666664 
3 0.9631944444444445 0.41875 0.05416666666666667 0.08333333333333333 
3 0.5847222222222223 0.42604166666666665 0.11388888888888889 0.05625 
3 0.9159722222222222 0.3177083333333333 0.05694444444444444 0.04791666666666667 
7 0.6520833333333333 0.30625 0.018055555555555554 0.0375 
3 0.89375 0.38333333333333336 0.05416666666666667 0.05416666666666667 
3 0.8076388888888889 0.5583333333333333 0.14583333333333334 0.14166666666666666 
3 0.8986111111111111 0.6125 0.16666666666666666 0.17916666666666667 
3 0.9590277777777778 0.696875 0.07083333333333333 0.16875 
3 0.68125 0.47604166666666664 0.1125 0.09791666666666667 
3 0.5993055555555555 0.3177083333333333 0.07083333333333333 0.04375 
3 0.8444444444444444 0.36875 0.08055555555555556 0.07083333333333333 
3 0.6590277777777778 0.365625 0.04861111111111111 0.06458333333333334 
3 0.7284722222222222 0.5239583333333333 0.14027777777777778 0.11458333333333333 
3 0.6645833333333333 0.2833333333333333 0.03194444444444444 0.025 
