3 0.7597222222222222 0.134375 0.03333333333333333 0.03125 
3 0.6159722222222223 0.5135416666666667 0.16805555555555557 0.20625 
3 0.11736111111111111 0.33541666666666664 0.12361111111111112 0.11666666666666667 
3 0.7506944444444444 0.253125 0.059722222222222225 0.06875 
3 0.4847222222222222 0.159375 0.06111111111111111 0.04791666666666667 
3 0.6986111111111111 0.19166666666666668 0.05 0.058333333333333334 
5 0.8138888888888889 0.11354166666666667 0.025 0.04375 
3 0.2916666666666667 0.28020833333333334 0.1111111111111111 0.10625 
3 0.7965277777777777 0.15208333333333332 0.02361111111111111 0.029166666666666667 
3 0.7826388888888889 0.18541666666666667 0.0375 0.041666666666666664 
3 0.3229166666666667 0.5802083333333333 0.24583333333333332 0.2604166666666667 
