3 0.6777777777777778 0.19895833333333332 0.14444444444444443 0.07708333333333334 
3 0.23680555555555555 0.0375 0.02638888888888889 0.025 
3 0.029166666666666667 0.17395833333333333 0.05 0.04375 
3 0.21458333333333332 0.084375 0.043055555555555555 0.03958333333333333 
3 0.8798611111111111 0.13541666666666666 0.06805555555555555 0.04583333333333333 
3 0.8138888888888889 0.375 0.19444444444444445 0.14166666666666666 
3 0.9652777777777778 0.159375 0.03333333333333333 0.01875 
3 0.9118055555555555 0.109375 0.04027777777777778 0.022916666666666665 
3 0.8 0.08020833333333334 0.05277777777777778 0.027083333333333334 
3 0.9111111111111111 0.20729166666666668 0.08888888888888889 0.06041666666666667 
5 0.9680555555555556 0.528125 0.04722222222222222 0.13541666666666666 
3 0.7618055555555555 0.06145833333333333 0.043055555555555555 0.03125 
3 0.5763888888888888 0.14375 0.12777777777777777 0.07083333333333333 
