3 0.3729166666666667 0.46041666666666664 0.08194444444444444 0.08333333333333333 
3 0.9659722222222222 0.4166666666666667 0.04861111111111111 0.075 
3 0.8965277777777778 0.6114583333333333 0.17083333333333334 0.15625 
3 0.6006944444444444 0.3229166666666667 0.0763888888888889 0.041666666666666664 
3 0.8458333333333333 0.3645833333333333 0.07777777777777778 0.05416666666666667 
3 0.9381944444444444 0.39375 0.0625 0.06666666666666667 
3 0.5861111111111111 0.42916666666666664 0.10277777777777777 0.05416666666666667 
3 0.7208333333333333 0.5239583333333333 0.14722222222222223 0.10625 
3 0.8902777777777777 0.38125 0.04722222222222222 0.058333333333333334 
3 0.6791666666666667 0.46979166666666666 0.11388888888888889 0.08541666666666667 
3 0.4909722222222222 0.36041666666666666 0.05694444444444444 0.04583333333333333 
3 0.8076388888888889 0.55625 0.14305555555555555 0.1375 
3 0.58125 0.4739583333333333 0.14583333333333334 0.08541666666666667 
7 0.6680555555555555 0.29270833333333335 0.011111111111111112 0.03125 
3 0.6388888888888888 0.371875 0.07777777777777778 0.04375 
3 0.7590277777777777 0.33645833333333336 0.05138888888888889 0.04375 
3 0.9576388888888889 0.6916666666666667 0.07083333333333333 0.15416666666666667 
3 0.6916666666666667 0.32916666666666666 0.06111111111111111 0.041666666666666664 
3 0.8020833333333334 0.34791666666666665 0.029166666666666667 0.0375 
