3 0.8756944444444444 0.13645833333333332 0.06805555555555555 0.06041666666666667 
3 0.2361111111111111 0.040625 0.027777777777777776 0.027083333333333334 
3 0.22708333333333333 0.1125 0.0625 0.058333333333333334 
3 0.9104166666666667 0.11458333333333333 0.04583333333333333 0.0375 
3 0.7888888888888889 0.08333333333333333 0.06388888888888888 0.03333333333333333 
5 0.9736111111111111 0.3770833333333333 0.027777777777777776 0.1 
3 0.3680555555555556 0.16458333333333333 0.1527777777777778 0.08333333333333333 
3 0.5333333333333333 0.6322916666666667 0.3972222222222222 0.24375 
3 0.03611111111111111 0.17916666666666667 0.06944444444444445 0.0625 
3 0.9715277777777778 0.159375 0.04027777777777778 0.03125 
3 0.7666666666666667 0.057291666666666664 0.05 0.03125 
