3 0.64375 0.2760416666666667 0.2013888888888889 0.17708333333333334 
3 0.12083333333333333 0.24375 0.06666666666666667 0.08333333333333333 
3 0.37430555555555556 0.08229166666666667 0.05694444444444444 0.035416666666666666 
3 0.6583333333333333 0.20833333333333334 0.12222222222222222 0.07916666666666666 
3 0.26319444444444445 0.32708333333333334 0.12638888888888888 0.12916666666666668 
3 0.2520833333333333 0.125 0.04027777777777778 0.029166666666666667 
8 0.17777777777777778 0.26875 0.10555555555555556 0.10833333333333334 
3 0.08333333333333333 0.22916666666666666 0.03333333333333333 0.05 
3 0.3402777777777778 0.07291666666666667 0.041666666666666664 0.0375 
5 0.07430555555555556 0.16979166666666667 0.043055555555555555 0.06458333333333334 
