3 0.5826388888888889 0.32395833333333335 0.07083333333333333 0.052083333333333336 
3 0.7402777777777778 0.5052083333333334 0.15833333333333333 0.13541666666666666 
3 0.7951388888888888 0.35833333333333334 0.0625 0.05416666666666667 
3 0.9402777777777778 0.6614583333333334 0.10555555555555556 0.18541666666666667 
3 0.25416666666666665 0.8791666666666667 0.17222222222222222 0.2375 
3 0.59375 0.415625 0.13472222222222222 0.06041666666666667 
3 0.9284722222222223 0.378125 0.06805555555555555 0.07291666666666667 
3 0.8993055555555556 0.5854166666666667 0.15138888888888888 0.17083333333333334 
3 0.7576388888888889 0.3385416666666667 0.03194444444444444 0.04791666666666667 
3 0.6673611111111111 0.47708333333333336 0.13194444444444445 0.07916666666666666 
3 0.5888888888888889 0.453125 0.125 0.09375 
3 0.7013888888888888 0.3458333333333333 0.058333333333333334 0.05416666666666667 
3 0.8479166666666667 0.36354166666666665 0.08194444444444444 0.04791666666666667 
3 0.9541666666666667 0.4114583333333333 0.07222222222222222 0.07708333333333334 
3 0.8173611111111111 0.559375 0.12638888888888888 0.13125 
