5 0.7353801169590644 0.18201754385964913 0.02046783625730994 0.021929824561403508 
5 0.7748538011695907 0.17763157894736842 0.017543859649122806 0.021929824561403508 
3 0.27485380116959063 0.21052631578947367 0.05847953216374269 0.043859649122807015 
3 0.05701754385964912 0.2719298245614035 0.043859649122807015 0.07017543859649122 
3 0.31432748538011696 0.24780701754385964 0.07894736842105263 0.03070175438596491 
3 0.8055555555555556 0.7763157894736842 0.26608187134502925 0.3333333333333333 
5 0.15497076023391812 0.20394736842105263 0.029239766081871343 0.03070175438596491 
5 0.6739766081871345 0.9210526315789473 0.32456140350877194 0.14912280701754385 
3 0.14473684210526316 0.4166666666666667 0.10818713450292397 0.12280701754385964 
8 0.543859649122807 0.30701754385964913 0.13450292397660818 0.06140350877192982 
