3 0.8375 0.571875 0.14722222222222223 0.13958333333333334 
3 0.5895833333333333 0.46041666666666664 0.09027777777777778 0.08333333333333333 
3 0.6826388888888889 0.34375 0.07916666666666666 0.041666666666666664 
3 0.15138888888888888 0.4354166666666667 0.041666666666666664 0.041666666666666664 
3 0.9701388888888889 0.4166666666666667 0.043055555555555555 0.0875 
3 0.41388888888888886 0.45729166666666665 0.075 0.08125 
3 0.5819444444444445 0.42604166666666665 0.11944444444444445 0.06458333333333334 
3 0.5916666666666667 0.32083333333333336 0.075 0.041666666666666664 
3 0.5847222222222223 0.3854166666666667 0.10555555555555556 0.03333333333333333 
3 0.7368055555555556 0.32395833333333335 0.043055555555555555 0.052083333333333336 
7 0.5368055555555555 0.7760416666666666 0.03194444444444444 0.12291666666666666 
7 0.49027777777777776 0.75625 0.041666666666666664 0.14583333333333334 
3 0.11041666666666666 0.4395833333333333 0.034722222222222224 0.03333333333333333 
9 0.4847222222222222 0.3416666666666667 0.07777777777777778 0.10416666666666667 
3 0.7618055555555555 0.5177083333333333 0.12083333333333333 0.11041666666666666 
3 0.25972222222222224 0.4125 0.075 0.05416666666666667 
3 0.8354166666666667 0.35625 0.10138888888888889 0.075 
3 0.6729166666666667 0.48020833333333335 0.12638888888888888 0.09375 
3 0.8756944444444444 0.38645833333333335 0.07916666666666666 0.05625 
3 0.975 0.709375 0.04722222222222222 0.12291666666666666 
3 0.9208333333333333 0.63125 0.1388888888888889 0.1625 
3 0.9291666666666667 0.3958333333333333 0.05277777777777778 0.05416666666666667 
10 0.9479166666666666 0.31979166666666664 0.0763888888888889 0.06041666666666667 
5 0.5826388888888889 0.2864583333333333 0.04861111111111111 0.03125 
