3 0.2222222222222222 0.221875 0.15555555555555556 0.08958333333333333 
3 0.3548611111111111 0.05 0.029166666666666667 0.03333333333333333 
3 0.2375 0.04375 0.030555555555555555 0.029166666666666667 
3 0.9090277777777778 0.115625 0.043055555555555555 0.022916666666666665 
3 0.8479166666666667 0.11875 0.0375 0.025 
3 0.9659722222222222 0.16354166666666667 0.04027777777777778 0.035416666666666666 
3 0.08819444444444445 0.15729166666666666 0.07361111111111111 0.052083333333333336 
3 0.16458333333333333 0.6052083333333333 0.3013888888888889 0.21041666666666667 
3 0.8784722222222222 0.13958333333333334 0.0625 0.041666666666666664 
3 0.9402777777777778 0.140625 0.03333333333333333 0.01875 
3 0.8118055555555556 0.09166666666666666 0.06527777777777778 0.0375 
