8 0.38819444444444445 0.4239583333333333 0.2875 0.21458333333333332 
3 0.825 0.48125 0.06388888888888888 0.04583333333333333 
3 0.9388888888888889 0.5770833333333333 0.058333333333333334 0.0625 
3 0.043055555555555555 0.30104166666666665 0.08611111111111111 0.16041666666666668 
8 0.17777777777777778 0.13333333333333333 0.07222222222222222 0.05 
8 0.21875 0.6489583333333333 0.4375 0.54375 
3 0.7875 0.6645833333333333 0.1527777777777778 0.14166666666666666 
3 0.9173611111111111 0.7864583333333334 0.15416666666666667 0.19791666666666666 
10 0.37777777777777777 0.528125 0.35555555555555557 0.3729166666666667 
6 0.16597222222222222 0.2989583333333333 0.1986111111111111 0.13125 
