9 0.5805555555555556 0.24583333333333332 0.06666666666666667 0.06666666666666667 
3 0.8722222222222222 0.4239583333333333 0.06111111111111111 0.09375 
8 0.6402777777777777 0.225 0.04722222222222222 0.0375 
3 0.38958333333333334 0.25729166666666664 0.05416666666666667 0.01875 
8 0.18611111111111112 0.7322916666666667 0.24444444444444444 0.2604166666666667 
3 0.7680555555555556 0.24583333333333332 0.030555555555555555 0.03333333333333333 
3 0.075 0.6354166666666666 0.12222222222222222 0.15833333333333333 
5 0.03125 0.578125 0.034722222222222224 0.07291666666666667 
3 0.8736111111111111 0.571875 0.09166666666666666 0.17291666666666666 
8 0.29375 0.42604166666666665 0.12361111111111112 0.08958333333333333 
3 0.4909722222222222 0.31145833333333334 0.06805555555555555 0.05625 
3 0.6673611111111111 0.3770833333333333 0.07916666666666666 0.075 
3 0.86875 0.3416666666666667 0.05138888888888889 0.075 
