3 0.5243055555555556 0.18958333333333333 0.034722222222222224 0.03333333333333333 
3 0.3854166666666667 0.190625 0.034722222222222224 0.03125 
3 0.07847222222222222 0.3885416666666667 0.10138888888888889 0.09375 
3 0.29583333333333334 0.18125 0.041666666666666664 0.029166666666666667 
3 0.18888888888888888 0.24375 0.04722222222222222 0.0375 
3 0.2125 0.26458333333333334 0.06388888888888888 0.05416666666666667 
3 0.4527777777777778 0.39791666666666664 0.08333333333333333 0.1125 
2 0.2520833333333333 0.35 0.24861111111111112 0.2708333333333333 
0 0.06458333333333334 0.33229166666666665 0.12916666666666668 0.16875 
0 0.29930555555555555 0.15208333333333332 0.0763888888888889 0.058333333333333334 
3 0.27152777777777776 0.23020833333333332 0.043055555555555555 0.03958333333333333 
3 0.3375 0.19583333333333333 0.030555555555555555 0.025 
