3 0.8479166666666667 0.12083333333333333 0.0375 0.025 
3 0.3013888888888889 0.20520833333333333 0.16666666666666666 0.11875 
5 0.041666666666666664 0.61875 0.08333333333333333 0.1875 
3 0.23819444444444443 0.04479166666666667 0.034722222222222224 0.027083333333333334 
3 0.08819444444444445 0.15625 0.07083333333333333 0.05416666666666667 
3 0.9680555555555556 0.16666666666666666 0.03888888888888889 0.029166666666666667 
3 0.9638888888888889 0.5510416666666667 0.04722222222222222 0.15208333333333332 
3 0.7888888888888889 0.07916666666666666 0.05 0.025 
3 0.9083333333333333 0.11041666666666666 0.03888888888888889 0.020833333333333332 
3 0.8243055555555555 0.22708333333333333 0.11805555555555555 0.075 
3 0.94375 0.14375 0.034722222222222224 0.020833333333333332 
3 0.4625 0.38645833333333335 0.2972222222222222 0.19375 
3 0.8763888888888889 0.146875 0.06388888888888888 0.04375 
8 0.4354166666666667 0.15520833333333334 0.1375 0.06875 
3 0.8159722222222222 0.09479166666666666 0.059722222222222225 0.03125 
3 0.9215277777777777 0.12604166666666666 0.04027777777777778 0.022916666666666665 
