7 0.41875 0.9395833333333333 0.06527777777777778 0.11666666666666667 
5 0.07430555555555556 0.7791666666666667 0.14583333333333334 0.20416666666666666 
3 0.4465277777777778 0.12395833333333334 0.034722222222222224 0.03125 
10 0.5854166666666667 0.24375 0.11805555555555555 0.09166666666666666 
3 0.49722222222222223 0.215625 0.08055555555555556 0.06458333333333334 
5 0.052083333333333336 0.6 0.10416666666666667 0.15416666666666667 
3 0.8652777777777778 0.378125 0.14166666666666666 0.12291666666666666 
5 0.4722222222222222 0.125 0.019444444444444445 0.020833333333333332 
2 0.5402777777777777 0.5166666666666667 0.5222222222222223 0.5958333333333333 
7 0.33819444444444446 0.95 0.06805555555555555 0.09166666666666666 
