3 0.7105263157894737 0.4057017543859649 0.24561403508771928 0.17982456140350878 
3 0.21637426900584794 0.21929824561403508 0.07602339181286549 0.06140350877192982 
3 0.27046783625730997 0.4451754385964912 0.18421052631578946 0.17105263157894737 
3 0.6154970760233918 0.14473684210526316 0.09064327485380116 0.043859649122807015 
3 0.6286549707602339 0.1162280701754386 0.09941520467836257 0.039473684210526314 
3 0.3333333333333333 0.26096491228070173 0.14035087719298245 0.10087719298245613 
3 0.05116959064327485 0.23026315789473684 0.03216374269005848 0.039473684210526314 
0 0.347953216374269 0.1118421052631579 0.2222222222222222 0.08333333333333333 
3 0.8318713450292398 0.6293859649122807 0.3128654970760234 0.25 
5 0.8581871345029239 0.17324561403508773 0.049707602339181284 0.04824561403508772 
