3 0.5791666666666667 0.328125 0.07222222222222222 0.04791666666666667 
3 0.7993055555555556 0.3614583333333333 0.04861111111111111 0.04791666666666667 
3 0.95625 0.41041666666666665 0.059722222222222225 0.07916666666666666 
3 0.7020833333333333 0.34479166666666666 0.05138888888888889 0.03958333333333333 
3 0.9208333333333333 0.38229166666666664 0.06111111111111111 0.05625 
3 0.6618055555555555 0.48333333333333334 0.12638888888888888 0.0875 
3 0.8972222222222223 0.5875 0.14444444444444443 0.15833333333333333 
3 0.7604166666666666 0.34375 0.0375 0.03333333333333333 
3 0.60625 0.39166666666666666 0.06527777777777778 0.029166666666666667 
3 0.8430555555555556 0.36041666666666666 0.08055555555555556 0.058333333333333334 
3 0.74375 0.503125 0.14583333333333334 0.13958333333333334 
3 0.5875 0.41041666666666665 0.13055555555555556 0.041666666666666664 
3 0.8125 0.5645833333333333 0.13055555555555556 0.12083333333333333 
3 0.3854166666666667 0.48333333333333334 0.06805555555555555 0.075 
3 0.2847222222222222 0.8697916666666666 0.16944444444444445 0.24791666666666667 
3 0.5854166666666667 0.459375 0.1125 0.08958333333333333 
3 0.9402777777777778 0.6614583333333334 0.10555555555555556 0.18125 
5 0.9833333333333333 0.43854166666666666 0.019444444444444445 0.06041666666666667 
