3 0.44305555555555554 0.24375 0.022222222222222223 0.020833333333333332 
3 0.36527777777777776 0.4239583333333333 0.10277777777777777 0.11875 
3 0.2604166666666667 0.65625 0.14583333333333334 0.19583333333333333 
5 0.5222222222222223 0.19479166666666667 0.05555555555555555 0.04791666666666667 
5 0.02638888888888889 0.2916666666666667 0.044444444444444446 0.06666666666666667 
5 0.9819444444444444 0.38125 0.030555555555555555 0.1 
2 0.80625 0.7458333333333333 0.37916666666666665 0.5 
3 0.7597222222222222 0.3125 0.07222222222222222 0.0625 
2 0.8 0.28125 0.18333333333333332 0.1375 
3 0.42916666666666664 0.290625 0.044444444444444446 0.052083333333333336 
2 0.6270833333333333 0.22291666666666668 0.10416666666666667 0.07083333333333333 
