3 0.07083333333333333 0.23645833333333333 0.08333333333333333 0.06875 
3 0.8131944444444444 0.09270833333333334 0.059722222222222225 0.035416666666666666 
3 0.8472222222222222 0.11770833333333333 0.041666666666666664 0.027083333333333334 
3 0.14652777777777778 0.234375 0.11805555555555555 0.09791666666666667 
3 0.9673611111111111 0.159375 0.0375 0.03125 
3 0.94375 0.13645833333333332 0.034722222222222224 0.027083333333333334 
3 0.8159722222222222 0.18541666666666667 0.10416666666666667 0.0625 
3 0.78125 0.07916666666666666 0.0375 0.025 
5 0.018055555555555554 0.18541666666666667 0.030555555555555555 0.0375 
3 0.08819444444444445 0.15833333333333333 0.07361111111111111 0.05416666666666667 
3 0.23819444444444443 0.04583333333333333 0.029166666666666667 0.025 
3 0.50625 0.6125 0.3902777777777778 0.23333333333333334 
5 0.02361111111111111 0.43645833333333334 0.041666666666666664 0.08958333333333333 
3 0.8791666666666667 0.140625 0.06388888888888888 0.04791666666666667 
3 0.9090277777777778 0.11145833333333334 0.04583333333333333 0.03125 
