8 0.7805555555555556 0.453125 0.08611111111111111 0.07291666666666667 
8 0.6694444444444444 0.38125 0.09444444444444444 0.0625 
10 0.05555555555555555 0.09375 0.058333333333333334 0.03333333333333333 
3 0.9430555555555555 0.5739583333333333 0.05 0.04791666666666667 
3 0.1638888888888889 0.13854166666666667 0.06388888888888888 0.03958333333333333 
3 0.6541666666666667 0.6510416666666666 0.2611111111111111 0.2520833333333333 
3 0.525 0.3072916666666667 0.08611111111111111 0.052083333333333336 
10 0.4076388888888889 0.23645833333333333 0.09583333333333334 0.07291666666666667 
3 0.2875 0.1875 0.06388888888888888 0.05416666666666667 
3 0.8708333333333333 0.5208333333333334 0.06944444444444445 0.05416666666666667 
0 0.2361111111111111 0.5791666666666667 0.4722222222222222 0.7041666666666667 
3 0.4756944444444444 0.25625 0.04861111111111111 0.041666666666666664 
