5 0.21736111111111112 0.14270833333333333 0.07916666666666666 0.03958333333333333 
3 0.25416666666666665 0.171875 0.06111111111111111 0.03958333333333333 
3 0.15486111111111112 0.13333333333333333 0.059722222222222225 0.0375 
3 0.36666666666666664 0.53125 0.3138888888888889 0.29583333333333334 
6 0.31180555555555556 0.17083333333333334 0.08472222222222223 0.075 
3 0.5979166666666667 0.33645833333333336 0.06805555555555555 0.052083333333333336 
3 0.48680555555555555 0.28541666666666665 0.08472222222222223 0.058333333333333334 
3 0.06111111111111111 0.096875 0.05555555555555555 0.035416666666666666 
3 0.7958333333333333 0.46875 0.06666666666666667 0.0625 
3 0.4111111111111111 0.23541666666666666 0.06666666666666667 0.04583333333333333 
