3 0.9347222222222222 0.40729166666666666 0.06388888888888888 0.06458333333333334 
3 0.6951388888888889 0.3333333333333333 0.04861111111111111 0.05416666666666667 
3 0.7604166666666666 0.340625 0.06527777777777778 0.04791666666666667 
3 0.8076388888888889 0.35104166666666664 0.05416666666666667 0.04791666666666667 
7 0.24583333333333332 0.4375 0.013888888888888888 0.05 
3 0.8951388888888889 0.6177083333333333 0.17916666666666667 0.16458333333333333 
3 0.5881944444444445 0.428125 0.10972222222222222 0.05625 
3 0.6013888888888889 0.321875 0.075 0.03958333333333333 
3 0.5826388888888889 0.46979166666666666 0.14583333333333334 0.08125 
7 0.2361111111111111 0.4427083333333333 0.008333333333333333 0.035416666666666666 
3 0.40625 0.46041666666666664 0.08194444444444444 0.09166666666666666 
3 0.9673611111111111 0.42291666666666666 0.05694444444444444 0.07916666666666666 
3 0.7263888888888889 0.528125 0.14166666666666666 0.11458333333333333 
3 0.8944444444444445 0.3885416666666667 0.06944444444444445 0.05625 
7 0.2534722222222222 0.4354166666666667 0.0125 0.04583333333333333 
3 0.8486111111111111 0.36666666666666664 0.08888888888888889 0.058333333333333334 
5 0.9576388888888889 0.7 0.07083333333333333 0.16666666666666666 
7 0.2826388888888889 0.4270833333333333 0.020833333333333332 0.04583333333333333 
3 0.6798611111111111 0.478125 0.1125 0.09375 
3 0.8104166666666667 0.5604166666666667 0.14583333333333334 0.14583333333333334 
