3 0.8951388888888889 0.303125 0.15694444444444444 0.09375 
3 0.9486111111111111 0.2125 0.08055555555555556 0.07916666666666666 
1 0.6388888888888888 0.246875 0.025 0.09375 
3 0.7069444444444445 0.06354166666666666 0.022222222222222223 0.022916666666666665 
3 0.6236111111111111 0.05520833333333333 0.030555555555555555 0.03958333333333333 
3 0.22708333333333333 0.046875 0.0625 0.035416666666666666 
3 0.8958333333333334 0.3458333333333333 0.16111111111111112 0.14166666666666666 
3 0.3326388888888889 0.013541666666666667 0.05694444444444444 0.022916666666666665 
3 0.9375 0.49166666666666664 0.1 0.13333333333333333 
3 0.15694444444444444 0.059375 0.044444444444444446 0.03958333333333333 
3 0.26180555555555557 0.0875 0.08194444444444444 0.04583333333333333 
10 0.9152777777777777 0.8677083333333333 0.14444444444444443 0.25625 
3 0.02013888888888889 0.15 0.03194444444444444 0.041666666666666664 
