10 0.4048611111111111 0.23333333333333334 0.09861111111111111 0.07083333333333333 
5 0.9708333333333333 0.8833333333333333 0.04722222222222222 0.10833333333333334 
8 0.7826388888888889 0.45 0.09027777777777778 0.075 
3 0.5180555555555556 0.29583333333333334 0.075 0.058333333333333334 
5 0.09097222222222222 0.1125 0.05138888888888889 0.0375 
3 0.65625 0.37604166666666666 0.07916666666666666 0.06041666666666667 
3 0.8701388888888889 0.5145833333333333 0.0625 0.05416666666666667 
3 0.34930555555555554 0.5197916666666667 0.2875 0.26458333333333334 
3 0.9381944444444444 0.5739583333333333 0.04583333333333333 0.04375 
5 0.5972222222222222 0.3302083333333333 0.06666666666666667 0.052083333333333336 
3 0.16458333333333333 0.1375 0.059722222222222225 0.041666666666666664 
3 0.2826388888888889 0.18854166666666666 0.05416666666666667 0.03958333333333333 
