3 0.6631944444444444 0.48125 0.12916666666666668 0.09583333333333334 
3 0.8986111111111111 0.5875 0.14444444444444443 0.16666666666666666 
7 0.10416666666666667 0.44479166666666664 0.019444444444444445 0.03958333333333333 
3 0.39305555555555555 0.44583333333333336 0.07222222222222222 0.0875 
3 0.9569444444444445 0.4125 0.07222222222222222 0.07916666666666666 
3 0.9194444444444444 0.3854166666666667 0.058333333333333334 0.075 
3 0.8486111111111111 0.35833333333333334 0.08888888888888889 0.06666666666666667 
3 0.9395833333333333 0.65625 0.10138888888888889 0.1875 
3 0.5770833333333333 0.32708333333333334 0.07916666666666666 0.05416666666666667 
3 0.79375 0.35520833333333335 0.043055555555555555 0.052083333333333336 
3 0.5875 0.41041666666666665 0.12777777777777777 0.05416666666666667 
3 0.7569444444444444 0.34270833333333334 0.044444444444444446 0.04375 
3 0.6986111111111111 0.33958333333333335 0.058333333333333334 0.05 
3 0.8131944444444444 0.5604166666666667 0.12638888888888888 0.125 
3 0.5847222222222223 0.4552083333333333 0.1111111111111111 0.09375 
3 0.9840277777777777 0.43645833333333334 0.02361111111111111 0.06458333333333334 
3 0.7444444444444445 0.5052083333333334 0.15833333333333333 0.14375 
