3 0.3388888888888889 0.07708333333333334 0.058333333333333334 0.06666666666666667 
3 0.7291666666666666 0.296875 0.23055555555555557 0.12708333333333333 
3 0.17430555555555555 0.4354166666666667 0.15416666666666667 0.24166666666666667 
3 0.6291666666666667 0.028125 0.058333333333333334 0.01875 
5 0.17916666666666667 0.9197916666666667 0.19722222222222222 0.15625 
3 0.11875 0.34791666666666665 0.13472222222222222 0.19166666666666668 
3 0.6319444444444444 0.18541666666666667 0.19722222222222222 0.1 
3 0.21458333333333332 0.21770833333333334 0.10416666666666667 0.12291666666666666 
3 0.6618055555555555 0.146875 0.1625 0.08125 
10 0.6430555555555556 0.08541666666666667 0.19166666666666668 0.1125 
3 0.4013888888888889 0.034375 0.05555555555555555 0.06041666666666667 
5 0.44375 0.017708333333333333 0.0375 0.027083333333333334 
1 0.4375 0.46041666666666664 0.058333333333333334 0.17083333333333334 
3 0.7576388888888889 0.42291666666666666 0.29305555555555557 0.18333333333333332 
