3 0.8138888888888889 0.559375 0.13333333333333333 0.11875 
3 0.5902777777777778 0.4083333333333333 0.12222222222222222 0.05 
3 0.7458333333333333 0.5 0.15555555555555556 0.15 
3 0.8972222222222223 0.5854166666666667 0.14722222222222223 0.16666666666666666 
3 0.9402777777777778 0.659375 0.10833333333333334 0.18958333333333333 
3 0.5756944444444444 0.3260416666666667 0.06527777777777778 0.04791666666666667 
3 0.925 0.38229166666666664 0.075 0.07291666666666667 
3 0.7006944444444444 0.340625 0.05694444444444444 0.04791666666666667 
3 0.6604166666666667 0.478125 0.12916666666666668 0.10208333333333333 
3 0.5826388888888889 0.45208333333333334 0.10972222222222222 0.0875 
3 0.8444444444444444 0.36354166666666665 0.07777777777777778 0.06458333333333334 
3 0.6083333333333333 0.38229166666666664 0.06388888888888888 0.027083333333333334 
3 0.23402777777777778 0.8208333333333333 0.17916666666666667 0.2833333333333333 
