3 0.2861111111111111 0.6708333333333333 0.35555555555555557 0.39166666666666666 
3 0.8083333333333333 0.46770833333333334 0.09166666666666666 0.06875 
3 0.9597222222222223 0.584375 0.06666666666666667 0.07291666666666667 
3 0.8895833333333333 0.5239583333333333 0.04861111111111111 0.04375 
3 0.6833333333333333 0.38958333333333334 0.07222222222222222 0.05 
3 0.09027777777777778 0.1125 0.06388888888888888 0.029166666666666667 
3 0.36319444444444443 0.209375 0.043055555555555555 0.03958333333333333 
3 0.17569444444444443 0.13020833333333334 0.05138888888888889 0.03958333333333333 
8 0.42569444444444443 0.24583333333333332 0.09861111111111111 0.07083333333333333 
6 0.035416666666666666 0.065625 0.06805555555555555 0.06875 
