3 0.5770833333333333 0.475 0.14027777777777778 0.09166666666666666 
3 0.7284722222222222 0.528125 0.15138888888888888 0.11875 
3 0.9590277777777778 0.6875 0.07083333333333333 0.17083333333333334 
3 0.3215277777777778 0.6291666666666667 0.11805555555555555 0.15416666666666667 
3 0.5923611111111111 0.4270833333333333 0.12083333333333333 0.05416666666666667 
3 0.8069444444444445 0.3541666666666667 0.04722222222222222 0.03333333333333333 
3 0.8097222222222222 0.5583333333333333 0.1527777777777778 0.15 
3 0.5979166666666667 0.32395833333333335 0.07361111111111111 0.04375 
3 0.8979166666666667 0.615625 0.17083333333333334 0.16875 
3 0.9409722222222222 0.396875 0.07916666666666666 0.06041666666666667 
3 0.8458333333333333 0.3645833333333333 0.07777777777777778 0.06666666666666667 
3 0.6895833333333333 0.32916666666666666 0.059722222222222225 0.05416666666666667 
3 0.7618055555555555 0.33645833333333336 0.04861111111111111 0.04791666666666667 
3 0.9666666666666667 0.41770833333333335 0.05555555555555555 0.08125 
3 0.6777777777777778 0.47291666666666665 0.11944444444444445 0.1125 
3 0.8951388888888889 0.3802083333333333 0.06805555555555555 0.06875 
