3 0.8770833333333333 0.13958333333333334 0.059722222222222225 0.041666666666666664 
3 0.9645833333333333 0.16041666666666668 0.0375 0.020833333333333332 
3 0.73125 0.3729166666666667 0.24583333333333332 0.17916666666666667 
3 0.90625 0.10625 0.04027777777777778 0.029166666666666667 
3 0.8520833333333333 0.11770833333333333 0.034722222222222224 0.027083333333333334 
5 0.022916666666666665 0.34791666666666665 0.04583333333333333 0.0875 
8 0.12777777777777777 0.6385416666666667 0.25 0.22291666666666668 
3 0.27847222222222223 0.18020833333333333 0.14583333333333334 0.08125 
3 0.7840277777777778 0.075 0.043055555555555555 0.025 
3 0.7611111111111111 0.0625 0.04722222222222222 0.025 
3 0.8138888888888889 0.090625 0.05555555555555555 0.03125 
3 0.08611111111111111 0.15416666666666667 0.07777777777777778 0.04583333333333333 
