3 0.6333333333333333 0.16875 0.14166666666666666 0.0625 
3 0.24583333333333332 0.21666666666666667 0.15 0.09583333333333334 
3 0.85 0.115625 0.044444444444444446 0.01875 
3 0.23819444444444443 0.04375 0.03194444444444444 0.025 
3 0.9673611111111111 0.1625 0.04027777777777778 0.03333333333333333 
3 0.08819444444444445 0.15416666666666667 0.07361111111111111 0.05416666666666667 
3 0.8125 0.09270833333333334 0.06111111111111111 0.03125 
3 0.8763888888888889 0.1375 0.06111111111111111 0.04583333333333333 
3 0.7881944444444444 0.078125 0.05416666666666667 0.035416666666666666 
3 0.7618055555555555 0.06145833333333333 0.04583333333333333 0.03125 
3 0.9451388888888889 0.13645833333333332 0.043055555555555555 0.04375 
3 0.9055555555555556 0.1125 0.03611111111111111 0.029166666666666667 
8 0.9236111111111112 0.3927083333333333 0.13333333333333333 0.15625 
3 0.89375 0.5864583333333333 0.18194444444444444 0.19791666666666666 
