3 0.8986111111111111 0.6145833333333334 0.16666666666666666 0.175 
3 0.9354166666666667 0.40208333333333335 0.06805555555555555 0.06666666666666667 
3 0.6006944444444444 0.321875 0.06805555555555555 0.04791666666666667 
3 0.9652777777777778 0.4166666666666667 0.05277777777777778 0.08333333333333333 
3 0.6569444444444444 0.35520833333333335 0.05555555555555555 0.04375 
3 0.8402777777777778 0.365625 0.07222222222222222 0.06875 
3 0.8944444444444445 0.3770833333333333 0.06111111111111111 0.06666666666666667 
3 0.7611111111111111 0.3375 0.05277777777777778 0.0625 
3 0.5923611111111111 0.428125 0.1125 0.05625 
3 0.9569444444444445 0.696875 0.06944444444444445 0.17291666666666666 
3 0.6909722222222222 0.33125 0.06527777777777778 0.05416666666666667 
3 0.96875 0.3260416666666667 0.05138888888888889 0.04791666666666667 
3 0.7277777777777777 0.5239583333333333 0.14444444444444443 0.12708333333333333 
3 0.6756944444444445 0.4739583333333333 0.11527777777777778 0.09791666666666667 
3 0.6388888888888888 0.271875 0.03611111111111111 0.03125 
3 0.8118055555555556 0.5572916666666666 0.14305555555555555 0.14791666666666667 
3 0.5826388888888889 0.47291666666666665 0.14305555555555555 0.09166666666666666 
3 0.3506944444444444 0.63125 0.12638888888888888 0.17083333333333334 
3 0.8020833333333334 0.3541666666666667 0.0375 0.04583333333333333 
10 0.41041666666666665 0.43125 0.09027777777777778 0.12916666666666668 
