3 0.9659722222222222 0.15208333333333332 0.04027777777777778 0.03333333333333333 
3 0.7729166666666667 0.20104166666666667 0.14583333333333334 0.08958333333333333 
3 0.8777777777777778 0.13333333333333333 0.06388888888888888 0.05416666666666667 
8 0.7958333333333333 0.159375 0.1361111111111111 0.08541666666666667 
3 0.2423611111111111 0.06145833333333333 0.04027777777777778 0.035416666666666666 
3 0.30694444444444446 0.17395833333333333 0.14722222222222223 0.08125 
3 0.7979166666666667 0.390625 0.20416666666666666 0.14375 
3 0.7854166666666667 0.078125 0.06805555555555555 0.04375 
3 0.2076388888888889 0.08854166666666667 0.04861111111111111 0.03958333333333333 
3 0.7631944444444444 0.052083333333333336 0.0625 0.025 
3 0.0875 0.15 0.07222222222222222 0.05416666666666667 
3 0.9083333333333333 0.10729166666666666 0.05 0.035416666666666666 
