3 0.8722222222222222 0.56875 0.08888888888888889 0.1625 
10 0.5694444444444444 0.2520833333333333 0.075 0.075 
8 0.2423611111111111 0.46458333333333335 0.12916666666666668 0.1125 
3 0.40208333333333335 0.25625 0.05416666666666667 0.020833333333333332 
3 0.03333333333333333 0.6625 0.06666666666666667 0.13333333333333333 
3 0.4666666666666667 0.32708333333333334 0.075 0.058333333333333334 
9 0.6305555555555555 0.22604166666666667 0.04722222222222222 0.03958333333333333 
3 0.8659722222222223 0.3385416666666667 0.04583333333333333 0.07708333333333334 
3 0.8729166666666667 0.42604166666666665 0.059722222222222225 0.09791666666666667 
3 0.7159722222222222 0.3072916666666667 0.04861111111111111 0.04791666666666667 
8 0.4756944444444444 0.446875 0.1375 0.13125 
