2 0.25625 0.44479166666666664 0.36527777777777776 0.5895833333333333 
3 0.8423611111111111 0.22604166666666667 0.07083333333333333 0.07708333333333334 
3 0.8076388888888889 0.14479166666666668 0.06805555555555555 0.06875 
3 0.8770833333333333 0.20625 0.0875 0.0875 
3 0.6840277777777778 0.178125 0.10694444444444444 0.07708333333333334 
3 0.8902777777777777 0.12916666666666668 0.03888888888888889 0.0375 
3 0.7798611111111111 0.22604166666666667 0.09583333333333334 0.09375 
3 0.8909722222222223 0.19270833333333334 0.08194444444444444 0.08125 
3 0.9326388888888889 0.171875 0.06527777777777778 0.05625 
3 0.7041666666666667 0.15416666666666667 0.10277777777777777 0.07916666666666666 
3 0.775 0.14791666666666667 0.1111111111111111 0.08333333333333333 
3 0.9173611111111111 0.18020833333333333 0.06527777777777778 0.06458333333333334 
3 0.8472222222222222 0.134375 0.05 0.04375 
