3 0.6381944444444444 0.051041666666666666 0.08194444444444444 0.035416666666666666 
3 0.6645833333333333 0.15 0.17083333333333334 0.0875 
3 0.6548611111111111 0.103125 0.13194444444444445 0.06041666666666667 
2 0.21736111111111112 0.3072916666666667 0.35694444444444445 0.51875 
10 0.7159722222222222 0.31145833333333334 0.26805555555555555 0.16458333333333333 
3 0.7708333333333334 0.440625 0.2972222222222222 0.19791666666666666 
3 0.7048611111111112 0.22083333333333333 0.19583333333333333 0.09583333333333334 
5 0.4041666666666667 0.03854166666666667 0.05 0.05625 
7 0.5666666666666667 0.12291666666666666 0.019444444444444445 0.058333333333333334 
3 0.6555555555555556 0.08125 0.12222222222222222 0.058333333333333334 
3 0.6361111111111111 0.040625 0.09444444444444444 0.03958333333333333 
