3 0.9152777777777777 0.11354166666666667 0.05 0.027083333333333334 
3 0.7805555555555556 0.07708333333333334 0.044444444444444446 0.020833333333333332 
3 0.7541666666666667 0.396875 0.24166666666666667 0.15625 
3 0.8798611111111111 0.140625 0.05694444444444444 0.035416666666666666 
3 0.9701388888888889 0.16041666666666668 0.03194444444444444 0.03333333333333333 
8 0.8583333333333333 0.11875 0.04722222222222222 0.025 
3 0.02847222222222222 0.18229166666666666 0.04027777777777778 0.03958333333333333 
3 0.8145833333333333 0.08958333333333333 0.05694444444444444 0.03333333333333333 
3 0.8458333333333333 0.06770833333333333 0.04722222222222222 0.03125 
3 0.9451388888888889 0.13645833333333332 0.034722222222222224 0.027083333333333334 
8 0.23819444444444443 0.04583333333333333 0.020833333333333332 0.020833333333333332 
3 0.11458333333333333 0.2125 0.10972222222222222 0.09166666666666666 
3 0.8493055555555555 0.115625 0.03194444444444444 0.01875 
3 0.08888888888888889 0.14375 0.07222222222222222 0.058333333333333334 
