3 0.4840277777777778 0.26875 0.05694444444444444 0.05 
3 0.24444444444444444 0.29375 0.07777777777777778 0.058333333333333334 
8 0.8388888888888889 0.4354166666666667 0.12222222222222222 0.08333333333333333 
3 0.36944444444444446 0.1875 0.030555555555555555 0.025 
8 0.8520833333333333 0.284375 0.03194444444444444 0.022916666666666665 
8 0.7680555555555556 0.28125 0.05555555555555555 0.029166666666666667 
3 0.5604166666666667 0.4 0.10694444444444444 0.1 
8 0.8284722222222223 0.3729166666666667 0.09305555555555556 0.058333333333333334 
3 0.9118055555555555 0.7614583333333333 0.15138888888888888 0.2604166666666667 
8 0.7104166666666667 0.284375 0.06805555555555555 0.035416666666666666 
