3 0.21875 0.12604166666666666 0.018055555555555554 0.014583333333333334 
3 0.06180555555555556 0.221875 0.018055555555555554 0.03125 
3 0.9076388888888889 0.3125 0.1597222222222222 0.1375 
7 0.4652777777777778 0.10416666666666667 0.011111111111111112 0.03333333333333333 
3 0.2625 0.3260416666666667 0.13055555555555556 0.12708333333333333 
3 0.28888888888888886 0.0875 0.05277777777777778 0.029166666666666667 
8 0.18194444444444444 0.2708333333333333 0.10277777777777777 0.1125 
3 0.12291666666666666 0.24583333333333332 0.06527777777777778 0.09583333333333334 
7 0.6958333333333333 0.13958333333333334 0.011111111111111112 0.03333333333333333 
7 0.6375 0.13020833333333334 0.013888888888888888 0.035416666666666666 
3 0.3423611111111111 0.07604166666666666 0.04027777777777778 0.027083333333333334 
3 0.25277777777777777 0.12395833333333334 0.03888888888888889 0.035416666666666666 
3 0.0798611111111111 0.23125 0.03194444444444444 0.0625 
3 0.1076388888888889 0.18125 0.034722222222222224 0.025 
