3 0.6784722222222223 0.48020833333333335 0.11805555555555555 0.09375 
3 0.6902777777777778 0.33541666666666664 0.05555555555555555 0.05416666666666667 
3 0.8416666666666667 0.36354166666666665 0.07222222222222222 0.06041666666666667 
3 0.5597222222222222 0.29791666666666666 0.030555555555555555 0.0375 
3 0.94375 0.396875 0.0763888888888889 0.06458333333333334 
3 0.5819444444444445 0.46979166666666666 0.14444444444444443 0.08958333333333333 
4 0.25833333333333336 0.7666666666666667 0.08055555555555556 0.15 
3 0.9680555555555556 0.41354166666666664 0.05 0.07708333333333334 
3 0.8048611111111111 0.35 0.034722222222222224 0.05 
3 0.5236111111111111 0.34479166666666666 0.030555555555555555 0.03958333333333333 
3 0.3958333333333333 0.4083333333333333 0.06388888888888888 0.058333333333333334 
3 0.7604166666666666 0.33541666666666664 0.05694444444444444 0.0625 
3 0.7305555555555555 0.5260416666666666 0.1527777777777778 0.11875 
3 0.5986111111111111 0.3229166666666667 0.07222222222222222 0.04583333333333333 
3 0.9027777777777778 0.6166666666666667 0.16111111111111112 0.1625 
3 0.8083333333333333 0.5625 0.14722222222222223 0.14583333333333334 
3 0.8951388888888889 0.3770833333333333 0.0625 0.07083333333333333 
3 0.9569444444444445 0.6947916666666667 0.06666666666666667 0.16875 
3 0.5916666666666667 0.43645833333333334 0.11388888888888889 0.04791666666666667 
