3 0.9694444444444444 0.16354166666666667 0.03611111111111111 0.03125 
3 0.7861111111111111 0.07395833333333333 0.05 0.027083333333333334 
3 0.23819444444444443 0.04375 0.02638888888888889 0.020833333333333332 
3 0.7819444444444444 0.20520833333333333 0.13333333333333333 0.07291666666666667 
3 0.08611111111111111 0.15625 0.07777777777777778 0.05 
3 0.11527777777777778 0.6322916666666667 0.225 0.21041666666666667 
3 0.8506944444444444 0.11666666666666667 0.043055555555555555 0.025 
8 0.4284722222222222 0.37604166666666666 0.3486111111111111 0.20208333333333334 
3 0.8791666666666667 0.14270833333333333 0.06111111111111111 0.035416666666666666 
3 0.9118055555555555 0.11145833333333334 0.04027777777777778 0.022916666666666665 
3 0.8125 0.090625 0.05555555555555555 0.03125 
3 0.9423611111111111 0.13854166666666667 0.029166666666666667 0.022916666666666665 
