3 0.8701388888888889 0.41875 0.05694444444444444 0.09166666666666666 
3 0.2048611111111111 0.4822916666666667 0.14305555555555555 0.13541666666666666 
3 0.8694444444444445 0.340625 0.05 0.08125 
8 0.7875 0.21666666666666667 0.025 0.025 
10 0.5673611111111111 0.228125 0.043055555555555555 0.04375 
3 0.5361111111111111 0.5770833333333333 0.1638888888888889 0.17916666666666667 
3 0.8722222222222222 0.56875 0.08888888888888889 0.15833333333333333 
5 0.9680555555555556 0.32083333333333336 0.03333333333333333 0.041666666666666664 
8 0.7451388888888889 0.265625 0.0375 0.027083333333333334 
3 0.08055555555555556 0.3885416666666667 0.06388888888888888 0.052083333333333336 
3 0.3145833333333333 0.5947916666666667 0.2013888888888889 0.18958333333333333 
