3 0.5847222222222223 0.415625 0.12777777777777777 0.07291666666666667 
3 0.8361111111111111 0.5635416666666667 0.1388888888888889 0.15208333333333332 
3 0.925 0.6239583333333333 0.14166666666666666 0.16041666666666668 
3 0.9263888888888889 0.39479166666666665 0.05555555555555555 0.05625 
3 0.5875 0.4510416666666667 0.09722222222222222 0.07708333333333334 
3 0.84375 0.353125 0.09583333333333334 0.07708333333333334 
2 0.17916666666666667 0.7125 0.35555555555555557 0.5708333333333333 
3 0.5888888888888889 0.32083333333333336 0.07222222222222222 0.04583333333333333 
3 0.7 0.33958333333333335 0.05 0.05416666666666667 
3 0.7611111111111111 0.5166666666666667 0.12222222222222222 0.12083333333333333 
5 0.975 0.703125 0.041666666666666664 0.12708333333333333 
3 0.875 0.38229166666666664 0.08611111111111111 0.06458333333333334 
3 0.6756944444444445 0.478125 0.12916666666666668 0.08541666666666667 
3 0.6159722222222223 0.3927083333333333 0.05694444444444444 0.05625 
3 0.9680555555555556 0.4166666666666667 0.044444444444444446 0.08333333333333333 
3 0.7368055555555556 0.3260416666666667 0.04583333333333333 0.04791666666666667 
