3 0.6631944444444444 0.284375 0.04583333333333333 0.03958333333333333 
3 0.6152777777777778 0.4875 0.125 0.1375 
3 0.7548611111111111 0.21041666666666667 0.02361111111111111 0.025 
3 0.8701388888888889 0.29583333333333334 0.03194444444444444 0.05416666666666667 
3 0.15069444444444444 0.7885416666666667 0.20972222222222223 0.23125 
3 0.7631944444444444 0.2604166666666667 0.029166666666666667 0.0375 
3 0.7131944444444445 0.24270833333333333 0.034722222222222224 0.035416666666666666 
3 0.5923611111111111 0.3302083333333333 0.0875 0.06875 
3 0.9673611111111111 0.3145833333333333 0.04861111111111111 0.05416666666666667 
3 0.7854166666666667 0.22604166666666667 0.029166666666666667 0.027083333333333334 
3 0.875 0.3958333333333333 0.058333333333333334 0.07916666666666666 
