3 0.29444444444444445 0.40625 0.07222222222222222 0.05 
3 0.7333333333333333 0.328125 0.03611111111111111 0.052083333333333336 
3 0.5881944444444445 0.32708333333333334 0.07361111111111111 0.04583333333333333 
3 0.9180555555555555 0.63125 0.1388888888888889 0.1625 
3 0.9715277777777778 0.70625 0.043055555555555555 0.12916666666666668 
3 0.4840277777777778 0.375 0.0625 0.058333333333333334 
3 0.46875 0.34270833333333334 0.05694444444444444 0.052083333333333336 
3 0.7680555555555556 0.525 0.14166666666666666 0.125 
3 0.66875 0.4822916666666667 0.12638888888888888 0.10625 
3 0.35138888888888886 0.4479166666666667 0.075 0.07083333333333333 
3 0.5833333333333334 0.45625 0.09444444444444444 0.07916666666666666 
3 0.43819444444444444 0.44166666666666665 0.06805555555555555 0.07083333333333333 
3 0.5819444444444445 0.4270833333333333 0.13055555555555556 0.075 
10 0.8347222222222223 0.36041666666666666 0.1 0.06666666666666667 
3 0.39375 0.5270833333333333 0.10138888888888889 0.10833333333333334 
3 0.9319444444444445 0.39895833333333336 0.06111111111111111 0.06041666666666667 
3 0.9659722222222222 0.42291666666666666 0.04861111111111111 0.0875 
3 0.8645833333333334 0.390625 0.07361111111111111 0.06458333333333334 
3 0.6965277777777777 0.3489583333333333 0.04583333333333333 0.052083333333333336 
3 0.58125 0.3854166666666667 0.1125 0.041666666666666664 
3 0.8354166666666667 0.5666666666666667 0.14583333333333334 0.15 
