3 0.8097222222222222 0.5541666666666667 0.14166666666666666 0.1375 
3 0.6895833333333333 0.33229166666666665 0.04861111111111111 0.04375 
3 0.9673611111111111 0.41770833333333335 0.05138888888888889 0.06875 
3 0.6777777777777778 0.471875 0.11944444444444445 0.08958333333333333 
3 0.8965277777777778 0.38333333333333336 0.059722222222222225 0.04583333333333333 
7 0.3736111111111111 0.384375 0.011111111111111112 0.03958333333333333 
3 0.8423611111111111 0.36666666666666664 0.07361111111111111 0.05416666666666667 
5 0.9618055555555556 0.6958333333333333 0.06527777777777778 0.13333333333333333 
3 0.7291666666666666 0.5270833333333333 0.14444444444444443 0.11666666666666667 
3 0.5979166666666667 0.3229166666666667 0.06527777777777778 0.041666666666666664 
3 0.7576388888888889 0.33958333333333335 0.04583333333333333 0.041666666666666664 
3 0.9 0.6177083333333333 0.1638888888888889 0.16875 
3 0.9347222222222222 0.39895833333333336 0.05555555555555555 0.05625 
7 0.39166666666666666 0.37604166666666666 0.011111111111111112 0.03958333333333333 
3 0.5888888888888889 0.434375 0.11666666666666667 0.052083333333333336 
4 0.3076388888888889 0.7447916666666666 0.04861111111111111 0.13125 
3 0.8118055555555556 0.35 0.04027777777777778 0.0375 
3 0.5861111111111111 0.471875 0.15 0.08541666666666667 
