7 0.28055555555555556 0.434375 0.016666666666666666 0.05625 
7 0.23541666666666666 0.44166666666666665 0.020833333333333332 0.04583333333333333 
3 0.8930555555555556 0.38645833333333335 0.06111111111111111 0.05625 
3 0.8444444444444444 0.36666666666666664 0.07777777777777778 0.0625 
3 0.6770833333333334 0.47291666666666665 0.11805555555555555 0.1 
3 0.4083333333333333 0.45208333333333334 0.06944444444444445 0.07083333333333333 
3 0.6888888888888889 0.33229166666666665 0.06111111111111111 0.052083333333333336 
3 0.8076388888888889 0.5604166666666667 0.14583333333333334 0.14583333333333334 
3 0.6006944444444444 0.32395833333333335 0.07361111111111111 0.04375 
7 0.2548611111111111 0.44166666666666665 0.015277777777777777 0.04583333333333333 
3 0.9340277777777778 0.403125 0.0625 0.06458333333333334 
3 0.8069444444444445 0.3541666666666667 0.041666666666666664 0.04583333333333333 
3 0.5791666666666667 0.4708333333333333 0.1388888888888889 0.08333333333333333 
3 0.7618055555555555 0.3416666666666667 0.05416666666666667 0.04583333333333333 
3 0.9645833333333333 0.41875 0.05138888888888889 0.07916666666666666 
3 0.9576388888888889 0.6947916666666667 0.06805555555555555 0.16875 
3 0.7243055555555555 0.5291666666666667 0.14305555555555555 0.11666666666666667 
3 0.8979166666666667 0.6208333333333333 0.16805555555555557 0.17083333333333334 
3 0.5868055555555556 0.425 0.1125 0.058333333333333334 
