3 0.95 0.41458333333333336 0.07222222222222222 0.07916666666666666 
3 0.8159722222222222 0.559375 0.12361111111111112 0.11875 
3 0.5770833333333333 0.321875 0.06805555555555555 0.04791666666666667 
3 0.9381944444444444 0.6572916666666667 0.10972222222222222 0.17291666666666666 
3 0.6104166666666667 0.38645833333333335 0.06805555555555555 0.035416666666666666 
3 0.79375 0.3572916666666667 0.05416666666666667 0.052083333333333336 
5 0.98125 0.44166666666666665 0.02361111111111111 0.05 
3 0.8465277777777778 0.365625 0.08472222222222223 0.052083333333333336 
3 0.29791666666666666 0.671875 0.12083333333333333 0.16041666666666668 
3 0.7576388888888889 0.34479166666666666 0.034722222222222224 0.03125 
3 0.6583333333333333 0.478125 0.125 0.09375 
3 0.7041666666666667 0.34791666666666665 0.058333333333333334 0.0375 
3 0.9201388888888888 0.384375 0.06527777777777778 0.06875 
3 0.7409722222222223 0.5104166666666666 0.1486111111111111 0.12916666666666668 
7 0.10486111111111111 0.44583333333333336 0.0125 0.041666666666666664 
3 0.8972222222222223 0.5895833333333333 0.14722222222222223 0.1625 
3 0.5854166666666667 0.45416666666666666 0.1125 0.09166666666666666 
3 0.5902777777777778 0.409375 0.13055555555555556 0.04375 
