3 0.15208333333333332 0.13333333333333333 0.05138888888888889 0.029166666666666667 
8 0.3173611111111111 0.51875 0.32916666666666666 0.2791666666666667 
3 0.9368055555555556 0.5697916666666667 0.059722222222222225 0.06041666666666667 
3 0.0625 0.1 0.03611111111111111 0.020833333333333332 
3 0.28541666666666665 0.17395833333333333 0.043055555555555555 0.03125 
3 0.4527777777777778 0.2625 0.06666666666666667 0.04583333333333333 
3 0.34305555555555556 0.21145833333333333 0.05277777777777778 0.03125 
3 0.5840277777777778 0.334375 0.07361111111111111 0.04791666666666667 
3 0.22916666666666666 0.16145833333333334 0.05555555555555555 0.027083333333333334 
8 0.7 0.40208333333333335 0.08333333333333333 0.05416666666666667 
8 0.8208333333333333 0.48125 0.075 0.05416666666666667 
