3 0.7798611111111111 0.08020833333333334 0.034722222222222224 0.027083333333333334 
3 0.9666666666666667 0.16145833333333334 0.03333333333333333 0.03125 
3 0.9104166666666667 0.11770833333333333 0.04027777777777778 0.035416666666666666 
3 0.5479166666666667 0.5833333333333334 0.3736111111111111 0.25416666666666665 
3 0.7638888888888888 0.0625 0.04722222222222222 0.029166666666666667 
3 0.9409722222222222 0.13854166666666667 0.0375 0.03125 
3 0.8763888888888889 0.13958333333333334 0.05555555555555555 0.04583333333333333 
3 0.8472222222222222 0.12291666666666666 0.041666666666666664 0.029166666666666667 
3 0.08541666666666667 0.15833333333333333 0.07361111111111111 0.05 
3 0.8131944444444444 0.09270833333333334 0.059722222222222225 0.03958333333333333 
3 0.23680555555555555 0.04479166666666667 0.029166666666666667 0.027083333333333334 
