8 0.40555555555555556 0.3572916666666667 0.1111111111111111 0.08541666666666667 
3 0.08194444444444444 0.5958333333333333 0.1388888888888889 0.15 
6 0.4395833333333333 0.30520833333333336 0.11527777777777778 0.06458333333333334 
0 0.7180555555555556 0.17604166666666668 0.044444444444444446 0.05625 
3 0.6805555555555556 0.19583333333333333 0.03611111111111111 0.029166666666666667 
8 0.48333333333333334 0.6447916666666667 0.21388888888888888 0.24791666666666667 
3 0.8736111111111111 0.565625 0.09166666666666666 0.16458333333333333 
3 0.8666666666666667 0.3333333333333333 0.05555555555555555 0.07916666666666666 
3 0.5958333333333333 0.24791666666666667 0.041666666666666664 0.041666666666666664 
3 0.6423611111111112 0.22083333333333333 0.03194444444444444 0.020833333333333332 
3 0.8708333333333333 0.421875 0.06388888888888888 0.09791666666666667 
