3 0.8659722222222223 0.33645833333333336 0.04583333333333333 0.07708333333333334 
10 0.6715277777777777 0.26875 0.059722222222222225 0.0625 
3 0.8006944444444445 0.20416666666666666 0.015277777777777777 0.020833333333333332 
3 0.8722222222222222 0.42291666666666666 0.06111111111111111 0.10833333333333334 
3 0.6402777777777777 0.22708333333333333 0.030555555555555555 0.029166666666666667 
3 0.34791666666666665 0.8239583333333333 0.2902777777777778 0.33958333333333335 
10 0.6618055555555555 0.20520833333333333 0.04583333333333333 0.04791666666666667 
3 0.8729166666666667 0.565625 0.09305555555555556 0.16458333333333333 
6 0.03611111111111111 0.5770833333333333 0.06666666666666667 0.12916666666666668 
3 0.4326388888888889 0.33958333333333335 0.0875 0.07916666666666666 
5 0.015277777777777777 0.6958333333333333 0.025 0.09166666666666666 
3 0.2569444444444444 0.4114583333333333 0.1 0.08958333333333333 
3 0.7777777777777778 0.23125 0.025 0.025 
3 0.5319444444444444 0.2864583333333333 0.06388888888888888 0.05625 
3 0.76875 0.19583333333333333 0.015277777777777777 0.020833333333333332 
3 0.7125 0.31875 0.06388888888888888 0.07083333333333333 
3 0.5625 0.25104166666666666 0.041666666666666664 0.03125 
3 0.15416666666666667 0.7729166666666667 0.2388888888888889 0.2833333333333333 
3 0.2833333333333333 0.28854166666666664 0.04722222222222222 0.03125 
