3 0.489766081871345 0.13815789473684212 0.07894736842105263 0.03070175438596491 
3 0.1154970760233918 0.22807017543859648 0.049707602339181284 0.03508771929824561 
10 0.17251461988304093 0.3815789473684211 0.23391812865497075 0.22807017543859648 
3 0.9576023391812866 0.34868421052631576 0.06725146198830409 0.10964912280701754 
3 0.6461988304093568 0.13596491228070176 0.07602339181286549 0.043859649122807015 
3 0.49415204678362573 0.14035087719298245 0.08187134502923976 0.043859649122807015 
3 0.8260233918128655 0.20175438596491227 0.1023391812865497 0.05263157894736842 
3 0.9546783625730995 0.33771929824561403 0.06140350877192982 0.07894736842105263 
3 0.8347953216374269 0.19956140350877194 0.10818713450292397 0.05701754385964912 
3 0.43859649122807015 0.125 0.07017543859649122 0.03070175438596491 
3 0.4342105263157895 0.12280701754385964 0.07309941520467836 0.03508771929824561 
3 0.4342105263157895 0.12280701754385964 0.06140350877192982 0.02631578947368421 
3 0.6432748538011696 0.13596491228070176 0.07602339181286549 0.03508771929824561 
3 0.11842105263157894 0.23026315789473684 0.049707602339181284 0.04824561403508772 
