3 0.5777777777777777 0.3885416666666667 0.10555555555555556 0.03958333333333333 
3 0.5861111111111111 0.45729166666666665 0.08888888888888889 0.07291666666666667 
3 0.5909722222222222 0.32083333333333336 0.0763888888888889 0.04583333333333333 
3 0.5819444444444445 0.4239583333333333 0.11944444444444445 0.06458333333333334 
10 0.44722222222222224 0.38645833333333335 0.06944444444444445 0.07708333333333334 
3 0.9680555555555556 0.42083333333333334 0.04722222222222222 0.07916666666666666 
3 0.7645833333333333 0.51875 0.12916666666666668 0.125 
5 0.9729166666666667 0.7 0.0375 0.11666666666666667 
10 0.26458333333333334 0.8333333333333334 0.2263888888888889 0.325 
3 0.8361111111111111 0.359375 0.08333333333333333 0.06458333333333334 
3 0.6965277777777777 0.34270833333333334 0.04861111111111111 0.04791666666666667 
3 0.25972222222222224 0.4114583333333333 0.075 0.04375 
3 0.6694444444444444 0.48541666666666666 0.12222222222222222 0.09166666666666666 
3 0.8333333333333334 0.5708333333333333 0.1388888888888889 0.14166666666666666 
3 0.8652777777777778 0.38958333333333334 0.06388888888888888 0.05416666666666667 
3 0.7354166666666667 0.32916666666666666 0.04027777777777778 0.058333333333333334 
3 0.7979166666666667 0.35 0.0375 0.058333333333333334 
3 0.9229166666666667 0.6229166666666667 0.14583333333333334 0.1625 
3 0.9291666666666667 0.4010416666666667 0.06111111111111111 0.052083333333333336 
