3 0.5118055555555555 0.6302083333333334 0.3902777777777778 0.26875 
3 0.34444444444444444 0.021875 0.03888888888888889 0.022916666666666665 
3 0.9430555555555555 0.13645833333333332 0.03333333333333333 0.01875 
3 0.8645833333333334 0.12708333333333333 0.034722222222222224 0.025 
8 0.9541666666666667 0.22291666666666668 0.08888888888888889 0.06666666666666667 
8 0.32708333333333334 0.171875 0.1486111111111111 0.08958333333333333 
3 0.8138888888888889 0.09479166666666666 0.05555555555555555 0.03125 
3 0.02361111111111111 0.24791666666666667 0.04722222222222222 0.0625 
3 0.9215277777777777 0.11875 0.029166666666666667 0.025 
3 0.88125 0.14583333333333334 0.05694444444444444 0.041666666666666664 
3 0.9694444444444444 0.1625 0.041666666666666664 0.029166666666666667 
3 0.8486111111111111 0.11666666666666667 0.03888888888888889 0.025 
3 0.01597222222222222 0.18645833333333334 0.03194444444444444 0.03125 
3 0.23819444444444443 0.04583333333333333 0.03194444444444444 0.025 
3 0.9041666666666667 0.10729166666666666 0.03888888888888889 0.01875 
