8 0.34930555555555554 0.19583333333333333 0.07361111111111111 0.05 
8 0.30069444444444443 0.5010416666666667 0.36527777777777776 0.3104166666666667 
3 0.21944444444444444 0.15 0.04722222222222222 0.0375 
5 0.9743055555555555 0.9572916666666667 0.043055555555555555 0.07708333333333334 
3 0.09444444444444444 0.1125 0.06111111111111111 0.020833333333333332 
3 0.8583333333333333 0.515625 0.06388888888888888 0.06458333333333334 
3 0.6208333333333333 0.5395833333333333 0.2 0.2 
3 0.7104166666666667 0.41458333333333336 0.0625 0.05416666666666667 
3 0.4979166666666667 0.2864583333333333 0.07361111111111111 0.06041666666666667 
0 0.09097222222222222 0.07916666666666666 0.17916666666666667 0.07916666666666666 
3 0.7791666666666667 0.4510416666666667 0.07222222222222222 0.06041666666666667 
