3 0.8951388888888889 0.10520833333333333 0.04027777777777778 0.035416666666666666 
3 0.8118055555555556 0.090625 0.05694444444444444 0.03125 
3 0.8763888888888889 0.140625 0.06666666666666667 0.04375 
3 0.3548611111111111 0.046875 0.029166666666666667 0.035416666666666666 
3 0.8472222222222222 0.11979166666666667 0.03888888888888889 0.027083333333333334 
3 0.23680555555555555 0.041666666666666664 0.029166666666666667 0.025 
3 0.9659722222222222 0.16458333333333333 0.0375 0.020833333333333332 
3 0.014583333333333334 0.18541666666666667 0.029166666666666667 0.03333333333333333 
3 0.9333333333333333 0.125 0.03611111111111111 0.0375 
7 0.8173611111111111 0.14166666666666666 0.018055555555555554 0.0375 
3 0.8611111111111112 0.5885416666666666 0.24444444444444444 0.24791666666666667 
3 0.2222222222222222 0.08854166666666667 0.03333333333333333 0.035416666666666666 
3 0.12638888888888888 0.43125 0.21944444444444444 0.175 
