3 0.5805555555555556 0.38333333333333336 0.1 0.03333333333333333 
3 0.8347222222222223 0.5708333333333333 0.1388888888888889 0.14166666666666666 
3 0.6743055555555556 0.48125 0.1375 0.09583333333333334 
5 0.9743055555555555 0.7052083333333333 0.04027777777777778 0.12708333333333333 
3 0.7368055555555556 0.3302083333333333 0.04027777777777778 0.06041666666666667 
3 0.9340277777777778 0.39791666666666664 0.06805555555555555 0.05416666666666667 
3 0.4166666666666667 0.4427083333333333 0.06944444444444445 0.07708333333333334 
3 0.9666666666666667 0.42291666666666666 0.05555555555555555 0.07916666666666666 
3 0.5680555555555555 0.4270833333333333 0.10277777777777777 0.075 
4 0.14652777777777778 0.4354166666666667 0.029166666666666667 0.029166666666666667 
3 0.7666666666666667 0.5229166666666667 0.1361111111111111 0.12083333333333333 
3 0.5972222222222222 0.46145833333333336 0.1111111111111111 0.07708333333333334 
3 0.91875 0.6302083333333334 0.14583333333333334 0.16041666666666668 
3 0.6951388888888889 0.3458333333333333 0.05138888888888889 0.05 
3 0.5923611111111111 0.325 0.07361111111111111 0.041666666666666664 
3 0.8743055555555556 0.390625 0.0763888888888889 0.05625 
3 0.25972222222222224 0.409375 0.07777777777777778 0.04791666666666667 
3 0.8368055555555556 0.36041666666666666 0.10138888888888889 0.07083333333333333 
