3 0.89375 0.33541666666666664 0.15694444444444444 0.14166666666666666 
3 0.02638888888888889 0.14270833333333333 0.05277777777777778 0.06041666666666667 
3 0.22847222222222222 0.09166666666666666 0.07083333333333333 0.05 
3 0.2923611111111111 0.06145833333333333 0.06527777777777778 0.03958333333333333 
3 0.23472222222222222 0.035416666666666666 0.027777777777777776 0.03333333333333333 
1 0.6263888888888889 0.24895833333333334 0.041666666666666664 0.09375 
3 0.5979166666666667 0.09583333333333334 0.10416666666666667 0.0625 
3 0.17847222222222223 0.05625 0.04027777777777778 0.0375 
3 0.8548611111111111 0.15520833333333334 0.07916666666666666 0.05625 
3 0.9368055555555556 0.48854166666666665 0.11527777777777778 0.13541666666666666 
3 0.3402777777777778 0.036458333333333336 0.058333333333333334 0.035416666666666666 
3 0.21319444444444444 0.041666666666666664 0.029166666666666667 0.029166666666666667 
