3 0.6361111111111111 0.38229166666666664 0.15833333333333333 0.21458333333333332 
3 0.6868055555555556 0.22708333333333333 0.0763888888888889 0.10416666666666667 
7 0.85625 0.7322916666666667 0.09305555555555556 0.14375 
3 0.7138888888888889 0.165625 0.05555555555555555 0.04375 
1 0.22152777777777777 0.271875 0.04861111111111111 0.11041666666666666 
1 0.30416666666666664 0.215625 0.04722222222222222 0.09375 
3 0.17083333333333334 0.265625 0.14722222222222223 0.16875 
3 0.5631944444444444 0.07395833333333333 0.05416666666666667 0.04375 
3 0.7388888888888889 0.13333333333333333 0.030555555555555555 0.0375 
7 0.5715277777777777 0.35208333333333336 0.04861111111111111 0.10833333333333334 
3 0.5631944444444444 0.17604166666666668 0.07916666666666666 0.08125 
3 0.04791666666666667 0.39166666666666666 0.09583333333333334 0.175 
1 0.03611111111111111 0.44375 0.06944444444444445 0.13333333333333333 
1 0.13958333333333334 0.33958333333333335 0.05416666666666667 0.10833333333333334 
3 0.6055555555555555 0.06458333333333334 0.03888888888888889 0.029166666666666667 
3 0.6423611111111112 0.07291666666666667 0.034722222222222224 0.03333333333333333 
1 0.3458333333333333 0.184375 0.05 0.06875 
3 0.5444444444444444 0.11875 0.07222222222222222 0.0625 
3 0.3486111111111111 0.25625 0.14444444444444443 0.13333333333333333 
8 0.41805555555555557 0.13333333333333333 0.08611111111111111 0.0625 
3 0.7520833333333333 0.10520833333333333 0.02638888888888889 0.035416666666666666 
5 0.2826388888888889 0.9708333333333333 0.1486111111111111 0.05416666666666667 
3 0.5111111111111111 0.6729166666666667 0.2361111111111111 0.35 
3 0.49583333333333335 0.1 0.07222222222222222 0.05416666666666667 
