3 0.37430555555555556 0.165625 0.04027777777777778 0.04375 
3 0.4083333333333333 0.0875 0.016666666666666666 0.020833333333333332 
3 0.23194444444444445 0.29270833333333335 0.06944444444444445 0.08541666666666667 
3 0.17430555555555555 0.36770833333333336 0.09861111111111111 0.13958333333333334 
3 0.13472222222222222 0.6583333333333333 0.16944444444444445 0.2833333333333333 
3 0.07361111111111111 0.509375 0.14444444444444443 0.25625 
1 0.3958333333333333 0.47604166666666664 0.03888888888888889 0.14791666666666667 
3 0.3125 0.18333333333333332 0.05 0.05 
3 0.38958333333333334 0.12083333333333333 0.02638888888888889 0.025 
3 0.2673611111111111 0.2375 0.059722222222222225 0.07083333333333333 
