8 0.31527777777777777 0.6135416666666667 0.21944444444444444 0.21875 
3 0.9756944444444444 0.33125 0.034722222222222224 0.058333333333333334 
3 0.8756944444444444 0.39375 0.05138888888888889 0.08333333333333333 
8 0.8506944444444444 0.221875 0.04861111111111111 0.027083333333333334 
0 0.9430555555555555 0.2375 0.09166666666666666 0.0625 
3 0.5555555555555556 0.5739583333333333 0.1527777777777778 0.16875 
3 0.6319444444444444 0.21458333333333332 0.027777777777777776 0.016666666666666666 
0 0.4388888888888889 0.3260416666666667 0.2777777777777778 0.2604166666666667 
3 0.8701388888888889 0.30520833333333336 0.03194444444444444 0.05625 
8 0.8722222222222222 0.2604166666666667 0.03333333333333333 0.041666666666666664 
