3 0.6166666666666667 0.446875 0.11666666666666667 0.11458333333333333 
3 0.6819444444444445 0.20833333333333334 0.022222222222222223 0.016666666666666666 
3 0.8673611111111111 0.5760416666666667 0.08472222222222223 0.17291666666666666 
5 0.7583333333333333 0.19375 0.03611111111111111 0.041666666666666664 
3 0.6388888888888888 0.2125 0.019444444444444445 0.016666666666666666 
3 0.03819444444444445 0.5645833333333333 0.0763888888888889 0.1 
3 0.48125 0.41770833333333335 0.12638888888888888 0.10208333333333333 
3 0.43472222222222223 0.33229166666666665 0.08055555555555556 0.06875 
3 0.29930555555555555 0.3177083333333333 0.06527777777777778 0.04375 
5 0.7819444444444444 0.21770833333333334 0.04722222222222222 0.07708333333333334 
3 0.15555555555555556 0.528125 0.15555555555555556 0.17291666666666666 
3 0.8680555555555556 0.34375 0.05277777777777778 0.07916666666666666 
3 0.8513888888888889 0.24375 0.044444444444444446 0.025 
3 0.8715277777777778 0.43020833333333336 0.06527777777777778 0.09791666666666667 
