3 0.8145833333333333 0.203125 0.05694444444444444 0.04791666666666667 
9 0.35347222222222224 0.234375 0.29305555555555557 0.21041666666666667 
2 0.5645833333333333 0.5739583333333333 0.5569444444444445 0.5729166666666666 
9 0.19375 0.5697916666666667 0.3875 0.5020833333333333 
7 0.5805555555555556 0.18229166666666666 0.016666666666666666 0.03125 
3 0.16944444444444445 0.221875 0.08888888888888889 0.06041666666666667 
3 0.9493055555555555 0.278125 0.018055555555555554 0.01875 
7 0.5666666666666667 0.18229166666666666 0.013888888888888888 0.04375 
3 0.9215277777777777 0.23958333333333334 0.029166666666666667 0.025 
3 0.8465277777777778 0.26979166666666665 0.059722222222222225 0.05625 
