3 0.9416666666666667 0.6604166666666667 0.10833333333333334 0.18333333333333332 
3 0.8145833333333333 0.5645833333333333 0.13194444444444445 0.12916666666666668 
3 0.6631944444444444 0.4822916666666667 0.12638888888888888 0.09791666666666667 
3 0.8979166666666667 0.5854166666666667 0.14305555555555555 0.17083333333333334 
3 0.9576388888888889 0.41354166666666664 0.06527777777777778 0.08125 
3 0.5770833333333333 0.3260416666666667 0.07361111111111111 0.04375 
3 0.7611111111111111 0.340625 0.04722222222222222 0.04375 
3 0.5875 0.45625 0.13055555555555556 0.09166666666666666 
3 0.7486111111111111 0.5104166666666666 0.16666666666666666 0.14583333333333334 
10 0.2625 0.8645833333333334 0.19722222222222222 0.26666666666666666 
3 0.8430555555555556 0.359375 0.075 0.052083333333333336 
3 0.9243055555555556 0.384375 0.059722222222222225 0.07291666666666667 
3 0.6965277777777777 0.340625 0.05694444444444444 0.035416666666666666 
3 0.8027777777777778 0.35625 0.06111111111111111 0.04583333333333333 
3 0.5944444444444444 0.40729166666666666 0.12777777777777777 0.03958333333333333 
