3 0.5298611111111111 0.5895833333333333 0.1763888888888889 0.22916666666666666 
3 0.6972222222222222 0.6041666666666666 0.18055555555555555 0.175 
3 0.49583333333333335 0.284375 0.09722222222222222 0.06458333333333334 
3 0.13055555555555556 0.11875 0.041666666666666664 0.025 
3 0.21388888888888888 0.15625 0.06111111111111111 0.04583333333333333 
3 0.8923611111111112 0.5395833333333333 0.05694444444444444 0.05416666666666667 
3 0.30277777777777776 0.17395833333333333 0.07222222222222222 0.06875 
3 0.7604166666666666 0.44375 0.06527777777777778 0.058333333333333334 
3 0.8069444444444445 0.46145833333333336 0.041666666666666664 0.04791666666666667 
3 0.9423611111111111 0.5635416666666667 0.04861111111111111 0.06041666666666667 
5 0.5097222222222222 0.5833333333333334 0.2111111111111111 0.2833333333333333 
5 0.3 0.18125 0.06666666666666667 0.05416666666666667 
3 0.49166666666666664 0.2875 0.08333333333333333 0.05 
3 0.21597222222222223 0.146875 0.07083333333333333 0.04375 
0 0.29791666666666666 0.5385416666666667 0.5958333333333333 0.8395833333333333 
3 0.5680555555555555 0.32083333333333336 0.06666666666666667 0.05 
