3 0.8458333333333333 0.3645833333333333 0.08611111111111111 0.058333333333333334 
3 0.7631944444444444 0.334375 0.05694444444444444 0.04375 
3 0.9409722222222222 0.3958333333333333 0.08472222222222223 0.0625 
3 0.9638888888888889 0.41458333333333336 0.06388888888888888 0.08333333333333333 
3 0.9569444444444445 0.69375 0.07222222222222222 0.1625 
3 0.8138888888888889 0.5604166666666667 0.1388888888888889 0.15 
3 0.6861111111111111 0.4552083333333333 0.12777777777777777 0.07291666666666667 
3 0.7243055555555555 0.5239583333333333 0.15694444444444444 0.09375 
3 0.5875 0.46770833333333334 0.15555555555555556 0.09375 
3 0.9 0.6104166666666667 0.18333333333333332 0.1625 
3 0.8145833333333333 0.3541666666666667 0.0625 0.05 
3 0.6 0.31979166666666664 0.07222222222222222 0.03958333333333333 
10 0.35625 0.6416666666666667 0.11527777777777778 0.15416666666666667 
3 0.8951388888888889 0.37916666666666665 0.06805555555555555 0.058333333333333334 
3 0.6909722222222222 0.33229166666666665 0.07916666666666666 0.03958333333333333 
