3 0.5368055555555555 0.3375 0.05138888888888889 0.04583333333333333 
3 0.6875 0.33229166666666665 0.06111111111111111 0.052083333333333336 
3 0.9569444444444445 0.6958333333333333 0.08055555555555556 0.17083333333333334 
3 0.725 0.5302083333333333 0.15 0.11875 
3 0.9166666666666666 0.32083333333333336 0.058333333333333334 0.04583333333333333 
3 0.8090277777777778 0.559375 0.1486111111111111 0.15208333333333332 
3 0.5826388888888889 0.47604166666666664 0.14027777777777778 0.08958333333333333 
3 0.9333333333333333 0.4 0.06388888888888888 0.0625 
3 0.8909722222222223 0.38229166666666664 0.06527777777777778 0.06458333333333334 
3 0.7597222222222222 0.3416666666666667 0.05555555555555555 0.05416666666666667 
3 0.34305555555555556 0.6229166666666667 0.11944444444444445 0.14583333333333334 
3 0.5833333333333334 0.42916666666666664 0.10555555555555556 0.058333333333333334 
3 0.9006944444444445 0.61875 0.17916666666666667 0.16666666666666666 
3 0.9652777777777778 0.42291666666666666 0.05555555555555555 0.0875 
3 0.6756944444444445 0.4739583333333333 0.11527777777777778 0.09791666666666667 
3 0.5993055555555555 0.3229166666666667 0.07083333333333333 0.041666666666666664 
3 0.8402777777777778 0.36875 0.075 0.0625 
