3 0.9590277777777778 0.6979166666666666 0.07083333333333333 0.15 
3 0.8465277777777778 0.36354166666666665 0.07916666666666666 0.06041666666666667 
3 0.5819444444444445 0.46979166666666666 0.14444444444444443 0.08125 
3 0.8972222222222223 0.6177083333333333 0.16944444444444445 0.17291666666666666 
3 0.6756944444444445 0.46875 0.11527777777777778 0.1 
3 0.9673611111111111 0.41458333333333336 0.05416666666666667 0.07916666666666666 
3 0.7236111111111111 0.5229166666666667 0.14444444444444443 0.11666666666666667 
3 0.8090277777777778 0.5520833333333334 0.14583333333333334 0.14166666666666666 
3 0.34097222222222223 0.6447916666666667 0.10694444444444444 0.15208333333333332 
3 0.9395833333333333 0.39895833333333336 0.059722222222222225 0.06041666666666667 
3 0.5888888888888889 0.4270833333333333 0.11666666666666667 0.04583333333333333 
3 0.6909722222222222 0.3333333333333333 0.059722222222222225 0.05 
3 0.5972222222222222 0.321875 0.06666666666666667 0.03958333333333333 
3 0.8951388888888889 0.38229166666666664 0.06527777777777778 0.05625 
