3 0.22777777777777777 0.11666666666666667 0.08055555555555556 0.058333333333333334 
3 0.02638888888888889 0.28229166666666666 0.05 0.06458333333333334 
5 0.9458333333333333 0.45 0.08611111111111111 0.12083333333333333 
5 0.725 0.9114583333333334 0.33055555555555555 0.16875 
3 0.14375 0.24583333333333332 0.12361111111111112 0.08333333333333333 
10 0.6708333333333333 0.625 0.375 0.31666666666666665 
3 0.17152777777777778 0.115625 0.04583333333333333 0.04791666666666667 
3 0.02013888888888889 0.35520833333333335 0.04027777777777778 0.09375 
3 0.6048611111111111 0.42083333333333334 0.2875 0.13333333333333333 
3 0.12916666666666668 0.121875 0.04722222222222222 0.052083333333333336 
