3 0.33611111111111114 0.075 0.041666666666666664 0.029166666666666667 
3 0.08472222222222223 0.23541666666666666 0.030555555555555555 0.04583333333333333 
3 0.06597222222222222 0.225 0.020833333333333332 0.03333333333333333 
2 0.16666666666666666 0.13541666666666666 0.08333333333333333 0.058333333333333334 
3 0.6409722222222223 0.21875 0.12638888888888888 0.07083333333333333 
3 0.25069444444444444 0.121875 0.04583333333333333 0.027083333333333334 
8 0.17916666666666667 0.26666666666666666 0.10555555555555556 0.10833333333333334 
3 0.2673611111111111 0.328125 0.12361111111111112 0.13125 
8 0.12291666666666666 0.24166666666666667 0.06527777777777778 0.07916666666666666 
3 0.04722222222222222 0.21458333333333332 0.025 0.029166666666666667 
3 0.6326388888888889 0.30520833333333336 0.1986111111111111 0.13958333333333334 
