9 0.03070175438596491 0.18201754385964913 0.049707602339181284 0.08333333333333333 
8 0.685672514619883 0.18859649122807018 0.12573099415204678 0.07017543859649122 
8 0.7850877192982456 0.6557017543859649 0.40058479532163743 0.42543859649122806 
5 0.7456140350877193 0.9122807017543859 0.3508771929824561 0.16666666666666666 
3 0.4093567251461988 0.1206140350877193 0.05847953216374269 0.03070175438596491 
3 0.32456140350877194 0.21710526315789475 0.10526315789473684 0.07456140350877193 
8 0.8260233918128655 0.24561403508771928 0.13742690058479531 0.09649122807017543 
3 0.4926900584795322 0.14035087719298245 0.07309941520467836 0.03508771929824561 
3 0.08771929824561403 0.2631578947368421 0.05847953216374269 0.08771929824561403 
3 0.14035087719298245 0.2149122807017544 0.05263157894736842 0.06140350877192982 
