3 0.38680555555555557 0.228125 0.0375 0.06458333333333334 
3 0.26805555555555555 0.4375 0.058333333333333334 0.12916666666666668 
3 0.5409722222222222 0.17291666666666666 0.034722222222222224 0.03333333333333333 
3 0.33194444444444443 0.22083333333333333 0.03611111111111111 0.06666666666666667 
3 0.3611111111111111 0.13125 0.030555555555555555 0.029166666666666667 
3 0.39166666666666666 0.08854166666666667 0.019444444444444445 0.022916666666666665 
3 0.4847222222222222 0.175 0.03333333333333333 0.0375 
3 0.3576388888888889 0.8854166666666666 0.09583333333333334 0.21666666666666667 
3 0.46805555555555556 0.09583333333333334 0.019444444444444445 0.029166666666666667 
3 0.6423611111111112 0.3875 0.07916666666666666 0.09583333333333334 
3 0.3819444444444444 0.065625 0.013888888888888888 0.014583333333333334 
