7 0.4597222222222222 0.8677083333333333 0.03611111111111111 0.19375 
7 0.09444444444444444 0.496875 0.03611111111111111 0.07708333333333334 
5 0.4041666666666667 0.30625 0.03611111111111111 0.075 
7 0.35833333333333334 0.9489583333333333 0.058333333333333334 0.09375 
3 0.7340277777777777 0.32916666666666666 0.05138888888888889 0.03333333333333333 
2 0.4736111111111111 0.41354166666666664 0.12777777777777777 0.18958333333333333 
3 0.775 0.35 0.05 0.0375 
2 0.6479166666666667 0.3333333333333333 0.09305555555555556 0.09583333333333334 
3 0.58125 0.353125 0.04583333333333333 0.04375 
7 0.05555555555555555 0.603125 0.022222222222222223 0.052083333333333336 
3 0.6569444444444444 0.6208333333333333 0.1361111111111111 0.175 
3 0.8326388888888889 0.33125 0.034722222222222224 0.025 
5 0.45555555555555555 0.27395833333333336 0.019444444444444445 0.022916666666666665 
3 0.79375 0.36354166666666665 0.04861111111111111 0.035416666666666666 
3 0.7041666666666667 0.47708333333333336 0.10277777777777777 0.1125 
3 0.8638888888888889 0.3416666666666667 0.03888888888888889 0.029166666666666667 
3 0.89375 0.3541666666666667 0.04027777777777778 0.029166666666666667 
7 0.26458333333333334 0.5114583333333333 0.04027777777777778 0.09375 
5 0.5256944444444445 0.27708333333333335 0.02638888888888889 0.041666666666666664 
7 0.04097222222222222 0.6322916666666667 0.04027777777777778 0.08541666666666667 
7 0.015277777777777777 0.6614583333333334 0.025 0.12708333333333333 
