3 0.4930555555555556 0.26458333333333334 0.06666666666666667 0.025 
3 0.08611111111111111 0.09791666666666667 0.05555555555555555 0.0375 
3 0.5090277777777777 0.2947916666666667 0.0763888888888889 0.052083333333333336 
3 0.37916666666666665 0.5614583333333333 0.29444444444444445 0.2604166666666667 
8 0.15208333333333332 0.12708333333333333 0.06527777777777778 0.04583333333333333 
3 0.7479166666666667 0.4270833333333333 0.06805555555555555 0.058333333333333334 
3 0.6729166666666667 0.3875 0.07916666666666666 0.06666666666666667 
3 0.5513888888888889 0.5104166666666666 0.20555555555555555 0.19166666666666668 
3 0.34444444444444444 0.19375 0.05277777777777778 0.05 
3 0.03611111111111111 0.09166666666666666 0.044444444444444446 0.0375 
3 0.29444444444444445 0.1875 0.08333333333333333 0.041666666666666664 
3 0.19930555555555557 0.14270833333333333 0.034722222222222224 0.03125 
