5 0.9298245614035088 0.4473684210526316 0.10526315789473684 0.12280701754385964 
3 0.04093567251461988 0.20394736842105263 0.04678362573099415 0.07456140350877193 
3 0.49122807017543857 0.1337719298245614 0.07602339181286549 0.03070175438596491 
3 0.08771929824561403 0.17324561403508773 0.03508771929824561 0.04824561403508772 
3 0.9005847953216374 0.6008771929824561 0.16374269005847952 0.22807017543859648 
8 0.8230994152046783 0.24561403508771928 0.13742690058479531 0.09649122807017543 
8 0.6812865497076024 0.18421052631578946 0.12280701754385964 0.07017543859649122 
5 0.1286549707602339 0.14912280701754385 0.06432748538011696 0.06140350877192982 
3 0.4108187134502924 0.1162280701754386 0.06140350877192982 0.039473684210526314 
3 0.2821637426900585 0.19736842105263158 0.0847953216374269 0.06140350877192982 
