3 0.35 0.134375 0.025 0.03958333333333333 
3 0.48194444444444445 0.140625 0.030555555555555555 0.03125 
3 0.3993055555555556 0.13541666666666666 0.02638888888888889 0.03333333333333333 
3 0.3798611111111111 0.328125 0.04861111111111111 0.09375 
3 0.34305555555555556 0.9395833333333333 0.10277777777777777 0.11666666666666667 
3 0.19375 0.846875 0.10972222222222222 0.26458333333333334 
3 0.5465277777777777 0.18541666666666667 0.0375 0.041666666666666664 
3 0.3770833333333333 0.07916666666666666 0.020833333333333332 0.029166666666666667 
3 0.5041666666666667 0.10416666666666667 0.027777777777777776 0.025 
3 0.40625 0.071875 0.020833333333333332 0.027083333333333334 
3 0.5583333333333333 0.434375 0.07777777777777778 0.11041666666666666 
3 0.33541666666666664 0.20208333333333334 0.0375 0.058333333333333334 
5 0.4638888888888889 0.08125 0.025 0.03333333333333333 
