3 0.9034722222222222 0.3572916666666667 0.03194444444444444 0.022916666666666665 
2 0.48194444444444445 0.434375 0.14722222222222223 0.19791666666666666 
3 0.7833333333333333 0.35208333333333336 0.05 0.03333333333333333 
3 0.7541666666666667 0.3385416666666667 0.05555555555555555 0.027083333333333334 
3 0.83125 0.8666666666666667 0.2263888888888889 0.25416666666666665 
3 0.7277777777777777 0.31979166666666664 0.06388888888888888 0.027083333333333334 
7 0.2326388888888889 0.55625 0.034722222222222224 0.10833333333333334 
3 0.8027777777777778 0.36666666666666664 0.06111111111111111 0.041666666666666664 
3 0.7375 0.328125 0.05555555555555555 0.027083333333333334 
3 0.48819444444444443 0.29375 0.018055555555555554 0.020833333333333332 
5 0.43194444444444446 0.28854166666666664 0.027777777777777776 0.035416666666666666 
7 0.14097222222222222 0.43854166666666666 0.02361111111111111 0.07291666666666667 
7 0.31666666666666665 0.45416666666666666 0.013888888888888888 0.0875 
3 0.9388888888888889 0.371875 0.03888888888888889 0.03125 
3 0.6909722222222222 0.30833333333333335 0.04861111111111111 0.020833333333333332 
3 0.8763888888888889 0.35 0.041666666666666664 0.020833333333333332 
