3 0.15208333333333332 0.22291666666666668 0.11527777777777778 0.08333333333333333 
3 0.8131944444444444 0.09791666666666667 0.05694444444444444 0.041666666666666664 
3 0.35555555555555557 0.059375 0.030555555555555555 0.035416666666666666 
3 0.9715277777777778 0.159375 0.043055555555555555 0.035416666666666666 
3 0.37569444444444444 0.4010416666666667 0.26805555555555555 0.15208333333333332 
3 0.9472222222222222 0.13020833333333334 0.05277777777777778 0.035416666666666666 
3 0.020833333333333332 0.19479166666666667 0.03888888888888889 0.03958333333333333 
3 0.8472222222222222 0.11875 0.041666666666666664 0.03333333333333333 
3 0.9034722222222222 0.11354166666666667 0.0375 0.03125 
3 0.8819444444444444 0.14270833333333333 0.07222222222222222 0.04375 
3 0.24027777777777778 0.04479166666666667 0.03333333333333333 0.035416666666666666 
3 0.48333333333333334 0.6083333333333333 0.375 0.23333333333333334 
3 0.09236111111111112 0.165625 0.07361111111111111 0.052083333333333336 
