3 0.7430555555555556 0.5072916666666667 0.15 0.13125 
3 0.9256944444444445 0.38229166666666664 0.06527777777777778 0.06458333333333334 
3 0.6993055555555555 0.34270833333333334 0.059722222222222225 0.03958333333333333 
3 0.9423611111111111 0.65625 0.10416666666666667 0.18333333333333332 
3 0.8458333333333333 0.3614583333333333 0.07777777777777778 0.06041666666666667 
3 0.8180555555555555 0.5635416666666667 0.13333333333333333 0.12708333333333333 
3 0.9583333333333334 0.41354166666666664 0.07222222222222222 0.07708333333333334 
3 0.6618055555555555 0.4822916666666667 0.12638888888888888 0.08958333333333333 
3 0.41944444444444445 0.43645833333333334 0.075 0.08958333333333333 
3 0.8027777777777778 0.3572916666666667 0.06111111111111111 0.052083333333333336 
3 0.5840277777777778 0.45625 0.10138888888888889 0.0875 
3 0.8993055555555556 0.5864583333333333 0.1486111111111111 0.15625 
3 0.6048611111111111 0.3875 0.059722222222222225 0.03333333333333333 
3 0.5791666666666667 0.32708333333333334 0.06944444444444445 0.05 
3 0.7604166666666666 0.33958333333333335 0.04027777777777778 0.041666666666666664 
3 0.6506944444444445 0.3645833333333333 0.0375 0.04583333333333333 
3 0.5923611111111111 0.4125 0.12916666666666668 0.05 
