3 0.6152777777777778 0.23229166666666667 0.041666666666666664 0.027083333333333334 
2 0.4840277777777778 0.196875 0.04861111111111111 0.04791666666666667 
5 0.02013888888888889 0.290625 0.04027777777777778 0.06041666666666667 
2 0.7152777777777778 0.25104166666666666 0.15555555555555556 0.10208333333333333 
3 0.29375 0.5822916666666667 0.14583333333333334 0.18958333333333333 
3 0.4340277777777778 0.309375 0.06805555555555555 0.06458333333333334 
3 0.37777777777777777 0.40729166666666666 0.07777777777777778 0.08541666666666667 
3 0.5722222222222222 0.22708333333333333 0.03333333333333333 0.029166666666666667 
2 0.5208333333333334 0.21145833333333333 0.06388888888888888 0.06041666666666667 
2 0.8729166666666667 0.3541666666666667 0.24583333333333332 0.2 
