3 0.775 0.12291666666666666 0.05555555555555555 0.05 
3 0.7152777777777778 0.12916666666666668 0.08055555555555556 0.0625 
3 0.9458333333333333 0.225 0.03611111111111111 0.0625 
3 0.1840277777777778 0.01875 0.05138888888888889 0.03333333333333333 
1 0.2548611111111111 0.9114583333333334 0.19027777777777777 0.16041666666666668 
3 0.30069444444444443 0.05520833333333333 0.07083333333333333 0.04791666666666667 
3 0.38263888888888886 0.06979166666666667 0.09583333333333334 0.07708333333333334 
3 0.12777777777777777 0.08645833333333333 0.058333333333333334 0.05625 
1 0.6798611111111111 0.3489583333333333 0.08194444444444444 0.14791666666666667 
3 0.25277777777777777 0.03125 0.05555555555555555 0.04583333333333333 
3 0.8729166666666667 0.13541666666666666 0.034722222222222224 0.041666666666666664 
3 0.8208333333333333 0.1125 0.03888888888888889 0.041666666666666664 
3 0.9201388888888888 0.271875 0.059722222222222225 0.08541666666666667 
3 0.17916666666666667 0.11145833333333334 0.07777777777777778 0.07708333333333334 
