10 0.2590277777777778 0.434375 0.19583333333333333 0.23125 
10 0.18125 0.76875 0.33194444444444443 0.35833333333333334 
3 0.8680555555555556 0.33645833333333336 0.04722222222222222 0.07708333333333334 
3 0.66875 0.20729166666666668 0.02361111111111111 0.03125 
8 0.49236111111111114 0.3020833333333333 0.10138888888888889 0.0875 
3 0.8715277777777778 0.42291666666666666 0.06527777777777778 0.10833333333333334 
3 0.6013888888888889 0.24583333333333332 0.03888888888888889 0.0375 
8 0.6326388888888889 0.22291666666666668 0.0375 0.05 
3 0.8736111111111111 0.5666666666666667 0.08888888888888889 0.15416666666666667 
3 0.4326388888888889 0.25 0.04861111111111111 0.03333333333333333 
3 0.3638888888888889 0.33125 0.05555555555555555 0.06666666666666667 
