3 0.6875 0.17395833333333333 0.07222222222222222 0.04791666666666667 
5 0.8680555555555556 0.11979166666666667 0.013888888888888888 0.027083333333333334 
3 0.2388888888888889 0.16979166666666667 0.022222222222222223 0.01875 
3 0.7243055555555555 0.365625 0.1875 0.11458333333333333 
3 0.4930555555555556 0.17083333333333334 0.06111111111111111 0.029166666666666667 
3 0.21944444444444444 0.3072916666666667 0.09722222222222222 0.07291666666666667 
5 0.9034722222222222 0.128125 0.029166666666666667 0.027083333333333334 
3 0.37916666666666665 0.15208333333333332 0.03888888888888889 0.020833333333333332 
5 0.8493055555555555 0.1125 0.020833333333333332 0.025 
3 0.30972222222222223 0.14895833333333333 0.027777777777777776 0.01875 
