3 0.9083333333333333 0.11770833333333333 0.044444444444444446 0.03125 
3 0.0875 0.15520833333333334 0.075 0.052083333333333336 
3 0.58125 0.15833333333333333 0.12916666666666668 0.058333333333333334 
3 0.8506944444444444 0.12291666666666666 0.04583333333333333 0.029166666666666667 
3 0.7819444444444444 0.08020833333333334 0.03888888888888889 0.03125 
3 0.1673611111111111 0.6072916666666667 0.33194444444444443 0.2520833333333333 
3 0.8145833333333333 0.09791666666666667 0.06527777777777778 0.041666666666666664 
3 0.9416666666666667 0.14166666666666666 0.03611111111111111 0.025 
3 0.9652777777777778 0.16354166666666667 0.041666666666666664 0.03125 
3 0.23819444444444443 0.04479166666666667 0.03194444444444444 0.027083333333333334 
3 0.8784722222222222 0.14479166666666668 0.0625 0.04791666666666667 
