3 0.06111111111111111 0.2875 0.044444444444444446 0.041666666666666664 
10 0.93125 0.440625 0.10972222222222222 0.17291666666666666 
0 0.8569444444444444 0.1125 0.03888888888888889 0.025 
5 0.9583333333333334 0.14895833333333333 0.016666666666666666 0.03125 
5 0.9805555555555555 0.16041666666666668 0.011111111111111112 0.029166666666666667 
5 0.9722222222222222 0.15 0.013888888888888888 0.029166666666666667 
5 0.9020833333333333 0.12604166666666666 0.03194444444444444 0.027083333333333334 
3 0.3763888888888889 0.14583333333333334 0.027777777777777776 0.020833333333333332 
3 0.08125 0.6260416666666667 0.1625 0.14375 
0 0.30972222222222223 0.15625 0.11666666666666667 0.05 
