3 0.08333333333333333 0.3260416666666667 0.11944444444444445 0.12291666666666666 
3 0.15902777777777777 0.059375 0.04583333333333333 0.035416666666666666 
3 0.34652777777777777 0.046875 0.0625 0.035416666666666666 
3 0.8916666666666667 0.35208333333333336 0.16666666666666666 0.14583333333333334 
3 0.7111111111111111 0.08333333333333333 0.04722222222222222 0.041666666666666664 
3 0.2708333333333333 0.028125 0.05277777777777778 0.035416666666666666 
1 0.6340277777777777 0.2604166666666667 0.034722222222222224 0.1 
3 0.5319444444444444 0.1125 0.075 0.075 
3 0.4270833333333333 0.18541666666666667 0.1375 0.12083333333333333 
5 0.9319444444444445 0.5052083333333334 0.1111111111111111 0.14375 
3 0.21875 0.09166666666666666 0.10416666666666667 0.07916666666666666 
3 0.9013888888888889 0.28125 0.12777777777777777 0.075 
5 0.7131944444444445 0.051041666666666666 0.02361111111111111 0.022916666666666665 
