3 0.5805555555555556 0.421875 0.125 0.06458333333333334 
3 0.6694444444444444 0.484375 0.12222222222222222 0.09375 
3 0.5819444444444445 0.32395833333333335 0.05277777777777778 0.04791666666666667 
5 0.9743055555555555 0.6875 0.04027777777777778 0.1375 
3 0.3736111111111111 0.6302083333333334 0.11666666666666667 0.16875 
3 0.47638888888888886 0.37916666666666665 0.06944444444444445 0.058333333333333334 
3 0.9215277777777777 0.6333333333333333 0.13472222222222222 0.16666666666666666 
3 0.5916666666666667 0.4635416666666667 0.1 0.08541666666666667 
3 0.6986111111111111 0.3854166666666667 0.09166666666666666 0.07083333333333333 
3 0.8319444444444445 0.5729166666666666 0.14166666666666666 0.14583333333333334 
7 0.6743055555555556 0.3875 0.018055555555555554 0.0625 
3 0.34791666666666665 0.4479166666666667 0.0625 0.06666666666666667 
3 0.28680555555555554 0.8770833333333333 0.19027777777777777 0.24166666666666667 
3 0.9701388888888889 0.42083333333333334 0.04861111111111111 0.07916666666666666 
3 0.9291666666666667 0.39895833333333336 0.06111111111111111 0.04791666666666667 
10 0.8381944444444445 0.36041666666666666 0.10138888888888889 0.075 
3 0.8673611111111111 0.38958333333333334 0.07083333333333333 0.0625 
3 0.9590277777777778 0.33125 0.06527777777777778 0.05416666666666667 
3 0.7638888888888888 0.5239583333333333 0.12777777777777777 0.12291666666666666 
