3 0.021527777777777778 0.184375 0.034722222222222224 0.04375 
3 0.8520833333333333 0.11354166666666667 0.043055555555555555 0.035416666666666666 
3 0.9090277777777778 0.10833333333333334 0.04583333333333333 0.0375 
3 0.9402777777777778 0.13125 0.03333333333333333 0.029166666666666667 
3 0.08680555555555555 0.15104166666666666 0.07916666666666666 0.05625 
3 0.9659722222222222 0.15416666666666667 0.043055555555555555 0.029166666666666667 
3 0.8118055555555556 0.0875 0.06805555555555555 0.03333333333333333 
2 0.4465277777777778 0.565625 0.8930555555555556 0.46875 
3 0.23819444444444443 0.03958333333333333 0.03194444444444444 0.025 
3 0.7722222222222223 0.075 0.022222222222222223 0.016666666666666666 
3 0.8791666666666667 0.13645833333333332 0.06388888888888888 0.052083333333333336 
