3 0.27631578947368424 0.21710526315789475 0.09649122807017543 0.07456140350877193 
3 0.6374269005847953 0.2719298245614035 0.15789473684210525 0.10526315789473684 
3 0.19444444444444445 0.14692982456140352 0.03216374269005848 0.03070175438596491 
3 0.7646198830409356 0.18640350877192982 0.09064327485380116 0.05701754385964912 
3 0.13742690058479531 0.2543859649122807 0.06432748538011696 0.07017543859649122 
3 0.8464912280701754 0.20394736842105263 0.06725146198830409 0.06578947368421052 
8 0.7309941520467836 0.14473684210526316 0.08187134502923976 0.05263157894736842 
3 0.4780701754385965 0.12719298245614036 0.07309941520467836 0.03508771929824561 
3 0.03216374269005848 0.25877192982456143 0.04678362573099415 0.03508771929824561 
3 0.40350877192982454 0.1425438596491228 0.05847953216374269 0.039473684210526314 
3 0.7017543859649122 0.4451754385964912 0.2807017543859649 0.19736842105263158 
