3 0.7458333333333333 0.5052083333333334 0.16111111111111112 0.13958333333333334 
3 0.5888888888888889 0.41458333333333336 0.12222222222222222 0.05 
3 0.8465277777777778 0.359375 0.08194444444444444 0.04791666666666667 
3 0.9409722222222222 0.6583333333333333 0.10972222222222222 0.18333333333333332 
3 0.6138888888888889 0.390625 0.04722222222222222 0.027083333333333334 
3 0.8958333333333334 0.5875 0.15 0.15416666666666667 
3 0.6618055555555555 0.48020833333333335 0.12361111111111112 0.09791666666666667 
3 0.9277777777777778 0.384375 0.075 0.06875 
3 0.5854166666666667 0.4552083333333333 0.1125 0.08125 
3 0.8166666666666667 0.5604166666666667 0.14166666666666666 0.125 
3 0.34305555555555556 0.6083333333333333 0.10277777777777777 0.1375 
3 0.5791666666666667 0.32708333333333334 0.06944444444444445 0.041666666666666664 
3 0.7069444444444445 0.3458333333333333 0.06388888888888888 0.05 
