3 0.13596491228070176 0.15570175438596492 0.038011695906432746 0.04824561403508772 
8 0.09649122807017543 0.27850877192982454 0.07602339181286549 0.11842105263157894 
3 0.12280701754385964 0.12719298245614036 0.03508771929824561 0.02631578947368421 
9 0.3991228070175439 0.22587719298245615 0.2719298245614035 0.29385964912280704 
3 0.17105263157894737 0.1425438596491228 0.043859649122807015 0.039473684210526314 
3 0.5277777777777778 0.4956140350877193 0.2543859649122807 0.23684210526315788 
3 0.49415204678362573 0.12280701754385964 0.07017543859649122 0.02631578947368421 
8 0.6842105263157895 0.18859649122807018 0.12280701754385964 0.07894736842105263 
3 0.0891812865497076 0.14692982456140352 0.02046783625730994 0.021929824561403508 
3 0.543859649122807 0.24780701754385964 0.06432748538011696 0.10087719298245613 
