8 0.24513888888888888 0.6760416666666667 0.4847222222222222 0.50625 
3 0.9305555555555556 0.8260416666666667 0.12777777777777777 0.16875 
3 0.20416666666666666 0.4375 0.2388888888888889 0.20416666666666666 
3 0.3368055555555556 0.20416666666666666 0.0625 0.04583333333333333 
3 0.45208333333333334 0.2520833333333333 0.059722222222222225 0.0375 
3 0.33402777777777776 0.20729166666666668 0.059722222222222225 0.035416666666666666 
3 0.6819444444444445 0.390625 0.08055555555555556 0.05625 
3 0.8902777777777777 0.5364583333333334 0.04722222222222222 0.052083333333333336 
3 0.5548611111111111 0.6479166666666667 0.2902777777777778 0.24583333333333332 
3 0.13680555555555557 0.12291666666666666 0.04861111111111111 0.020833333333333332 
3 0.8895833333333333 0.5302083333333333 0.059722222222222225 0.04791666666666667 
3 0.45416666666666666 0.25729166666666664 0.05277777777777778 0.03958333333333333 
