3 0.4638888888888889 0.809375 0.19444444444444445 0.3020833333333333 
3 0.11805555555555555 0.28854166666666664 0.044444444444444446 0.03125 
2 0.24583333333333332 0.234375 0.2222222222222222 0.13541666666666666 
7 0.8333333333333334 0.30520833333333336 0.013888888888888888 0.035416666666666666 
3 0.8861111111111111 0.32708333333333334 0.07222222222222222 0.0625 
3 0.5381944444444444 0.2375 0.0763888888888889 0.041666666666666664 
7 0.9701388888888889 0.51875 0.0375 0.09583333333333334 
7 0.23472222222222222 0.30104166666666665 0.011111111111111112 0.035416666666666666 
7 0.8569444444444444 0.7864583333333334 0.06666666666666667 0.16041666666666668 
3 0.08125 0.4125 0.10694444444444444 0.075 
3 0.3597222222222222 0.659375 0.21944444444444444 0.26458333333333334 
7 0.02847222222222222 0.4708333333333333 0.029166666666666667 0.06666666666666667 
7 0.8131944444444444 0.28958333333333336 0.009722222222222222 0.05 
3 0.025 0.3645833333333333 0.05 0.0625 
3 0.37083333333333335 0.3177083333333333 0.12222222222222222 0.06458333333333334 
3 0.7479166666666667 0.25104166666666666 0.05694444444444444 0.035416666666666666 
