3 0.5451388888888888 0.30416666666666664 0.02361111111111111 0.029166666666666667 
7 0.32222222222222224 0.9229166666666667 0.08888888888888889 0.14583333333333334 
4 0.6673611111111111 0.4239583333333333 0.04027777777777778 0.06875 
3 0.7868055555555555 0.359375 0.07083333333333333 0.04375 
7 0.48125 0.9270833333333334 0.05694444444444444 0.14166666666666666 
7 0.4465277777777778 0.871875 0.059722222222222225 0.17708333333333334 
3 0.5694444444444444 0.33229166666666665 0.03333333333333333 0.035416666666666666 
2 0.6631944444444444 0.3458333333333333 0.10138888888888889 0.1125 
2 0.48819444444444443 0.36666666666666664 0.09027777777777778 0.1375 
3 0.4979166666666667 0.29791666666666666 0.020833333333333332 0.016666666666666666 
