3 0.8951388888888889 0.38958333333333334 0.06527777777777778 0.07083333333333333 
3 0.5868055555555556 0.43020833333333336 0.11527777777777778 0.05625 
3 0.5826388888888889 0.4739583333333333 0.14583333333333334 0.08958333333333333 
3 0.8472222222222222 0.36875 0.08055555555555556 0.06666666666666667 
3 0.9625 0.421875 0.058333333333333334 0.07708333333333334 
3 0.9548611111111112 0.6927083333333334 0.07361111111111111 0.16458333333333333 
3 0.65 0.37083333333333335 0.06388888888888888 0.05416666666666667 
3 0.7652777777777777 0.34375 0.05277777777777778 0.058333333333333334 
3 0.46805555555555556 0.3927083333333333 0.08333333333333333 0.06875 
3 0.6763888888888889 0.471875 0.125 0.10208333333333333 
3 0.80625 0.5583333333333333 0.15138888888888888 0.14583333333333334 
3 0.6013888888888889 0.32395833333333335 0.07222222222222222 0.04791666666666667 
3 0.8986111111111111 0.6177083333333333 0.16666666666666666 0.16458333333333333 
3 0.9319444444444445 0.40520833333333334 0.06111111111111111 0.06458333333333334 
3 0.7270833333333333 0.528125 0.1486111111111111 0.11875 
3 0.30416666666666664 0.7947916666666667 0.1638888888888889 0.24375 
3 0.6868055555555556 0.33229166666666665 0.059722222222222225 0.05625 
