3 0.9736111111111111 0.159375 0.030555555555555555 0.022916666666666665 
3 0.08611111111111111 0.14791666666666667 0.075 0.05416666666666667 
3 0.8138888888888889 0.08645833333333333 0.05555555555555555 0.027083333333333334 
3 0.7895833333333333 0.07604166666666666 0.05138888888888889 0.01875 
9 0.45902777777777776 0.3645833333333333 0.3375 0.22083333333333333 
3 0.9097222222222222 0.16145833333333334 0.06111111111111111 0.04375 
3 0.8805555555555555 0.13333333333333333 0.06388888888888888 0.029166666666666667 
3 0.9430555555555555 0.13020833333333334 0.03611111111111111 0.035416666666666666 
3 0.23819444444444443 0.0375 0.03194444444444444 0.025 
3 0.9083333333333333 0.10416666666666667 0.030555555555555555 0.025 
3 0.7604166666666666 0.06041666666666667 0.04027777777777778 0.025 
3 0.8520833333333333 0.11458333333333333 0.0375 0.020833333333333332 
