3 0.47152777777777777 0.38958333333333334 0.2875 0.17083333333333334 
3 0.9430555555555555 0.13541666666666666 0.03333333333333333 0.03333333333333333 
3 0.7833333333333333 0.078125 0.041666666666666664 0.022916666666666665 
3 0.8784722222222222 0.14166666666666666 0.05694444444444444 0.041666666666666664 
3 0.625 0.19270833333333334 0.16111111111111112 0.07708333333333334 
3 0.8486111111111111 0.12083333333333333 0.044444444444444446 0.029166666666666667 
3 0.9666666666666667 0.15833333333333333 0.03888888888888889 0.029166666666666667 
3 0.23819444444444443 0.04479166666666667 0.029166666666666667 0.01875 
3 0.03263888888888889 0.24479166666666666 0.06527777777777778 0.07708333333333334 
3 0.8118055555555556 0.09270833333333334 0.0625 0.027083333333333334 
3 0.7625 0.059375 0.044444444444444446 0.022916666666666665 
3 0.9111111111111111 0.11458333333333333 0.04722222222222222 0.03333333333333333 
3 0.0875 0.15625 0.06944444444444445 0.04583333333333333 
