3 0.8368055555555556 0.34791666666666665 0.09027777777777778 0.0625 
5 0.16875 0.8822916666666667 0.19027777777777777 0.21875 
3 0.5763888888888888 0.415625 0.11944444444444445 0.06458333333333334 
3 0.5944444444444444 0.44479166666666664 0.10277777777777777 0.06458333333333334 
3 0.9229166666666667 0.6125 0.14027777777777778 0.1625 
3 0.8729166666666667 0.37395833333333334 0.0763888888888889 0.06041666666666667 
3 0.9354166666666667 0.37916666666666665 0.06527777777777778 0.05416666666666667 
3 0.6763888888888889 0.4708333333333333 0.1361111111111111 0.09583333333333334 
3 0.6125 0.37395833333333334 0.05 0.01875 
3 0.7694444444444445 0.5052083333333334 0.14444444444444443 0.11875 
3 0.9666666666666667 0.40625 0.03888888888888889 0.0875 
3 0.7020833333333333 0.33541666666666664 0.05138888888888889 0.04583333333333333 
3 0.8375 0.553125 0.1388888888888889 0.13541666666666666 
3 0.5805555555555556 0.31354166666666666 0.06944444444444445 0.04375 
3 0.7361111111111112 0.315625 0.044444444444444446 0.04791666666666667 
