3 0.28055555555555556 0.30416666666666664 0.030555555555555555 0.020833333333333332 
3 0.5458333333333333 0.3385416666666667 0.09722222222222222 0.052083333333333336 
3 0.7284722222222222 0.3697916666666667 0.12638888888888888 0.07708333333333334 
3 0.27847222222222223 0.40208333333333335 0.07361111111111111 0.07916666666666666 
3 0.21388888888888888 0.3 0.025 0.025 
3 0.48194444444444445 0.30625 0.06944444444444445 0.03333333333333333 
3 0.3909722222222222 0.31354166666666666 0.05694444444444444 0.03125 
3 0.19444444444444445 0.35625 0.03888888888888889 0.04583333333333333 
3 0.24375 0.2989583333333333 0.02361111111111111 0.022916666666666665 
2 0.6597222222222222 0.6864583333333333 0.6583333333333333 0.6229166666666667 
3 0.9208333333333333 0.425 0.125 0.08333333333333333 
