5 0.9680555555555556 0.15416666666666667 0.044444444444444446 0.025 
5 0.21875 0.090625 0.0375 0.035416666666666666 
3 0.9263888888888889 0.2375 0.09444444444444444 0.0875 
3 0.7916666666666666 0.08020833333333334 0.05277777777777778 0.035416666666666666 
3 0.8770833333333333 0.13541666666666666 0.0625 0.05 
3 0.7631944444444444 0.06354166666666666 0.0625 0.03125 
3 0.9097222222222222 0.11041666666666666 0.04722222222222222 0.03333333333333333 
5 0.24930555555555556 0.065625 0.04027777777777778 0.027083333333333334 
3 0.12430555555555556 0.6041666666666666 0.24861111111111112 0.19583333333333333 
3 0.09375 0.16041666666666668 0.08194444444444444 0.05416666666666667 
