3 0.7659722222222223 0.5229166666666667 0.14305555555555555 0.12083333333333333 
3 0.9298611111111111 0.4010416666666667 0.05694444444444444 0.052083333333333336 
3 0.8368055555555556 0.35625 0.09305555555555556 0.0625 
3 0.5875 0.45625 0.09166666666666666 0.075 
3 0.8333333333333334 0.5645833333333333 0.14444444444444443 0.14166666666666666 
3 0.5729166666666666 0.38958333333333334 0.10694444444444444 0.0375 
3 0.8673611111111111 0.3885416666666667 0.06805555555555555 0.06041666666666667 
3 0.8736111111111111 0.315625 0.05555555555555555 0.04375 
3 0.5805555555555556 0.41770833333333335 0.11388888888888889 0.05625 
3 0.2604166666666667 0.409375 0.07083333333333333 0.04375 
3 0.73125 0.33125 0.04027777777777778 0.05 
3 0.9694444444444444 0.35104166666666664 0.05277777777777778 0.052083333333333336 
3 0.9708333333333333 0.42291666666666666 0.05 0.07916666666666666 
3 0.5909722222222222 0.321875 0.0763888888888889 0.04375 
3 0.9208333333333333 0.6322916666666667 0.1361111111111111 0.16041666666666668 
3 0.4215277777777778 0.4375 0.0625 0.075 
3 0.18958333333333333 0.7625 0.14583333333333334 0.17916666666666667 
3 0.6722222222222223 0.478125 0.125 0.08958333333333333 
3 0.6965277777777777 0.3385416666666667 0.04583333333333333 0.03958333333333333 
3 0.9736111111111111 0.709375 0.044444444444444446 0.14375 
3 0.7201388888888889 0.390625 0.07083333333333333 0.05625 
