3 0.08611111111111111 0.09583333333333334 0.04722222222222222 0.029166666666666667 
10 0.9611111111111111 0.5760416666666667 0.058333333333333334 0.06458333333333334 
3 0.425 0.23541666666666666 0.06666666666666667 0.05 
3 0.19375 0.1375 0.06527777777777778 0.041666666666666664 
3 0.35625 0.5270833333333333 0.29305555555555557 0.2625 
8 0.5826388888888889 0.3177083333333333 0.0875 0.06458333333333334 
3 0.4861111111111111 0.2833333333333333 0.075 0.04583333333333333 
3 0.26666666666666666 0.16979166666666667 0.06944444444444445 0.04791666666666667 
3 0.6854166666666667 0.39375 0.08194444444444444 0.058333333333333334 
8 0.7347222222222223 0.39895833333333336 0.06388888888888888 0.08125 
3 0.8604166666666667 0.5072916666666667 0.07083333333333333 0.05625 
