8 0.685672514619883 0.18640350877192982 0.12573099415204678 0.06578947368421052 
3 0.49415204678362573 0.13596491228070176 0.08187134502923976 0.043859649122807015 
2 0.021929824561403508 0.16666666666666666 0.03216374269005848 0.06140350877192982 
5 0.9049707602339181 0.5745614035087719 0.1608187134502924 0.21929824561403508 
3 0.1915204678362573 0.14473684210526316 0.038011695906432746 0.03508771929824561 
3 0.33187134502923976 0.17982456140350878 0.1023391812865497 0.07894736842105263 
3 0.16666666666666666 0.16666666666666666 0.05263157894736842 0.043859649122807015 
3 0.11257309941520467 0.14912280701754385 0.03216374269005848 0.03508771929824561 
3 0.28654970760233917 0.2149122807017544 0.08771929824561403 0.07017543859649122 
8 0.12426900584795321 0.3442982456140351 0.11988304093567251 0.15350877192982457 
