3 0.09166666666666666 0.15416666666666667 0.09444444444444444 0.058333333333333334 
3 0.7895833333333333 0.07395833333333333 0.05694444444444444 0.027083333333333334 
3 0.9652777777777778 0.15104166666666666 0.03611111111111111 0.04375 
3 0.8513888888888889 0.11458333333333333 0.041666666666666664 0.025 
3 0.7701388888888889 0.3489583333333333 0.22361111111111112 0.17708333333333334 
3 0.7673611111111112 0.06145833333333333 0.04583333333333333 0.03125 
3 0.2361111111111111 0.03958333333333333 0.030555555555555555 0.03333333333333333 
3 0.8840277777777777 0.13229166666666667 0.0763888888888889 0.03958333333333333 
3 0.4965277777777778 0.6354166666666666 0.41805555555555557 0.2791666666666667 
3 0.9097222222222222 0.16458333333333333 0.058333333333333334 0.04583333333333333 
3 0.9423611111111111 0.13333333333333333 0.03194444444444444 0.020833333333333332 
3 0.8131944444444444 0.09166666666666666 0.04861111111111111 0.03333333333333333 
3 0.9159722222222222 0.11041666666666666 0.04861111111111111 0.029166666666666667 
