3 0.5854166666666667 0.425 0.13194444444444445 0.07083333333333333 
3 0.9243055555555556 0.628125 0.1375 0.15208333333333332 
3 0.5902777777777778 0.45729166666666665 0.09722222222222222 0.07708333333333334 
3 0.6708333333333333 0.4822916666666667 0.12222222222222222 0.09375 
3 0.5756944444444444 0.39375 0.10972222222222222 0.05 
3 0.4215277777777778 0.4427083333333333 0.06527777777777778 0.06875 
3 0.8743055555555556 0.3854166666666667 0.0875 0.058333333333333334 
3 0.5888888888888889 0.32708333333333334 0.075 0.04583333333333333 
5 0.9715277777777778 0.6927083333333334 0.0375 0.15625 
3 0.6979166666666666 0.34791666666666665 0.05416666666666667 0.05416666666666667 
3 0.26458333333333334 0.4125 0.0763888888888889 0.04583333333333333 
10 0.8368055555555556 0.35833333333333334 0.10138888888888889 0.06666666666666667 
4 0.08263888888888889 0.44166666666666665 0.0125 0.025 
3 0.7368055555555556 0.33125 0.043055555555555555 0.05416666666666667 
3 0.10416666666666667 0.434375 0.025 0.04375 
3 0.7680555555555556 0.525 0.1388888888888889 0.12083333333333333 
3 0.9722222222222222 0.41770833333333335 0.04722222222222222 0.08125 
3 0.8388888888888889 0.5729166666666666 0.14444444444444443 0.14166666666666666 
3 0.9305555555555556 0.4010416666666667 0.06388888888888888 0.05625 
