3 0.5861111111111111 0.31979166666666664 0.06666666666666667 0.052083333333333336 
3 0.7361111111111112 0.32083333333333336 0.044444444444444446 0.058333333333333334 
3 0.7659722222222223 0.509375 0.12916666666666668 0.11458333333333333 
3 0.9243055555555556 0.61875 0.1375 0.15833333333333333 
3 0.9298611111111111 0.384375 0.05694444444444444 0.052083333333333336 
10 0.3284722222222222 0.6447916666666667 0.1486111111111111 0.21875 
3 0.5798611111111112 0.42083333333333334 0.10972222222222222 0.07083333333333333 
5 0.975 0.6916666666666667 0.03333333333333333 0.11666666666666667 
3 0.8375 0.34375 0.1 0.06666666666666667 
3 0.6145833333333334 0.38333333333333336 0.0625 0.04583333333333333 
3 0.9659722222222222 0.403125 0.04861111111111111 0.07708333333333334 
3 0.5826388888888889 0.44479166666666664 0.09583333333333334 0.07708333333333334 
3 0.86875 0.371875 0.07361111111111111 0.06458333333333334 
3 0.7041666666666667 0.33541666666666664 0.05277777777777778 0.04583333333333333 
3 0.8375 0.5520833333333334 0.14166666666666666 0.14166666666666666 
3 0.6715277777777777 0.471875 0.11805555555555555 0.08958333333333333 
