3 0.40069444444444446 0.228125 0.06527777777777778 0.04375 
3 0.21319444444444444 0.15729166666666666 0.05416666666666667 0.035416666666666666 
3 0.7958333333333333 0.45208333333333334 0.06111111111111111 0.05416666666666667 
5 0.03888888888888889 0.07395833333333333 0.07222222222222222 0.06458333333333334 
8 0.4909722222222222 0.275 0.09305555555555556 0.05416666666666667 
3 0.6493055555555556 0.375 0.07916666666666666 0.0625 
3 0.84375 0.49895833333333334 0.0625 0.052083333333333336 
8 0.12083333333333333 0.11770833333333333 0.06944444444444445 0.04791666666666667 
3 0.26805555555555555 0.73125 0.45555555555555555 0.4791666666666667 
3 0.6138888888888889 0.3333333333333333 0.06944444444444445 0.029166666666666667 
3 0.9347222222222222 0.56875 0.05 0.04583333333333333 
3 0.2743055555555556 0.16666666666666666 0.04861111111111111 0.029166666666666667 
3 0.30972222222222223 0.190625 0.06944444444444445 0.04375 
3 0.175 0.12916666666666668 0.03888888888888889 0.03333333333333333 
