3 0.3388888888888889 0.20208333333333334 0.06944444444444445 0.041666666666666664 
3 0.9319444444444445 0.5739583333333333 0.05277777777777778 0.05625 
3 0.2611111111111111 0.16979166666666667 0.07777777777777778 0.04791666666666667 
3 0.65625 0.3770833333333333 0.08472222222222223 0.06666666666666667 
3 0.8583333333333333 0.515625 0.058333333333333334 0.06458333333333334 
3 0.5402777777777777 0.31666666666666665 0.07777777777777778 0.05416666666666667 
3 0.76875 0.4552083333333333 0.07361111111111111 0.06458333333333334 
3 0.2659722222222222 0.6770833333333334 0.41805555555555557 0.45416666666666666 
3 0.4895833333333333 0.48854166666666665 0.22916666666666666 0.18958333333333333 
5 0.019444444444444445 0.071875 0.03888888888888889 0.04791666666666667 
3 0.4270833333333333 0.24583333333333332 0.0875 0.058333333333333334 
3 0.15625 0.13020833333333334 0.04861111111111111 0.027083333333333334 
5 0.9756944444444444 0.846875 0.03194444444444444 0.13541666666666666 
3 0.10555555555555556 0.11875 0.05555555555555555 0.03333333333333333 
