3 0.5118055555555555 0.678125 0.2375 0.34791666666666665 
3 0.7222222222222222 0.16770833333333332 0.044444444444444446 0.052083333333333336 
3 0.7458333333333333 0.109375 0.030555555555555555 0.03125 
3 0.7381944444444445 0.13958333333333334 0.0375 0.05 
3 0.6208333333333333 0.06354166666666666 0.016666666666666666 0.03125 
3 0.4173611111111111 0.13125 0.08194444444444444 0.0625 
7 0.7645833333333333 0.25 0.02361111111111111 0.08333333333333333 
3 0.6131944444444445 0.428125 0.14027777777777778 0.17708333333333334 
3 0.5986111111111111 0.06770833333333333 0.03611111111111111 0.03958333333333333 
3 0.5673611111111111 0.0875 0.05138888888888889 0.041666666666666664 
2 0.37916666666666665 0.365625 0.46111111111111114 0.51875 
3 0.04861111111111111 0.3958333333333333 0.09722222222222222 0.17916666666666667 
3 0.7111111111111111 0.22708333333333333 0.06111111111111111 0.075 
3 0.3090277777777778 0.18854166666666666 0.13194444444444445 0.11041666666666666 
