3 0.5645833333333333 0.0875 0.04861111111111111 0.0375 
3 0.6131944444444445 0.42916666666666664 0.14027777777777778 0.175 
3 0.7402777777777778 0.12916666666666668 0.030555555555555555 0.03333333333333333 
3 0.6722222222222223 0.2947916666666667 0.09722222222222222 0.11458333333333333 
3 0.6013888888888889 0.07395833333333333 0.03333333333333333 0.035416666666666666 
3 0.41597222222222224 0.13645833333333332 0.0875 0.07708333333333334 
3 0.6708333333333333 0.12083333333333333 0.044444444444444446 0.041666666666666664 
3 0.5173611111111112 0.6822916666666666 0.24027777777777778 0.34791666666666665 
3 0.1701388888888889 0.28229166666666666 0.1375 0.14375 
3 0.3055555555555556 0.20104166666666667 0.12222222222222222 0.10208333333333333 
3 0.7222222222222222 0.17083333333333334 0.041666666666666664 0.058333333333333334 
5 0.33541666666666664 0.9197916666666667 0.24027777777777778 0.15625 
3 0.04861111111111111 0.39791666666666664 0.09722222222222222 0.17916666666666667 
1 0.5097222222222222 0.35 0.05 0.12916666666666668 
3 0.49722222222222223 0.10625 0.06944444444444445 0.06666666666666667 
3 0.7083333333333334 0.21666666666666667 0.05555555555555555 0.07083333333333333 
