3 0.7680555555555556 0.5239583333333333 0.1361111111111111 0.11875 
3 0.8340277777777778 0.571875 0.14583333333333334 0.14375 
5 0.975 0.6916666666666667 0.03888888888888889 0.14166666666666666 
3 0.5916666666666667 0.328125 0.07222222222222222 0.04791666666666667 
3 0.2611111111111111 0.41354166666666664 0.07777777777777778 0.04791666666666667 
3 0.96875 0.4197916666666667 0.04583333333333333 0.08125 
3 0.6722222222222223 0.484375 0.13055555555555556 0.09375 
3 0.33055555555555555 0.6427083333333333 0.11388888888888889 0.16041666666666668 
3 0.4236111111111111 0.43854166666666666 0.06944444444444445 0.07291666666666667 
3 0.8743055555555556 0.390625 0.08194444444444444 0.05625 
3 0.5833333333333334 0.4270833333333333 0.125 0.07083333333333333 
3 0.9326388888888889 0.40208333333333335 0.0625 0.058333333333333334 
3 0.6951388888888889 0.34479166666666666 0.04583333333333333 0.04791666666666667 
3 0.5770833333333333 0.3885416666666667 0.10694444444444444 0.03958333333333333 
3 0.7326388888888888 0.3302083333333333 0.04583333333333333 0.04375 
3 0.51875 0.325 0.059722222222222225 0.0375 
3 0.5875 0.4583333333333333 0.09166666666666666 0.07916666666666666 
3 0.9222222222222223 0.628125 0.1388888888888889 0.15208333333333332 
3 0.8368055555555556 0.36041666666666666 0.09583333333333334 0.06666666666666667 
