8 0.25555555555555554 0.66875 0.5055555555555555 0.575 
8 0.8256944444444444 0.48125 0.09583333333333334 0.075 
8 0.1951388888888889 0.14270833333333333 0.07361111111111111 0.04791666666666667 
3 0.6416666666666667 0.371875 0.07222222222222222 0.05625 
3 0.5444444444444444 0.31145833333333334 0.08611111111111111 0.05625 
3 0.29930555555555555 0.18645833333333334 0.0625 0.052083333333333336 
3 0.0875 0.11666666666666667 0.03611111111111111 0.025 
3 0.2972222222222222 0.190625 0.06944444444444445 0.04375 
10 0.41805555555555557 0.23645833333333333 0.09722222222222222 0.07708333333333334 
8 0.34930555555555554 0.19791666666666666 0.059722222222222225 0.05416666666666667 
8 0.3527777777777778 0.19166666666666668 0.05 0.029166666666666667 
8 0.5569444444444445 0.3 0.07777777777777778 0.05416666666666667 
3 0.6520833333333333 0.3729166666666667 0.09027777777777778 0.06666666666666667 
8 0.5479166666666667 0.30520833333333336 0.09861111111111111 0.06875 
3 0.19375 0.14270833333333333 0.07916666666666666 0.05625 
10 0.41041666666666665 0.2375 0.09861111111111111 0.07083333333333333 
