7 0.39444444444444443 0.46875 0.027777777777777776 0.1375 
7 0.2673611111111111 0.5083333333333333 0.02638888888888889 0.1125 
3 0.2965277777777778 0.7177083333333333 0.24305555555555555 0.28541666666666665 
3 0.9645833333333333 0.3572916666666667 0.0625 0.05625 
2 0.12916666666666668 0.33958333333333335 0.25555555555555554 0.16666666666666666 
3 0.5784722222222223 0.23125 0.0875 0.04583333333333333 
5 0.09722222222222222 0.9447916666666667 0.18611111111111112 0.10208333333333333 
3 0.9 0.32708333333333334 0.08055555555555556 0.06666666666666667 
7 0.8208333333333333 0.496875 0.030555555555555555 0.08541666666666667 
7 0.3763888888888889 0.50625 0.04722222222222222 0.1125 
7 0.18055555555555555 0.4822916666666667 0.030555555555555555 0.06041666666666667 
3 0.24861111111111112 0.3958333333333333 0.14166666666666666 0.0875 
7 0.19722222222222222 0.5510416666666667 0.030555555555555555 0.12708333333333333 
3 0.8027777777777778 0.259375 0.07777777777777778 0.03958333333333333 
3 0.4625 0.8125 0.19444444444444445 0.3125 
9 0.034722222222222224 0.61875 0.06666666666666667 0.20833333333333334 
