7 0.4736111111111111 0.9302083333333333 0.06388888888888888 0.13541666666666666 
5 0.5298611111111111 0.28541666666666665 0.020833333333333332 0.025 
3 0.8152777777777778 0.36875 0.05555555555555555 0.020833333333333332 
3 0.7645833333333333 0.3375 0.06527777777777778 0.025 
2 0.5368055555555555 0.5604166666666667 0.29583333333333334 0.4 
3 0.6763888888888889 0.43645833333333334 0.07777777777777778 0.08125 
5 0.8465277777777778 0.315625 0.03194444444444444 0.01875 
3 0.94375 0.378125 0.0375 0.035416666666666666 
3 0.5791666666666667 0.34270833333333334 0.041666666666666664 0.04375 
3 0.7819444444444444 0.353125 0.05277777777777778 0.027083333333333334 
