8 0.8451388888888889 0.371875 0.08472222222222223 0.06458333333333334 
3 0.6930555555555555 0.3333333333333333 0.05555555555555555 0.05 
3 0.9645833333333333 0.42083333333333334 0.05138888888888889 0.07916666666666666 
3 0.5798611111111112 0.47291666666666665 0.14027777777777778 0.0875 
3 0.9347222222222222 0.4041666666666667 0.07222222222222222 0.07083333333333333 
3 0.80625 0.35 0.043055555555555555 0.04583333333333333 
3 0.95625 0.69375 0.0763888888888889 0.17916666666666667 
3 0.8965277777777778 0.6145833333333334 0.1736111111111111 0.1625 
3 0.7604166666666666 0.3416666666666667 0.04861111111111111 0.04583333333333333 
3 0.29444444444444445 0.80625 0.17222222222222222 0.26666666666666666 
3 0.7291666666666666 0.528125 0.1527777777777778 0.11458333333333333 
3 0.8076388888888889 0.5614583333333333 0.15138888888888888 0.14375 
3 0.5986111111111111 0.3229166666666667 0.06944444444444445 0.04583333333333333 
3 0.6791666666666667 0.47708333333333336 0.12222222222222222 0.09583333333333334 
3 0.8861111111111111 0.384375 0.05555555555555555 0.05625 
