7 0.26319444444444445 0.040625 0.018055555555555554 0.035416666666666666 
7 0.24513888888888888 0.041666666666666664 0.0125 0.04583333333333333 
5 0.008333333333333333 0.19583333333333333 0.016666666666666666 0.03333333333333333 
3 0.11527777777777778 0.3229166666666667 0.13333333333333333 0.16666666666666666 
7 0.1 0.690625 0.09722222222222222 0.16458333333333333 
7 0.28055555555555556 0.03229166666666667 0.013888888888888888 0.035416666666666666 
7 0.2701388888888889 0.03125 0.004166666666666667 0.03333333333333333 
3 0.041666666666666664 0.14166666666666666 0.06388888888888888 0.06666666666666667 
3 0.19583333333333333 0.115625 0.10555555555555556 0.07291666666666667 
3 0.8666666666666667 0.85625 0.25 0.2833333333333333 
