3 0.5986111111111111 0.328125 0.06111111111111111 0.04375 
3 0.68125 0.471875 0.12083333333333333 0.07708333333333334 
3 0.5868055555555556 0.4270833333333333 0.10972222222222222 0.0625 
10 0.2833333333333333 0.8177083333333334 0.15833333333333333 0.23125 
7 0.26875 0.440625 0.018055555555555554 0.03958333333333333 
8 0.8375 0.37083333333333335 0.08888888888888889 0.058333333333333334 
3 0.8993055555555556 0.6197916666666666 0.1597222222222222 0.16458333333333333 
7 0.24444444444444444 0.440625 0.016666666666666666 0.03958333333333333 
3 0.7243055555555555 0.528125 0.1486111111111111 0.11875 
3 0.9291666666666667 0.40520833333333334 0.05555555555555555 0.06041666666666667 
3 0.7590277777777777 0.34479166666666666 0.05416666666666667 0.052083333333333336 
7 0.28055555555555556 0.428125 0.013888888888888888 0.04791666666666667 
3 0.8923611111111112 0.3885416666666667 0.05694444444444444 0.06041666666666667 
8 0.9680555555555556 0.421875 0.05277777777777778 0.08125 
3 0.6916666666666667 0.33125 0.06388888888888888 0.05 
3 0.9611111111111111 0.7 0.075 0.14166666666666666 
3 0.8069444444444445 0.5541666666666667 0.1527777777777778 0.1375 
3 0.5833333333333334 0.4739583333333333 0.14166666666666666 0.08541666666666667 
