3 0.7118055555555556 0.07083333333333333 0.04027777777777778 0.058333333333333334 
3 0.8791666666666667 0.14166666666666666 0.058333333333333334 0.04583333333333333 
3 0.9111111111111111 0.11145833333333334 0.044444444444444446 0.035416666666666666 
3 0.7895833333333333 0.078125 0.059722222222222225 0.04791666666666667 
3 0.29791666666666666 0.621875 0.3625 0.22708333333333333 
3 0.9701388888888889 0.15833333333333333 0.02638888888888889 0.025 
3 0.7611111111111111 0.059375 0.044444444444444446 0.03125 
3 0.9430555555555555 0.240625 0.08888888888888889 0.06458333333333334 
3 0.20694444444444443 0.08854166666666667 0.041666666666666664 0.035416666666666666 
3 0.8131944444444444 0.38125 0.1986111111111111 0.14166666666666666 
