3 0.6104166666666667 0.3802083333333333 0.06805555555555555 0.035416666666666666 
3 0.4284722222222222 0.434375 0.06805555555555555 0.08958333333333333 
3 0.9680555555555556 0.4083333333333333 0.04722222222222222 0.0875 
3 0.6715277777777777 0.46770833333333334 0.12638888888888888 0.10208333333333333 
3 0.8729166666666667 0.3802083333333333 0.07083333333333333 0.06458333333333334 
3 0.7347222222222223 0.315625 0.05555555555555555 0.06875 
5 0.9743055555555555 0.6979166666666666 0.04583333333333333 0.1125 
3 0.9222222222222223 0.6229166666666667 0.14444444444444443 0.16666666666666666 
3 0.5840277777777778 0.31354166666666666 0.07361111111111111 0.05625 
3 0.8375 0.55625 0.14444444444444443 0.14583333333333334 
3 0.76875 0.5114583333333333 0.14305555555555555 0.13541666666666666 
3 0.9340277777777778 0.3885416666666667 0.0625 0.052083333333333336 
3 0.5826388888888889 0.4510416666666667 0.10138888888888889 0.08125 
3 0.5840277777777778 0.41458333333333336 0.12361111111111112 0.05 
3 0.6930555555555555 0.3333333333333333 0.05555555555555555 0.05416666666666667 
10 0.8388888888888889 0.3489583333333333 0.10555555555555556 0.06041666666666667 
