3 0.5986111111111111 0.075 0.03611111111111111 0.0375 
3 0.7138888888888889 0.228125 0.06666666666666667 0.08125 
3 0.6236111111111111 0.06458333333333334 0.022222222222222223 0.03333333333333333 
4 0.5409722222222222 0.36041666666666666 0.05138888888888889 0.1375 
3 0.5145833333333333 0.6791666666666667 0.24027777777777778 0.3416666666666667 
3 0.7090277777777778 0.08125 0.029166666666666667 0.025 
3 0.7270833333333333 0.16666666666666666 0.04583333333333333 0.041666666666666664 
3 0.4173611111111111 0.1375 0.08472222222222223 0.075 
3 0.049305555555555554 0.3958333333333333 0.09027777777777778 0.175 
3 0.6111111111111112 0.43333333333333335 0.12777777777777777 0.17083333333333334 
3 0.7305555555555555 0.06770833333333333 0.022222222222222223 0.03125 
3 0.30694444444444446 0.19375 0.12222222222222222 0.10833333333333334 
3 0.7319444444444444 0.13020833333333334 0.030555555555555555 0.03125 
3 0.5229166666666667 0.15416666666666667 0.08472222222222223 0.08333333333333333 
