3 0.24027777777777778 0.04479166666666667 0.03611111111111111 0.022916666666666665 
3 0.9708333333333333 0.16145833333333334 0.03333333333333333 0.03125 
3 0.08680555555555555 0.15208333333333332 0.0763888888888889 0.05 
3 0.17291666666666666 0.23541666666666666 0.14305555555555555 0.09583333333333334 
3 0.9208333333333333 0.21979166666666666 0.08055555555555556 0.052083333333333336 
3 0.7930555555555555 0.08229166666666667 0.05 0.027083333333333334 
3 0.8784722222222222 0.14166666666666666 0.059722222222222225 0.041666666666666664 
3 0.7743055555555556 0.409375 0.22083333333333333 0.15625 
3 0.7645833333333333 0.06145833333333333 0.04583333333333333 0.022916666666666665 
3 0.9104166666666667 0.1125 0.04861111111111111 0.029166666666666667 
