3 0.7020833333333333 0.34270833333333334 0.05138888888888889 0.05625 
3 0.7333333333333333 0.32708333333333334 0.044444444444444446 0.05416666666666667 
3 0.8736111111111111 0.3802083333333333 0.07777777777777778 0.06458333333333334 
3 0.5875 0.45416666666666666 0.08888888888888889 0.08333333333333333 
3 0.7694444444444445 0.51875 0.1388888888888889 0.12083333333333333 
3 0.8388888888888889 0.353125 0.09444444444444444 0.06041666666666667 
2 0.15833333333333333 0.75625 0.3138888888888889 0.4791666666666667 
3 0.9284722222222223 0.4 0.06527777777777778 0.05 
3 0.9229166666666667 0.6302083333333334 0.1375 0.16041666666666668 
3 0.5770833333333333 0.41875 0.14305555555555555 0.06666666666666667 
3 0.5826388888888889 0.32083333333333336 0.06805555555555555 0.05416666666666667 
5 0.9736111111111111 0.709375 0.03888888888888889 0.08541666666666667 
3 0.8402777777777778 0.5625 0.1388888888888889 0.14583333333333334 
3 0.6680555555555555 0.47708333333333336 0.11944444444444445 0.10416666666666667 
3 0.9791666666666666 0.415625 0.03611111111111111 0.07708333333333334 
3 0.6138888888888889 0.390625 0.06111111111111111 0.03958333333333333 
