3 0.8340277777777778 0.3625 0.0875 0.0625 
3 0.5819444444444445 0.4552083333333333 0.08333333333333333 0.08125 
3 0.9194444444444444 0.6302083333333334 0.13333333333333333 0.15625 
3 0.7652777777777777 0.5208333333333334 0.1361111111111111 0.12083333333333333 
3 0.66875 0.4822916666666667 0.12361111111111112 0.09375 
3 0.5923611111111111 0.32083333333333336 0.06805555555555555 0.05416666666666667 
3 0.2826388888888889 0.84375 0.1625 0.24583333333333332 
3 0.9666666666666667 0.4239583333333333 0.05277777777777778 0.08541666666666667 
3 0.8666666666666667 0.39375 0.06666666666666667 0.058333333333333334 
3 0.9201388888888888 0.4010416666666667 0.05694444444444444 0.052083333333333336 
3 0.5854166666666667 0.4239583333333333 0.14027777777777778 0.07291666666666667 
3 0.8347222222222223 0.5666666666666667 0.1361111111111111 0.15416666666666667 
3 0.3625 0.378125 0.08055555555555556 0.04791666666666667 
5 0.9729166666666667 0.6875 0.043055555555555555 0.1375 
