3 0.5930555555555556 0.4583333333333333 0.1 0.07083333333333333 
3 0.44930555555555557 0.44166666666666665 0.06805555555555555 0.06666666666666667 
3 0.8680555555555556 0.3927083333333333 0.06944444444444445 0.06458333333333334 
3 0.5069444444444444 0.36666666666666664 0.05555555555555555 0.05416666666666667 
3 0.9256944444444445 0.625 0.13472222222222222 0.15416666666666667 
5 0.28194444444444444 0.9354166666666667 0.18333333333333332 0.125 
3 0.5833333333333334 0.425 0.125 0.07083333333333333 
3 0.8319444444444445 0.571875 0.1388888888888889 0.15208333333333332 
3 0.36736111111111114 0.44895833333333335 0.059722222222222225 0.06875 
5 0.9729166666666667 0.6958333333333333 0.0375 0.125 
3 0.6729166666666667 0.484375 0.12916666666666668 0.09375 
3 0.7375 0.33229166666666665 0.03888888888888889 0.04791666666666667 
3 0.3770833333333333 0.5947916666666667 0.10138888888888889 0.13125 
3 0.7645833333333333 0.521875 0.13194444444444445 0.11875 
3 0.9701388888888889 0.421875 0.04583333333333333 0.08125 
3 0.5909722222222222 0.3260416666666667 0.07361111111111111 0.052083333333333336 
3 0.8333333333333334 0.359375 0.10277777777777777 0.07708333333333334 
3 0.9277777777777778 0.3927083333333333 0.04722222222222222 0.05625 
