8 0.17777777777777778 0.26666666666666666 0.10277777777777777 0.10416666666666667 
3 0.33958333333333335 0.07291666666666667 0.05138888888888889 0.0375 
3 0.26805555555555555 0.3260416666666667 0.12777777777777777 0.12708333333333333 
3 0.0798611111111111 0.23541666666666666 0.029166666666666667 0.04583333333333333 
3 0.06458333333333334 0.225 0.034722222222222224 0.0375 
3 0.043055555555555555 0.21666666666666667 0.019444444444444445 0.016666666666666666 
3 0.3055555555555556 0.07604166666666666 0.03333333333333333 0.022916666666666665 
3 0.11805555555555555 0.2375 0.058333333333333334 0.08333333333333333 
3 0.3638888888888889 0.14583333333333334 0.09166666666666666 0.058333333333333334 
3 0.2777777777777778 0.08854166666666667 0.03888888888888889 0.022916666666666665 
3 0.4305555555555556 0.23229166666666667 0.16111111111111112 0.13125 
3 0.2513888888888889 0.115625 0.041666666666666664 0.03125 
3 0.21666666666666667 0.12395833333333334 0.025 0.027083333333333334 
