3 0.6020833333333333 0.32083333333333336 0.07361111111111111 0.058333333333333334 
3 0.9326388888888889 0.39791666666666664 0.0625 0.08333333333333333 
3 0.8152777777777778 0.35208333333333336 0.05277777777777778 0.05416666666666667 
3 0.96875 0.4239583333333333 0.05416666666666667 0.09375 
3 0.6875 0.3333333333333333 0.06666666666666667 0.058333333333333334 
7 0.2604166666666667 0.4427083333333333 0.009722222222222222 0.04791666666666667 
7 0.25 0.4375 0.008333333333333333 0.0375 
3 0.9583333333333334 0.6958333333333333 0.075 0.17916666666666667 
3 0.8479166666666667 0.365625 0.06805555555555555 0.06458333333333334 
3 0.5847222222222223 0.47291666666666665 0.14722222222222223 0.0875 
7 0.28402777777777777 0.434375 0.020833333333333332 0.04375 
3 0.8965277777777778 0.3854166666666667 0.06527777777777778 0.0875 
3 0.8138888888888889 0.5614583333333333 0.16111111111111112 0.15625 
3 0.7611111111111111 0.3416666666666667 0.05 0.058333333333333334 
3 0.68125 0.46875 0.12083333333333333 0.10416666666666667 
7 0.23958333333333334 0.44166666666666665 0.015277777777777777 0.041666666666666664 
3 0.8993055555555556 0.6197916666666666 0.17083333333333334 0.16875 
3 0.5875 0.42916666666666664 0.11666666666666667 0.0625 
10 0.31875 0.60625 0.1486111111111111 0.22083333333333333 
3 0.7291666666666666 0.528125 0.15555555555555556 0.12291666666666666 
