3 0.5798611111111112 0.471875 0.1486111111111111 0.08958333333333333 
3 0.5854166666666667 0.43020833333333336 0.10694444444444444 0.06041666666666667 
3 0.8076388888888889 0.3489583333333333 0.04583333333333333 0.04375 
3 0.9597222222222223 0.6958333333333333 0.06666666666666667 0.15833333333333333 
3 0.6763888888888889 0.47604166666666664 0.11388888888888889 0.08958333333333333 
3 0.7631944444444444 0.33958333333333335 0.05416666666666667 0.05416666666666667 
7 0.2673611111111111 0.42916666666666664 0.015277777777777777 0.05 
7 0.28125 0.421875 0.0125 0.05625 
3 0.5986111111111111 0.321875 0.075 0.04791666666666667 
7 0.23680555555555555 0.44166666666666665 0.02638888888888889 0.05416666666666667 
3 0.9319444444444445 0.4010416666666667 0.05277777777777778 0.06458333333333334 
3 0.6868055555555556 0.328125 0.05694444444444444 0.04791666666666667 
3 0.9659722222222222 0.4197916666666667 0.05416666666666667 0.07708333333333334 
3 0.8958333333333334 0.3885416666666667 0.06388888888888888 0.06041666666666667 
3 0.8104166666666667 0.5583333333333333 0.14305555555555555 0.14583333333333334 
3 0.7263888888888889 0.5322916666666667 0.14444444444444443 0.11458333333333333 
3 0.2826388888888889 0.6520833333333333 0.13472222222222222 0.175 
3 0.9006944444444445 0.6177083333333333 0.1625 0.16041666666666668 
3 0.8465277777777778 0.3697916666666667 0.08472222222222223 0.06041666666666667 
