3 0.3304093567251462 0.25219298245614036 0.12280701754385964 0.07456140350877193 
5 0.02046783625730994 0.35964912280701755 0.03508771929824561 0.07894736842105263 
3 0.13450292397660818 0.22587719298245615 0.05263157894736842 0.039473684210526314 
10 0.7280701754385965 0.5986842105263158 0.3567251461988304 0.31140350877192985 
0 0.06725146198830409 0.26973684210526316 0.13450292397660818 0.11842105263157894 
3 0.30409356725146197 0.13815789473684212 0.05847953216374269 0.03070175438596491 
3 0.6052631578947368 0.23684210526315788 0.1695906432748538 0.10526315789473684 
10 0.8260233918128655 0.18640350877192982 0.11988304093567251 0.07456140350877193 
0 0.6271929824561403 0.12719298245614036 0.3362573099415205 0.09649122807017543 
3 0.8084795321637427 0.34649122807017546 0.195906432748538 0.14912280701754385 
