7 0.09791666666666667 0.4479166666666667 0.020833333333333332 0.041666666666666664 
7 0.5520833333333334 0.2791666666666667 0.0125 0.03333333333333333 
7 0.7527777777777778 0.28958333333333336 0.016666666666666666 0.025 
7 0.6888888888888889 0.26458333333333334 0.011111111111111112 0.020833333333333332 
10 0.8416666666666667 0.35833333333333334 0.10277777777777777 0.07083333333333333 
3 0.6104166666666667 0.3875 0.07916666666666666 0.04583333333333333 
7 0.07291666666666667 0.45416666666666666 0.018055555555555554 0.07083333333333333 
3 0.7319444444444444 0.325 0.05555555555555555 0.05 
3 0.9229166666666667 0.625 0.1375 0.16666666666666666 
3 0.6958333333333333 0.33645833333333336 0.06111111111111111 0.06458333333333334 
3 0.875 0.3854166666666667 0.08333333333333333 0.07083333333333333 
3 0.8347222222222223 0.5614583333333333 0.14722222222222223 0.15208333333333332 
7 0.44166666666666665 0.33125 0.022222222222222223 0.058333333333333334 
3 0.5868055555555556 0.4510416666666667 0.10416666666666667 0.07708333333333334 
3 0.7645833333333333 0.515625 0.12916666666666668 0.11875 
3 0.5868055555555556 0.325 0.07916666666666666 0.05 
3 0.43194444444444446 0.4270833333333333 0.06388888888888888 0.07083333333333333 
3 0.675 0.46875 0.1361111111111111 0.10416666666666667 
3 0.5847222222222223 0.4166666666666667 0.13055555555555556 0.06666666666666667 
3 0.9291666666666667 0.4010416666666667 0.06944444444444445 0.04791666666666667 
3 0.96875 0.41458333333333336 0.04861111111111111 0.0875 
7 0.6958333333333333 0.26666666666666666 0.011111111111111112 0.029166666666666667 
5 0.9729166666666667 0.6895833333333333 0.043055555555555555 0.125 
