3 0.5416666666666666 0.3260416666666667 0.041666666666666664 0.035416666666666666 
3 0.3375 0.6145833333333334 0.10277777777777777 0.15416666666666667 
3 0.44722222222222224 0.36875 0.03333333333333333 0.03333333333333333 
3 0.8486111111111111 0.365625 0.08888888888888889 0.06458333333333334 
3 0.7277777777777777 0.5302083333333333 0.14722222222222223 0.11458333333333333 
3 0.70625 0.2875 0.029166666666666667 0.029166666666666667 
3 0.8104166666666667 0.5604166666666667 0.14583333333333334 0.15 
3 0.6756944444444445 0.4739583333333333 0.12083333333333333 0.09375 
3 0.5826388888888889 0.42604166666666665 0.10972222222222222 0.05625 
3 0.4340277777777778 0.4197916666666667 0.05694444444444444 0.06458333333333334 
3 0.5819444444444445 0.4739583333333333 0.14444444444444443 0.08541666666666667 
3 0.93125 0.4 0.059722222222222225 0.07083333333333333 
3 0.8993055555555556 0.61875 0.1625 0.15833333333333333 
3 0.6854166666666667 0.3333333333333333 0.06805555555555555 0.058333333333333334 
3 0.80625 0.35104166666666664 0.04583333333333333 0.04791666666666667 
3 0.9659722222222222 0.33229166666666665 0.05416666666666667 0.052083333333333336 
3 0.9590277777777778 0.7010416666666667 0.07083333333333333 0.16458333333333333 
3 0.5895833333333333 0.3177083333333333 0.04583333333333333 0.052083333333333336 
3 0.7583333333333333 0.3375 0.058333333333333334 0.05416666666666667 
3 0.8958333333333334 0.384375 0.06666666666666667 0.06458333333333334 
3 0.9645833333333333 0.4083333333333333 0.05138888888888889 0.09166666666666666 
