8 0.5365497076023392 0.46710526315789475 0.3362573099415205 0.37280701754385964 
3 0.22807017543859648 0.2850877192982456 0.09941520467836257 0.10526315789473684 
3 0.6754385964912281 0.4144736842105263 0.1871345029239766 0.17105263157894737 
8 0.685672514619883 0.19298245614035087 0.12573099415204678 0.07894736842105263 
3 0.4926900584795322 0.14473684210526316 0.07894736842105263 0.043859649122807015 
8 0.6754385964912281 0.31359649122807015 0.22807017543859648 0.13596491228070176 
3 0.31140350877192985 0.18201754385964913 0.07309941520467836 0.05701754385964912 
3 0.039473684210526314 0.18640350877192982 0.038011695906432746 0.04824561403508772 
3 0.14181286549707603 0.15350877192982457 0.03216374269005848 0.03508771929824561 
8 0.11695906432748537 0.3267543859649123 0.10526315789473684 0.14473684210526316 
3 0.2324561403508772 0.18859649122807018 0.0847953216374269 0.07017543859649122 
