8 0.5645833333333333 0.05416666666666667 0.07361111111111111 0.058333333333333334 
3 0.9166666666666666 0.17083333333333334 0.06111111111111111 0.0625 
3 0.7590277777777777 0.1375 0.0875 0.075 
3 0.5652777777777778 0.12291666666666666 0.06944444444444445 0.09583333333333334 
3 0.8423611111111111 0.20729166666666668 0.07916666666666666 0.09791666666666667 
5 0.9604166666666667 0.753125 0.0763888888888889 0.17708333333333334 
10 0.45208333333333334 0.07604166666666666 0.09583333333333334 0.06458333333333334 
3 0.89375 0.20520833333333333 0.0625 0.08541666666666667 
3 0.7048611111111112 0.14270833333333333 0.09583333333333334 0.06458333333333334 
3 0.7784722222222222 0.21770833333333334 0.10694444444444444 0.08958333333333333 
2 0.3368055555555556 0.4041666666666667 0.42916666666666664 0.5958333333333333 
3 0.90625 0.18541666666666667 0.0625 0.0625 
10 0.4284722222222222 0.065625 0.10972222222222222 0.06041666666666667 
3 0.8645833333333334 0.19166666666666668 0.0763888888888889 0.09166666666666666 
10 0.49375 0.09166666666666666 0.10694444444444444 0.0875 
3 0.6847222222222222 0.171875 0.1111111111111111 0.08541666666666667 
