3 0.9 0.590625 0.1527777777777778 0.16041666666666668 
3 0.5791666666666667 0.328125 0.07222222222222222 0.04375 
3 0.5784722222222223 0.44895833333333335 0.10972222222222222 0.09791666666666667 
3 0.6993055555555555 0.3416666666666667 0.05694444444444444 0.058333333333333334 
3 0.8173611111111111 0.5583333333333333 0.1375 0.11666666666666667 
3 0.7381944444444445 0.5104166666666666 0.15416666666666667 0.12916666666666668 
3 0.8402777777777778 0.36354166666666665 0.07777777777777778 0.052083333333333336 
9 0.13472222222222222 0.3958333333333333 0.058333333333333334 0.058333333333333334 
3 0.06527777777777778 0.48333333333333334 0.03333333333333333 0.058333333333333334 
3 0.6631944444444444 0.47708333333333336 0.13472222222222222 0.09166666666666666 
3 0.5819444444444445 0.41354166666666664 0.13333333333333333 0.05625 
3 0.9256944444444445 0.38229166666666664 0.06805555555555555 0.06458333333333334 
7 0.09861111111111111 0.43645833333333334 0.016666666666666666 0.04375 
3 0.9409722222222222 0.659375 0.10138888888888889 0.18125 
3 0.40902777777777777 0.45 0.0763888888888889 0.075 
