3 0.05416666666666667 0.65 0.10833333333333334 0.1625 
3 0.8715277777777778 0.421875 0.0625 0.09375 
10 0.5763888888888888 0.246875 0.06944444444444445 0.07291666666666667 
3 0.8659722222222223 0.33125 0.05416666666666667 0.07083333333333333 
3 0.8729166666666667 0.5666666666666667 0.09305555555555556 0.16666666666666666 
8 0.7722222222222223 0.23645833333333333 0.030555555555555555 0.03125 
5 0.0125 0.58125 0.025 0.0375 
8 0.6347222222222222 0.21979166666666666 0.044444444444444446 0.04375 
3 0.6944444444444444 0.3375 0.06388888888888888 0.06666666666666667 
3 0.3951388888888889 0.2552083333333333 0.04861111111111111 0.022916666666666665 
8 0.33958333333333335 0.5760416666666667 0.20416666666666666 0.21041666666666667 
8 0.27152777777777776 0.4395833333333333 0.12361111111111112 0.1 
3 0.48194444444444445 0.31666666666666665 0.07222222222222222 0.058333333333333334 
