3 0.9673611111111111 0.4166666666666667 0.05138888888888889 0.07916666666666666 
3 0.8965277777777778 0.3802083333333333 0.07083333333333333 0.06458333333333334 
3 0.80625 0.3489583333333333 0.04861111111111111 0.04375 
3 0.9576388888888889 0.68125 0.07083333333333333 0.17083333333333334 
3 0.6791666666666667 0.46770833333333334 0.12222222222222222 0.10208333333333333 
3 0.9006944444444445 0.615625 0.1736111111111111 0.18125 
3 0.8430555555555556 0.3645833333333333 0.08611111111111111 0.0625 
3 0.34097222222222223 0.6458333333333334 0.1125 0.15 
3 0.5868055555555556 0.42604166666666665 0.1125 0.06041666666666667 
3 0.8111111111111111 0.55625 0.14722222222222223 0.15 
3 0.58125 0.4666666666666667 0.14583333333333334 0.09583333333333334 
3 0.6604166666666667 0.34479166666666666 0.04583333333333333 0.035416666666666666 
3 0.4270833333333333 0.41041666666666665 0.06527777777777778 0.0625 
3 0.725 0.5239583333333333 0.14444444444444443 0.12291666666666666 
3 0.7638888888888888 0.33229166666666665 0.05 0.05625 
3 0.6444444444444445 0.36875 0.06666666666666667 0.04583333333333333 
3 0.9423611111111111 0.39479166666666665 0.0763888888888889 0.06875 
3 0.6909722222222222 0.32708333333333334 0.05138888888888889 0.04583333333333333 
3 0.5951388888888889 0.32083333333333336 0.06805555555555555 0.04583333333333333 
