3 0.8951388888888889 0.34375 0.16805555555555557 0.14583333333333334 
3 0.052083333333333336 0.15 0.04861111111111111 0.06666666666666667 
1 0.6361111111111111 0.24270833333333333 0.03888888888888889 0.10208333333333333 
3 0.15555555555555556 0.059375 0.041666666666666664 0.027083333333333334 
3 0.21805555555555556 0.09895833333333333 0.07777777777777778 0.04375 
3 0.2638888888888889 0.075 0.07777777777777778 0.0375 
3 0.19652777777777777 0.053125 0.04861111111111111 0.035416666666666666 
3 0.22361111111111112 0.0375 0.058333333333333334 0.041666666666666664 
3 0.32222222222222224 0.053125 0.08888888888888889 0.03958333333333333 
1 0.08263888888888889 0.38333333333333336 0.06527777777777778 0.10833333333333334 
5 0.9347222222222222 0.4979166666666667 0.10833333333333334 0.14166666666666666 
