3 0.32916666666666666 0.06041666666666667 0.10277777777777777 0.025 
3 0.6305555555555555 0.034375 0.025 0.022916666666666665 
3 0.6979166666666666 0.040625 0.0375 0.01875 
3 0.3715277777777778 0.04375 0.05138888888888889 0.025 
3 0.7881944444444444 0.09583333333333334 0.06527777777777778 0.05416666666666667 
2 0.3798611111111111 0.6614583333333334 0.7569444444444444 0.63125 
8 0.5305555555555556 0.10416666666666667 0.17222222222222222 0.1125 
3 0.7347222222222223 0.07083333333333333 0.05277777777777778 0.0375 
3 0.30833333333333335 0.08333333333333333 0.09722222222222222 0.041666666666666664 
3 0.6756944444444445 0.036458333333333336 0.02638888888888889 0.022916666666666665 
3 0.7041666666666667 0.05520833333333333 0.05 0.03125 
3 0.49722222222222223 0.42604166666666665 0.325 0.21875 
3 0.3972222222222222 0.03854166666666667 0.03888888888888889 0.022916666666666665 
