5 0.9090277777777778 0.55 0.16527777777777777 0.12916666666666668 
5 0.019444444444444445 0.2833333333333333 0.03888888888888889 0.04583333333333333 
3 0.2513888888888889 0.3375 0.18055555555555555 0.13333333333333333 
3 0.5826388888888889 0.4270833333333333 0.2847222222222222 0.17083333333333334 
5 0.8472222222222222 0.6729166666666667 0.26944444444444443 0.2125 
3 0.06527777777777778 0.4041666666666667 0.125 0.14583333333333334 
3 0.12986111111111112 0.125 0.0375 0.05416666666666667 
3 0.17916666666666667 0.121875 0.041666666666666664 0.035416666666666666 
3 0.91875 0.44166666666666665 0.14027777777777778 0.08333333333333333 
3 0.15069444444444444 0.23645833333333333 0.09583333333333334 0.06458333333333334 
