3 0.7145833333333333 0.13645833333333332 0.07916666666666666 0.06458333333333334 
3 0.25416666666666665 0.036458333333333336 0.058333333333333334 0.04791666666666667 
3 0.2659722222222222 0.09375 0.09027777777777778 0.07916666666666666 
3 0.8215277777777777 0.115625 0.0375 0.035416666666666666 
3 0.38055555555555554 0.07604166666666666 0.09722222222222222 0.07291666666666667 
3 0.17916666666666667 0.12083333333333333 0.07777777777777778 0.07916666666666666 
3 0.8805555555555555 0.175 0.04722222222222222 0.0625 
5 0.18125 0.021875 0.05416666666666667 0.03958333333333333 
3 0.9166666666666666 0.27291666666666664 0.058333333333333334 0.0875 
3 0.7763888888888889 0.12604166666666666 0.06388888888888888 0.06458333333333334 
3 0.13125 0.09270833333333334 0.05138888888888889 0.06041666666666667 
3 0.9395833333333333 0.23229166666666667 0.0375 0.06458333333333334 
3 0.3055555555555556 0.06145833333333333 0.06111111111111111 0.05625 
1 0.19791666666666666 0.871875 0.1763888888888889 0.22291666666666668 
