3 0.1951388888888889 0.14791666666666667 0.06527777777777778 0.03333333333333333 
3 0.6972222222222222 0.403125 0.09166666666666666 0.06875 
3 0.24861111111111112 0.7447916666666666 0.45555555555555555 0.48125 
3 0.34097222222222223 0.21458333333333332 0.059722222222222225 0.04583333333333333 
3 0.8166666666666667 0.4791666666666667 0.09166666666666666 0.075 
3 0.45069444444444445 0.259375 0.07916666666666666 0.05625 
5 0.06805555555555555 0.37083333333333335 0.12222222222222222 0.2 
3 0.059027777777777776 0.10104166666666667 0.043055555555555555 0.035416666666666666 
3 0.9263888888888889 0.8260416666666667 0.11944444444444445 0.13125 
3 0.9131944444444444 0.55 0.07916666666666666 0.0625 
3 0.38263888888888886 0.2125 0.05694444444444444 0.04583333333333333 
3 0.58125 0.33541666666666664 0.08472222222222223 0.0625 
