3 0.6895833333333333 0.33125 0.059722222222222225 0.05 
3 0.7236111111111111 0.5333333333333333 0.1388888888888889 0.11666666666666667 
3 0.9340277777777778 0.40729166666666666 0.0625 0.06041666666666667 
7 0.24166666666666667 0.446875 0.011111111111111112 0.04791666666666667 
3 0.8993055555555556 0.6177083333333333 0.1625 0.16875 
3 0.8430555555555556 0.371875 0.07777777777777778 0.06041666666666667 
3 0.7708333333333334 0.334375 0.06666666666666667 0.06875 
3 0.9604166666666667 0.6947916666666667 0.06805555555555555 0.16875 
3 0.45208333333333334 0.403125 0.04861111111111111 0.06458333333333334 
3 0.6777777777777778 0.48020833333333335 0.11388888888888889 0.10625 
7 0.2604166666666667 0.4375 0.009722222222222222 0.04583333333333333 
3 0.5833333333333334 0.42916666666666664 0.09722222222222222 0.058333333333333334 
3 0.37569444444444444 0.53125 0.09305555555555556 0.1125 
3 0.8083333333333333 0.353125 0.05277777777777778 0.04375 
3 0.8958333333333334 0.38958333333333334 0.06111111111111111 0.0625 
7 0.2826388888888889 0.4239583333333333 0.0125 0.052083333333333336 
3 0.6 0.32395833333333335 0.06944444444444445 0.04791666666666667 
4 0.3854166666666667 0.6489583333333333 0.05694444444444444 0.12708333333333333 
3 0.8125 0.559375 0.14444444444444443 0.15625 
3 0.5777777777777777 0.47291666666666665 0.13055555555555556 0.0875 
4 0.2534722222222222 0.80625 0.07083333333333333 0.17083333333333334 
7 0.25069444444444444 0.440625 0.0125 0.04791666666666667 
3 0.9659722222222222 0.425 0.05416666666666667 0.0875 
