0 0.1871345029239766 0.43640350877192985 0.24561403508771928 0.3991228070175439 
3 0.2646198830409357 0.16666666666666666 0.049707602339181284 0.03508771929824561 
5 0.17251461988304093 0.18421052631578946 0.029239766081871343 0.03508771929824561 
5 0.049707602339181284 0.20394736842105263 0.023391812865497075 0.021929824561403508 
3 0.5146198830409356 0.35526315789473684 0.14035087719298245 0.09649122807017543 
5 0.1154970760233918 0.19517543859649122 0.014619883040935672 0.03070175438596491 
5 0.4605263157894737 0.1337719298245614 0.03216374269005848 0.021929824561403508 
3 0.6695906432748538 0.3508771929824561 0.13450292397660818 0.10526315789473684 
5 0.18859649122807018 0.22807017543859648 0.049707602339181284 0.03508771929824561 
5 0.2543859649122807 0.2149122807017544 0.04678362573099415 0.043859649122807015 
