3 0.8729166666666667 0.38958333333333334 0.07361111111111111 0.05416666666666667 
3 0.25 0.32083333333333336 0.03888888888888889 0.029166666666666667 
3 0.9222222222222223 0.6291666666666667 0.14722222222222223 0.15416666666666667 
3 0.6958333333333333 0.340625 0.044444444444444446 0.052083333333333336 
3 0.8354166666666667 0.35625 0.09861111111111111 0.06666666666666667 
3 0.7298611111111111 0.37395833333333334 0.05694444444444444 0.052083333333333336 
3 0.9465277777777777 0.415625 0.09305555555555556 0.08541666666666667 
3 0.5902777777777778 0.45729166666666665 0.10555555555555556 0.07708333333333334 
3 0.7701388888888889 0.521875 0.14305555555555555 0.11875 
3 0.5777777777777777 0.42604166666666665 0.12777777777777777 0.07291666666666667 
3 0.6673611111111111 0.4791666666666667 0.13472222222222222 0.09583333333333334 
3 0.7361111111111112 0.32916666666666666 0.044444444444444446 0.041666666666666664 
3 0.3993055555555556 0.2760416666666667 0.034722222222222224 0.01875 
3 0.5951388888888889 0.32708333333333334 0.07361111111111111 0.041666666666666664 
3 0.2590277777777778 0.41354166666666664 0.07083333333333333 0.03958333333333333 
7 0.11805555555555555 0.44895833333333335 0.008333333333333333 0.035416666666666666 
5 0.12083333333333333 0.41770833333333335 0.044444444444444446 0.035416666666666666 
3 0.8347222222222223 0.571875 0.14166666666666666 0.13958333333333334 
3 0.5777777777777777 0.3885416666666667 0.1111111111111111 0.04375 
3 0.2659722222222222 0.38958333333333334 0.0625 0.025 
3 0.44930555555555557 0.26979166666666665 0.034722222222222224 0.01875 
3 0.9680555555555556 0.703125 0.04722222222222222 0.13541666666666666 
5 0.5902777777777778 0.2635416666666667 0.030555555555555555 0.027083333333333334 
3 0.4625 0.375 0.044444444444444446 0.05 
3 0.2986111111111111 0.30104166666666665 0.03333333333333333 0.014583333333333334 
3 0.9527777777777777 0.3333333333333333 0.06388888888888888 0.041666666666666664 
3 0.3416666666666667 0.4552083333333333 0.06666666666666667 0.06041666666666667 
