3 0.8423611111111111 0.215625 0.1125 0.07291666666666667 
3 0.15902777777777777 0.16770833333333332 0.07361111111111111 0.07708333333333334 
3 0.6659722222222222 0.3697916666666667 0.21805555555555556 0.15625 
3 0.8680555555555556 0.55 0.23055555555555557 0.1875 
3 0.8777777777777778 0.13645833333333332 0.06944444444444445 0.052083333333333336 
3 0.9680555555555556 0.16354166666666667 0.030555555555555555 0.03125 
3 0.7951388888888888 0.08020833333333334 0.05694444444444444 0.03958333333333333 
3 0.9118055555555555 0.11354166666666667 0.043055555555555555 0.035416666666666666 
3 0.7680555555555556 0.057291666666666664 0.058333333333333334 0.027083333333333334 
3 0.03333333333333333 0.18125 0.06666666666666667 0.0625 
3 0.20833333333333334 0.08958333333333333 0.044444444444444446 0.041666666666666664 
3 0.1736111111111111 0.22916666666666666 0.13333333333333333 0.1 
