3 0.5409722222222222 0.309375 0.07916666666666666 0.06041666666666667 
5 0.009722222222222222 0.075 0.013888888888888888 0.029166666666666667 
8 0.6347222222222222 0.34375 0.11388888888888889 0.07083333333333333 
3 0.8173611111111111 0.4822916666666667 0.07916666666666666 0.06458333333333334 
3 0.6930555555555555 0.403125 0.07777777777777778 0.05625 
3 0.10555555555555556 0.109375 0.044444444444444446 0.027083333333333334 
3 0.33958333333333335 0.5260416666666666 0.2986111111111111 0.2604166666666667 
3 0.9527777777777777 0.584375 0.05277777777777778 0.04791666666666667 
3 0.1423611111111111 0.128125 0.0625 0.03958333333333333 
3 0.052083333333333336 0.090625 0.05416666666666667 0.03125 
8 0.33194444444444443 0.2 0.1 0.058333333333333334 
3 0.2625 0.16979166666666667 0.06111111111111111 0.035416666666666666 
