3 0.26180555555555557 0.3020833333333333 0.03194444444444444 0.025 
2 0.1361111111111111 0.31145833333333334 0.03888888888888889 0.03958333333333333 
3 0.36527777777777776 0.315625 0.05 0.01875 
3 0.45416666666666666 0.315625 0.058333333333333334 0.027083333333333334 
3 0.30486111111111114 0.3125 0.03194444444444444 0.020833333333333332 
3 0.5694444444444444 0.33229166666666665 0.09444444444444444 0.022916666666666665 
3 0.7256944444444444 0.37916666666666665 0.10416666666666667 0.0625 
2 0.5097222222222222 0.45625 0.3638888888888889 0.2791666666666667 
8 0.8055555555555556 0.36354166666666665 0.11666666666666667 0.07708333333333334 
3 0.9423611111111111 0.4083333333333333 0.09027777777777778 0.0875 
