2 0.1763888888888889 0.321875 0.06111111111111111 0.05625 
3 0.33611111111111114 0.3104166666666667 0.041666666666666664 0.025 
3 0.7486111111111111 0.39375 0.10833333333333334 0.058333333333333334 
3 0.8527777777777777 0.38229166666666664 0.10277777777777777 0.06875 
3 0.28680555555555554 0.3072916666666667 0.034722222222222224 0.022916666666666665 
3 0.39305555555555555 0.31354166666666666 0.05277777777777778 0.03125 
3 0.2590277777777778 0.29791666666666666 0.0125 0.020833333333333332 
2 0.5423611111111111 0.48125 0.5152777777777777 0.3333333333333333 
3 0.48333333333333334 0.31145833333333334 0.06944444444444445 0.035416666666666666 
3 0.2326388888888889 0.2989583333333333 0.020833333333333332 0.01875 
3 0.6527777777777778 0.33958333333333335 0.1111111111111111 0.05 
