3 0.24027777777777778 0.16979166666666667 0.027777777777777776 0.035416666666666666 
5 0.7347222222222223 0.26875 0.06944444444444445 0.0875 
3 0.5756944444444444 0.10729166666666666 0.0375 0.022916666666666665 
5 0.6902777777777778 0.15 0.07222222222222222 0.0625 
3 0.49583333333333335 0.15416666666666667 0.044444444444444446 0.041666666666666664 
3 0.2111111111111111 0.17708333333333334 0.03333333333333333 0.029166666666666667 
2 0.30069444444444443 0.4114583333333333 0.37083333333333335 0.41875 
3 0.5402777777777777 0.11666666666666667 0.03888888888888889 0.03333333333333333 
3 0.7006944444444444 0.35625 0.10694444444444444 0.125 
3 0.3638888888888889 0.146875 0.044444444444444446 0.035416666666666666 
3 0.1736111111111111 0.21666666666666667 0.05277777777777778 0.05 
