3 0.28888888888888886 0.24270833333333333 0.07777777777777778 0.03958333333333333 
3 0.28125 0.71875 0.19027777777777777 0.225 
3 0.6555555555555556 0.18541666666666667 0.019444444444444445 0.020833333333333332 
2 0.12361111111111112 0.240625 0.21666666666666667 0.16041666666666668 
7 0.9368055555555556 0.4166666666666667 0.015277777777777777 0.06666666666666667 
7 0.7916666666666666 0.3875 0.019444444444444445 0.075 
3 0.03333333333333333 0.878125 0.06388888888888888 0.17708333333333334 
7 0.8694444444444445 0.4083333333333333 0.025 0.075 
7 0.9416666666666667 0.46875 0.019444444444444445 0.0625 
7 0.03888888888888889 0.5 0.025 0.08333333333333333 
3 0.03958333333333333 0.3572916666666667 0.07083333333333333 0.06875 
3 0.8048611111111111 0.32083333333333336 0.10416666666666667 0.05 
5 0.3527777777777778 0.9875 0.13055555555555556 0.020833333333333332 
7 0.03819444444444445 0.42083333333333334 0.015277777777777777 0.041666666666666664 
7 0.8791666666666667 0.409375 0.016666666666666666 0.08125 
3 0.48333333333333334 0.284375 0.08333333333333333 0.06458333333333334 
7 0.10972222222222222 0.5447916666666667 0.022222222222222223 0.10625 
3 0.4618055555555556 0.8114583333333333 0.18472222222222223 0.29791666666666666 
7 0.9208333333333333 0.41770833333333335 0.013888888888888888 0.06875 
9 0.035416666666666666 0.6197916666666666 0.07083333333333333 0.18958333333333333 
3 0.9541666666666667 0.325 0.030555555555555555 0.05 
7 0.16805555555555557 0.42291666666666666 0.025 0.0625 
7 0.7569444444444444 0.5114583333333333 0.025 0.05625 
9 0.6076388888888888 0.246875 0.0875 0.08958333333333333 
