3 0.17708333333333334 0.125 0.05416666666666667 0.029166666666666667 
3 0.8770833333333333 0.5041666666666667 0.0625 0.029166666666666667 
3 0.6881944444444444 0.39166666666666666 0.09583333333333334 0.07083333333333333 
3 0.21458333333333332 0.15729166666666666 0.06805555555555555 0.04375 
3 0.5111111111111111 0.2864583333333333 0.10277777777777777 0.06875 
3 0.12013888888888889 0.11145833333333334 0.06805555555555555 0.04791666666666667 
5 0.03888888888888889 0.06979166666666667 0.075 0.05625 
3 0.9006944444444445 0.5416666666666666 0.0625 0.058333333333333334 
3 0.3284722222222222 0.20104166666666667 0.08472222222222223 0.05625 
3 0.3173611111111111 0.6927083333333334 0.42916666666666664 0.47708333333333336 
3 0.04791666666666667 0.09583333333333334 0.05694444444444444 0.041666666666666664 
