3 0.8708333333333333 0.38958333333333334 0.075 0.06666666666666667 
3 0.9291666666666667 0.40208333333333335 0.058333333333333334 0.058333333333333334 
3 0.2590277777777778 0.4114583333333333 0.0763888888888889 0.06041666666666667 
3 0.8319444444444445 0.359375 0.11388888888888889 0.07708333333333334 
3 0.5902777777777778 0.45625 0.10277777777777777 0.08333333333333333 
3 0.5923611111111111 0.32395833333333335 0.08194444444444444 0.052083333333333336 
3 0.31666666666666665 0.65625 0.14444444444444443 0.22083333333333333 
3 0.8361111111111111 0.565625 0.1388888888888889 0.14791666666666667 
3 0.5784722222222223 0.3854166666666667 0.10694444444444444 0.03333333333333333 
3 0.9708333333333333 0.42083333333333334 0.05277777777777778 0.09166666666666666 
3 0.5798611111111112 0.41875 0.12361111111111112 0.07083333333333333 
3 0.7625 0.5177083333333333 0.125 0.13125 
3 0.7326388888888888 0.3302083333333333 0.05416666666666667 0.052083333333333336 
3 0.9222222222222223 0.6270833333333333 0.1527777777777778 0.15833333333333333 
3 0.6951388888888889 0.34479166666666666 0.05694444444444444 0.05625 
3 0.6694444444444444 0.48020833333333335 0.12222222222222222 0.09791666666666667 
3 0.9777777777777777 0.7072916666666667 0.041666666666666664 0.14791666666666667 
