7 0.35694444444444445 0.3958333333333333 0.011111111111111112 0.05416666666666667 
3 0.7590277777777777 0.33229166666666665 0.04861111111111111 0.05625 
3 0.7270833333333333 0.525 0.14305555555555555 0.10833333333333334 
3 0.6798611111111111 0.47291666666666665 0.12083333333333333 0.09166666666666666 
3 0.8972222222222223 0.6208333333333333 0.175 0.1625 
3 0.8944444444444445 0.378125 0.05277777777777778 0.06875 
3 0.8048611111111111 0.34791666666666665 0.0375 0.041666666666666664 
7 0.37777777777777777 0.39375 0.016666666666666666 0.03333333333333333 
3 0.9673611111111111 0.42604166666666665 0.04583333333333333 0.08125 
3 0.84375 0.3645833333333333 0.07916666666666666 0.075 
3 0.6541666666666667 0.34479166666666666 0.06388888888888888 0.03125 
7 0.37569444444444444 0.396875 0.009722222222222222 0.022916666666666665 
3 0.6548611111111111 0.375 0.04027777777777778 0.04583333333333333 
3 0.5819444444444445 0.46979166666666666 0.14166666666666666 0.09375 
3 0.5909722222222222 0.428125 0.10972222222222222 0.052083333333333336 
3 0.6923611111111111 0.32916666666666666 0.059722222222222225 0.041666666666666664 
3 0.8055555555555556 0.55625 0.15 0.15 
3 0.5972222222222222 0.32395833333333335 0.06944444444444445 0.04791666666666667 
4 0.41180555555555554 0.44166666666666665 0.02638888888888889 0.0625 
4 0.4173611111111111 0.43854166666666666 0.02361111111111111 0.07291666666666667 
3 0.96875 0.4114583333333333 0.05416666666666667 0.06875 
3 0.9361111111111111 0.396875 0.07777777777777778 0.07291666666666667 
3 0.8986111111111111 0.375 0.058333333333333334 0.07083333333333333 
5 0.9583333333333334 0.690625 0.07222222222222222 0.16458333333333333 
7 0.35625 0.390625 0.015277777777777777 0.04791666666666667 
3 0.6048611111111111 0.31875 0.07083333333333333 0.05 
3 0.9541666666666667 0.6927083333333334 0.08333333333333333 0.18125 
3 0.9388888888888889 0.39479166666666665 0.06944444444444445 0.06041666666666667 
3 0.6895833333333333 0.3333333333333333 0.06805555555555555 0.05416666666666667 
