3 0.4861111111111111 0.10416666666666667 0.06111111111111111 0.0625 
3 0.7486111111111111 0.109375 0.03888888888888889 0.05625 
3 0.7236111111111111 0.16666666666666666 0.05 0.0625 
3 0.5145833333333333 0.6770833333333334 0.24583333333333332 0.35 
3 0.04861111111111111 0.39375 0.09722222222222222 0.17916666666666667 
3 0.6097222222222223 0.428125 0.13333333333333333 0.17708333333333334 
3 0.6736111111111112 0.2916666666666667 0.1 0.125 
3 0.16944444444444445 0.2791666666666667 0.14166666666666666 0.14166666666666666 
3 0.7125 0.21666666666666667 0.06111111111111111 0.08333333333333333 
3 0.6083333333333333 0.10520833333333333 0.05555555555555555 0.052083333333333336 
3 0.5645833333333333 0.08541666666666667 0.05138888888888889 0.041666666666666664 
3 0.42291666666666666 0.134375 0.09305555555555556 0.07708333333333334 
1 0.5111111111111111 0.3489583333333333 0.044444444444444446 0.14375 
3 0.30694444444444446 0.19270833333333334 0.12222222222222222 0.11041666666666666 
