3 0.8097222222222222 0.5583333333333333 0.14444444444444443 0.15 
3 0.6618055555555555 0.3458333333333333 0.0375 0.0375 
3 0.8930555555555556 0.38229166666666664 0.06666666666666667 0.06875 
3 0.5826388888888889 0.47291666666666665 0.14583333333333334 0.0875 
3 0.9680555555555556 0.415625 0.05 0.07291666666666667 
3 0.9368055555555556 0.3958333333333333 0.07083333333333333 0.0625 
3 0.9652777777777778 0.321875 0.05277777777777778 0.04375 
3 0.725 0.5239583333333333 0.14444444444444443 0.12291666666666666 
3 0.8430555555555556 0.3645833333333333 0.07777777777777778 0.06666666666666667 
3 0.40208333333333335 0.359375 0.06805555555555555 0.03958333333333333 
3 0.6791666666666667 0.4708333333333333 0.12222222222222222 0.10833333333333334 
3 0.8041666666666667 0.35 0.044444444444444446 0.041666666666666664 
3 0.5881944444444445 0.4270833333333333 0.1125 0.058333333333333334 
5 0.9576388888888889 0.6895833333333333 0.07361111111111111 0.1625 
3 0.2875 0.7895833333333333 0.15833333333333333 0.24166666666666667 
3 0.5958333333333333 0.31875 0.06388888888888888 0.04583333333333333 
3 0.6888888888888889 0.334375 0.05555555555555555 0.05625 
3 0.9 0.615625 0.1638888888888889 0.16875 
3 0.75625 0.33541666666666664 0.05138888888888889 0.05416666666666667 
