3 0.6791666666666667 0.2947916666666667 0.08888888888888889 0.11875 
3 0.7256944444444444 0.15833333333333333 0.043055555555555555 0.058333333333333334 
2 0.3590277777777778 0.4125 0.5347222222222222 0.6333333333333333 
3 0.7472222222222222 0.11875 0.03888888888888889 0.03333333333333333 
3 0.7152777777777778 0.22291666666666668 0.06944444444444445 0.07083333333333333 
3 0.5666666666666667 0.07916666666666666 0.04722222222222222 0.041666666666666664 
7 0.08472222222222223 0.27291666666666664 0.025 0.07083333333333333 
9 0.3055555555555556 0.17604166666666668 0.31666666666666665 0.21458333333333332 
3 0.7388888888888889 0.13125 0.03333333333333333 0.03333333333333333 
3 0.5131944444444444 0.678125 0.24305555555555555 0.34791666666666665 
3 0.6090277777777777 0.06770833333333333 0.0375 0.035416666666666666 
3 0.049305555555555554 0.396875 0.09583333333333334 0.16875 
