3 0.08611111111111111 0.15625 0.08055555555555556 0.04583333333333333 
3 0.8152777777777778 0.09375 0.058333333333333334 0.03333333333333333 
3 0.2361111111111111 0.04375 0.03333333333333333 0.020833333333333332 
3 0.7791666666666667 0.08020833333333334 0.03611111111111111 0.027083333333333334 
3 0.8791666666666667 0.14583333333333334 0.06111111111111111 0.041666666666666664 
3 0.8506944444444444 0.125 0.034722222222222224 0.03333333333333333 
3 0.9680555555555556 0.16145833333333334 0.03611111111111111 0.03125 
3 0.8763888888888889 0.5802083333333333 0.23333333333333334 0.22291666666666668 
3 0.06736111111111111 0.21979166666666666 0.10972222222222222 0.09375 
3 0.9444444444444444 0.14166666666666666 0.030555555555555555 0.025 
3 0.9097222222222222 0.115625 0.041666666666666664 0.027083333333333334 
3 0.021527777777777778 0.18333333333333332 0.034722222222222224 0.03333333333333333 
