3 0.31432748538011696 0.1425438596491228 0.02046783625730994 0.013157894736842105 
10 0.12280701754385964 0.20833333333333334 0.023391812865497075 0.03070175438596491 
3 0.5073099415204678 0.8464912280701754 0.34210526315789475 0.2982456140350877 
3 0.11403508771929824 0.2412280701754386 0.03508771929824561 0.03508771929824561 
3 0.04093567251461988 0.2412280701754386 0.023391812865497075 0.03508771929824561 
3 0.7748538011695907 0.17543859649122806 0.017543859649122806 0.017543859649122806 
10 0.7134502923976608 0.17763157894736842 0.023391812865497075 0.03070175438596491 
5 0.9736842105263158 0.6074561403508771 0.029239766081871343 0.05701754385964912 
3 0.19298245614035087 0.19298245614035087 0.023391812865497075 0.017543859649122806 
3 0.4619883040935672 0.12938596491228072 0.029239766081871343 0.013157894736842105 
