3 0.24930555555555556 0.11458333333333333 0.04861111111111111 0.0375 
3 0.07777777777777778 0.23645833333333333 0.025 0.05625 
3 0.08055555555555556 0.23125 0.019444444444444445 0.04583333333333333 
8 0.1798611111111111 0.26666666666666666 0.10138888888888889 0.10416666666666667 
8 0.43472222222222223 0.21770833333333334 0.17222222222222222 0.13958333333333334 
8 0.11944444444444445 0.240625 0.06666666666666667 0.08125 
3 0.2673611111111111 0.32395833333333335 0.12083333333333333 0.12708333333333333 
3 0.25 0.115625 0.044444444444444446 0.03125 
3 0.33541666666666664 0.06979166666666667 0.04861111111111111 0.03958333333333333 
3 0.3375 0.07083333333333333 0.04722222222222222 0.03333333333333333 
