3 0.7416666666666667 0.2677083333333333 0.044444444444444446 0.04791666666666667 
3 0.7701388888888889 0.240625 0.029166666666666667 0.035416666666666666 
8 0.2972222222222222 0.8333333333333334 0.37222222222222223 0.32916666666666666 
3 0.7388888888888889 0.221875 0.025 0.03125 
3 0.8729166666666667 0.3927083333333333 0.0625 0.08125 
3 0.8708333333333333 0.30520833333333336 0.041666666666666664 0.04791666666666667 
0 0.9243055555555556 0.225 0.13472222222222222 0.058333333333333334 
8 0.46111111111111114 0.35 0.1111111111111111 0.1 
6 0.1736111111111111 0.625 0.34444444444444444 0.37083333333333335 
3 0.5034722222222222 0.42916666666666664 0.13194444444444445 0.10833333333333334 
