3 0.4625 0.246875 0.03333333333333333 0.035416666666666666 
3 0.9520833333333333 0.31875 0.0375 0.0375 
3 0.4652777777777778 0.21041666666666667 0.025 0.025 
3 0.4041666666666667 0.35833333333333334 0.06944444444444445 0.07916666666666666 
2 0.8145833333333333 0.31666666666666665 0.13472222222222222 0.1125 
7 0.3416666666666667 0.26979166666666665 0.013888888888888888 0.04791666666666667 
3 0.3138888888888889 0.2916666666666667 0.06111111111111111 0.0625 
3 0.69375 0.2708333333333333 0.05694444444444444 0.041666666666666664 
3 0.6048611111111111 0.234375 0.04027777777777778 0.035416666666666666 
3 0.7388888888888889 0.2625 0.03611111111111111 0.029166666666666667 
9 0.5986111111111111 0.20625 0.075 0.041666666666666664 
8 0.022916666666666665 0.296875 0.04583333333333333 0.06041666666666667 
