3 0.8055555555555556 0.3572916666666667 0.03333333333333333 0.03958333333333333 
3 0.9006944444444445 0.6208333333333333 0.1736111111111111 0.17916666666666667 
3 0.9576388888888889 0.6854166666666667 0.06805555555555555 0.1625 
3 0.6909722222222222 0.33645833333333336 0.059722222222222225 0.052083333333333336 
3 0.6020833333333333 0.32083333333333336 0.0763888888888889 0.04583333333333333 
3 0.7569444444444444 0.33645833333333336 0.06666666666666667 0.06041666666666667 
3 0.9347222222222222 0.39895833333333336 0.07222222222222222 0.06875 
3 0.8958333333333334 0.3875 0.06666666666666667 0.05416666666666667 
3 0.9715277777777778 0.3302083333333333 0.05416666666666667 0.04375 
3 0.5861111111111111 0.43333333333333335 0.11666666666666667 0.05416666666666667 
3 0.6791666666666667 0.4708333333333333 0.1111111111111111 0.1 
3 0.73125 0.5239583333333333 0.1486111111111111 0.11875 
3 0.5861111111111111 0.46979166666666666 0.15 0.08541666666666667 
3 0.8083333333333333 0.559375 0.15 0.15208333333333332 
3 0.8451388888888889 0.36770833333333336 0.08194444444444444 0.06041666666666667 
3 0.9666666666666667 0.415625 0.05277777777777778 0.08125 
3 0.2777777777777778 0.8020833333333334 0.16944444444444445 0.2708333333333333 
3 0.3972222222222222 0.4635416666666667 0.07222222222222222 0.07708333333333334 
