5 0.7798611111111111 0.12916666666666668 0.04583333333333333 0.06666666666666667 
8 0.33819444444444446 0.303125 0.23194444444444445 0.15208333333333332 
3 0.23472222222222222 0.1125 0.06666666666666667 0.05 
3 0.12777777777777777 0.12395833333333334 0.041666666666666664 0.06041666666666667 
8 0.9041666666666667 0.5322916666666667 0.17777777777777778 0.18958333333333333 
5 0.8319444444444445 0.13645833333333332 0.05277777777777778 0.07708333333333334 
5 0.018055555555555554 0.6583333333333333 0.03611111111111111 0.15 
3 0.9027777777777778 0.7260416666666667 0.1638888888888889 0.19375 
3 0.030555555555555555 0.28125 0.06111111111111111 0.08333333333333333 
3 0.17777777777777778 0.11666666666666667 0.05277777777777778 0.05 
