3 0.6756944444444445 0.365625 0.07916666666666666 0.07708333333333334 
8 0.45 0.4739583333333333 0.19722222222222222 0.17708333333333334 
6 0.25625 0.6447916666666667 0.20416666666666666 0.2520833333333333 
0 0.9430555555555555 0.2375 0.09444444444444444 0.07083333333333333 
3 0.8576388888888888 0.22916666666666666 0.04583333333333333 0.025 
3 0.7736111111111111 0.24583333333333332 0.025 0.03333333333333333 
3 0.7541666666666667 0.21145833333333333 0.016666666666666666 0.027083333333333334 
3 0.8013888888888889 0.21354166666666666 0.016666666666666666 0.022916666666666665 
3 0.8659722222222223 0.30520833333333336 0.04027777777777778 0.05625 
3 0.8756944444444444 0.4 0.05694444444444444 0.09166666666666666 
