3 0.9659722222222222 0.47708333333333336 0.04861111111111111 0.10416666666666667 
2 0.0375 0.23854166666666668 0.07222222222222222 0.13125 
3 0.17847222222222223 0.115625 0.0625 0.052083333333333336 
10 0.125 0.12708333333333333 0.027777777777777776 0.05416666666666667 
5 0.7659722222222223 0.12083333333333333 0.04583333333333333 0.06666666666666667 
3 0.10277777777777777 0.4197916666666667 0.18888888888888888 0.15208333333333332 
9 0.5055555555555555 0.7822916666666667 0.7833333333333333 0.42291666666666666 
5 0.8465277777777778 0.16770833333333332 0.05694444444444444 0.03125 
8 0.5638888888888889 0.4010416666666667 0.3277777777777778 0.22291666666666668 
3 0.5069444444444444 0.584375 0.35555555555555557 0.26875 
3 0.17152777777777778 0.30833333333333335 0.15694444444444444 0.125 
3 0.8930555555555556 0.7145833333333333 0.18888888888888888 0.19583333333333333 
