3 0.6222222222222222 0.384375 0.06666666666666667 0.07291666666666667 
7 0.44513888888888886 0.8354166666666667 0.0625 0.17916666666666667 
3 0.9423611111111111 0.375 0.043055555555555555 0.03333333333333333 
3 0.8611111111111112 0.3229166666666667 0.05277777777777778 0.020833333333333332 
3 0.7597222222222222 0.334375 0.06666666666666667 0.035416666666666666 
3 0.7368055555555556 0.28854166666666664 0.04583333333333333 0.022916666666666665 
3 0.9041666666666667 0.35625 0.041666666666666664 0.029166666666666667 
3 0.8097222222222222 0.30520833333333336 0.05277777777777778 0.022916666666666665 
5 0.42777777777777776 0.2760416666666667 0.03611111111111111 0.06458333333333334 
7 0.7680555555555556 0.4010416666666667 0.016666666666666666 0.052083333333333336 
3 0.5111111111111111 0.2708333333333333 0.016666666666666666 0.016666666666666666 
7 0.7506944444444444 0.40520833333333334 0.009722222222222222 0.052083333333333336 
5 0.8625 0.8645833333333334 0.26944444444444443 0.2625 
3 0.8076388888888889 0.365625 0.06805555555555555 0.035416666666666666 
3 0.9402777777777778 0.3927083333333333 0.04722222222222222 0.027083333333333334 
3 0.9729166666666667 0.38958333333333334 0.0375 0.0375 
3 0.88125 0.3416666666666667 0.05416666666666667 0.029166666666666667 
3 0.5416666666666666 0.3125 0.027777777777777776 0.041666666666666664 
3 0.7090277777777778 0.3145833333333333 0.05694444444444444 0.025 
3 0.49236111111111114 0.3104166666666667 0.03194444444444444 0.025 
