3 0.9673611111111111 0.40729166666666666 0.05138888888888889 0.08125 
3 0.8409722222222222 0.3489583333333333 0.10138888888888889 0.06875 
3 0.6138888888888889 0.38958333333333334 0.06944444444444445 0.05 
3 0.6993055555555555 0.3333333333333333 0.05138888888888889 0.05416666666666667 
3 0.7340277777777777 0.3177083333333333 0.0375 0.052083333333333336 
3 0.925 0.6166666666666667 0.14444444444444443 0.15833333333333333 
2 0.2875 0.5447916666666667 0.275 0.4270833333333333 
3 0.5916666666666667 0.44895833333333335 0.09166666666666666 0.07291666666666667 
3 0.8381944444444445 0.559375 0.1375 0.13958333333333334 
3 0.9347222222222222 0.38645833333333335 0.06666666666666667 0.04791666666666667 
3 0.5826388888888889 0.41041666666666665 0.12638888888888888 0.0625 
3 0.7715277777777778 0.50625 0.1375 0.1 
3 0.5888888888888889 0.31354166666666666 0.08611111111111111 0.04791666666666667 
3 0.8736111111111111 0.378125 0.06944444444444445 0.052083333333333336 
3 0.6756944444444445 0.4739583333333333 0.11805555555555555 0.08541666666666667 
3 0.9729166666666667 0.690625 0.043055555555555555 0.13125 
