3 0.49583333333333335 0.39375 0.26666666666666666 0.2 
8 0.875 0.6864583333333333 0.21666666666666667 0.19375 
3 0.12569444444444444 0.125 0.043055555555555555 0.05416666666666667 
5 0.9652777777777778 0.571875 0.04722222222222222 0.11458333333333333 
3 0.38263888888888886 0.821875 0.4736111111111111 0.34791666666666665 
3 0.23402777777777778 0.115625 0.0763888888888889 0.052083333333333336 
8 0.18055555555555555 0.453125 0.2722222222222222 0.23958333333333334 
3 0.6951388888888889 0.346875 0.20972222222222223 0.16041666666666668 
3 0.175 0.11979166666666667 0.05277777777777778 0.04791666666666667 
3 0.06875 0.23125 0.08472222222222223 0.05416666666666667 
3 0.06458333333333334 0.3 0.10416666666666667 0.0875 
