3 0.7798611111111111 0.21770833333333334 0.09861111111111111 0.09791666666666667 
3 0.70625 0.15208333333333332 0.09583333333333334 0.09166666666666666 
3 0.7715277777777778 0.13333333333333333 0.0875 0.06666666666666667 
3 0.8347222222222223 0.6270833333333333 0.3194444444444444 0.325 
3 0.8472222222222222 0.19479166666666667 0.09166666666666666 0.10625 
3 0.5395833333333333 0.11458333333333333 0.0763888888888889 0.06666666666666667 
1 0.8041666666666667 0.35520833333333335 0.09166666666666666 0.14791666666666667 
3 0.6756944444444445 0.17604166666666668 0.11805555555555555 0.09791666666666667 
3 0.8465277777777778 0.125 0.059722222222222225 0.041666666666666664 
3 0.8847222222222222 0.2 0.08333333333333333 0.09583333333333334 
3 0.8097222222222222 0.12291666666666666 0.075 0.0625 
3 0.5944444444444444 0.13541666666666666 0.14166666666666666 0.08333333333333333 
3 0.8368055555555556 0.215625 0.09305555555555556 0.10208333333333333 
3 0.6756944444444445 0.09895833333333333 0.07083333333333333 0.052083333333333336 
0 0.3145833333333333 0.146875 0.33194444444444443 0.24375 
3 0.9208333333333333 0.11770833333333333 0.044444444444444446 0.04791666666666667 
3 0.7541666666666667 0.14166666666666666 0.09444444444444444 0.07083333333333333 
3 0.8847222222222222 0.125 0.058333333333333334 0.058333333333333334 
3 0.9152777777777777 0.16875 0.06944444444444445 0.07916666666666666 
3 0.8958333333333334 0.18958333333333333 0.075 0.07916666666666666 
2 0.3423611111111111 0.45 0.5430555555555555 0.6875 
3 0.9763888888888889 0.21041666666666667 0.03333333333333333 0.05416666666666667 
10 0.5208333333333334 0.09479166666666666 0.06111111111111111 0.07708333333333334 
