3 0.9361111111111111 0.38958333333333334 0.06388888888888888 0.0625 
3 0.7270833333333333 0.5260416666666666 0.14027777777777778 0.11875 
3 0.6791666666666667 0.46770833333333334 0.11944444444444445 0.08958333333333333 
3 0.84375 0.3625 0.0625 0.058333333333333334 
3 0.6909722222222222 0.334375 0.04027777777777778 0.04375 
3 0.9652777777777778 0.3229166666666667 0.05555555555555555 0.05416666666666667 
3 0.14097222222222222 0.42291666666666666 0.05138888888888889 0.041666666666666664 
3 0.6 0.31979166666666664 0.075 0.03958333333333333 
3 0.5930555555555556 0.42916666666666664 0.10833333333333334 0.058333333333333334 
3 0.7631944444444444 0.33541666666666664 0.05416666666666667 0.041666666666666664 
3 0.9006944444444445 0.615625 0.16527777777777777 0.18125 
3 0.9701388888888889 0.409375 0.04583333333333333 0.08541666666666667 
3 0.8027777777777778 0.35104166666666664 0.05555555555555555 0.04375 
10 0.8402777777777778 0.29583333333333334 0.09166666666666666 0.058333333333333334 
3 0.8979166666666667 0.37604166666666666 0.06527777777777778 0.07291666666666667 
3 0.23541666666666666 0.8 0.17083333333333334 0.2375 
3 0.9618055555555556 0.6895833333333333 0.07083333333333333 0.15833333333333333 
3 0.8097222222222222 0.5572916666666666 0.14444444444444443 0.15625 
3 0.5833333333333334 0.46875 0.1361111111111111 0.08333333333333333 
