3 0.4840277777777778 0.375 0.0763888888888889 0.058333333333333334 
3 0.73125 0.33125 0.04027777777777778 0.05416666666666667 
3 0.8701388888888889 0.38958333333333334 0.07916666666666666 0.0625 
3 0.8340277777777778 0.3645833333333333 0.09861111111111111 0.06666666666666667 
3 0.6722222222222223 0.4822916666666667 0.12777777777777777 0.09791666666666667 
3 0.5819444444444445 0.425 0.13333333333333333 0.07083333333333333 
3 0.5916666666666667 0.46041666666666664 0.09722222222222222 0.08333333333333333 
3 0.5923611111111111 0.3260416666666667 0.0763888888888889 0.052083333333333336 
3 0.9215277777777777 0.6302083333333334 0.14027777777777778 0.16041666666666668 
3 0.3416666666666667 0.43125 0.075 0.07083333333333333 
3 0.9354166666666667 0.403125 0.06805555555555555 0.05625 
5 0.9729166666666667 0.6916666666666667 0.04027777777777778 0.15416666666666667 
3 0.9666666666666667 0.4239583333333333 0.04722222222222222 0.08958333333333333 
3 0.6979166666666666 0.34270833333333334 0.04583333333333333 0.04791666666666667 
3 0.38819444444444445 0.528125 0.10138888888888889 0.11041666666666666 
3 0.3701388888888889 0.7177083333333333 0.12916666666666668 0.20625 
3 0.7708333333333334 0.5208333333333334 0.14444444444444443 0.125 
7 0.40347222222222223 0.440625 0.0125 0.05625 
3 0.8361111111111111 0.5739583333333333 0.14166666666666666 0.13541666666666666 
3 0.5791666666666667 0.390625 0.12222222222222222 0.04791666666666667 
5 0.29930555555555555 0.9697916666666667 0.15694444444444444 0.052083333333333336 
3 0.43680555555555556 0.44166666666666665 0.07083333333333333 0.08333333333333333 
