3 0.08611111111111111 0.15104166666666666 0.07777777777777778 0.05625 
3 0.9104166666666667 0.109375 0.04583333333333333 0.027083333333333334 
3 0.9083333333333333 0.15520833333333334 0.06111111111111111 0.04375 
3 0.7805555555555556 0.075 0.04722222222222222 0.025 
3 0.8173611111111111 0.0875 0.059722222222222225 0.03333333333333333 
3 0.85 0.11666666666666667 0.041666666666666664 0.025 
3 0.23819444444444443 0.042708333333333334 0.0375 0.03125 
3 0.8472222222222222 0.5552083333333333 0.2388888888888889 0.20208333333333334 
3 0.7604166666666666 0.06041666666666667 0.043055555555555555 0.025 
3 0.9666666666666667 0.16458333333333333 0.03611111111111111 0.0375 
3 0.9423611111111111 0.13541666666666666 0.043055555555555555 0.029166666666666667 
3 0.4576388888888889 0.396875 0.2847222222222222 0.16875 
3 0.8715277777777778 0.13125 0.05416666666666667 0.0375 
