3 0.6069444444444444 0.23541666666666666 0.05 0.041666666666666664 
3 0.8736111111111111 0.5708333333333333 0.09444444444444444 0.1625 
8 0.03819444444444445 0.5802083333333333 0.0763888888888889 0.11875 
0 0.3527777777777778 0.39166666666666666 0.4083333333333333 0.39166666666666666 
3 0.8666666666666667 0.3385416666666667 0.04722222222222222 0.08541666666666667 
3 0.6638888888888889 0.215625 0.019444444444444445 0.014583333333333334 
10 0.8590277777777777 0.23333333333333334 0.04861111111111111 0.0375 
3 0.36319444444444443 0.8145833333333333 0.2652777777777778 0.32916666666666666 
3 0.7472222222222222 0.2604166666666667 0.03888888888888889 0.0375 
3 0.8743055555555556 0.42291666666666666 0.05694444444444444 0.1 
