3 0.9708333333333333 0.415625 0.04722222222222222 0.06875 
3 0.5847222222222223 0.45729166666666665 0.09722222222222222 0.08125 
3 0.58125 0.42083333333333334 0.12916666666666668 0.06666666666666667 
3 0.6743055555555556 0.48333333333333334 0.12361111111111112 0.09583333333333334 
3 0.9194444444444444 0.63125 0.14166666666666666 0.15833333333333333 
5 0.9763888888888889 0.6989583333333333 0.044444444444444446 0.13125 
3 0.48680555555555555 0.3729166666666667 0.059722222222222225 0.0625 
3 0.8333333333333334 0.36354166666666665 0.09444444444444444 0.07708333333333334 
3 0.7680555555555556 0.5177083333333333 0.1388888888888889 0.13125 
3 0.5763888888888888 0.3885416666666667 0.10833333333333334 0.03958333333333333 
3 0.3055555555555556 0.8479166666666667 0.175 0.275 
3 0.93125 0.396875 0.05138888888888889 0.04791666666666667 
3 0.8743055555555556 0.390625 0.07916666666666666 0.06041666666666667 
3 0.5930555555555556 0.31875 0.08055555555555556 0.04583333333333333 
3 0.8388888888888889 0.5666666666666667 0.14444444444444443 0.14583333333333334 
