3 0.73125 0.3229166666666667 0.05138888888888889 0.025 
3 0.5180555555555556 0.27395833333333336 0.019444444444444445 0.022916666666666665 
1 0.4465277777777778 0.40520833333333334 0.02638888888888889 0.06875 
3 0.8979166666666667 0.35625 0.04027777777777778 0.020833333333333332 
3 0.775 0.346875 0.06111111111111111 0.035416666666666666 
3 0.5395833333333333 0.3 0.02638888888888889 0.03333333333333333 
3 0.7993055555555556 0.3645833333333333 0.07361111111111111 0.041666666666666664 
7 0.4222222222222222 0.9072916666666667 0.075 0.15625 
3 0.4826388888888889 0.29375 0.018055555555555554 0.020833333333333332 
3 0.7541666666666667 0.33645833333333336 0.058333333333333334 0.035416666666666666 
3 0.7569444444444444 0.5197916666666667 0.12222222222222222 0.13958333333333334 
5 0.41805555555555557 0.28125 0.027777777777777776 0.041666666666666664 
3 0.5861111111111111 0.346875 0.05 0.05625 
3 0.8034722222222223 0.3020833333333333 0.0375 0.025 
3 0.8597222222222223 0.31979166666666664 0.044444444444444446 0.027083333333333334 
