7 0.11875 0.5322916666666667 0.029166666666666667 0.09791666666666667 
3 0.7409722222222223 0.24791666666666667 0.05138888888888889 0.03333333333333333 
7 0.2798611111111111 0.459375 0.04583333333333333 0.08958333333333333 
7 0.6979166666666666 0.48125 0.02638888888888889 0.0875 
7 0.24930555555555556 0.49375 0.05138888888888889 0.1 
5 0.03194444444444444 0.6260416666666667 0.06111111111111111 0.20208333333333334 
7 0.6354166666666666 0.5614583333333333 0.043055555555555555 0.11458333333333333 
3 0.4576388888888889 0.8104166666666667 0.1875 0.30416666666666664 
3 0.8736111111111111 0.2708333333333333 0.06111111111111111 0.029166666666666667 
7 0.13819444444444445 0.46458333333333335 0.018055555555555554 0.07916666666666666 
2 0.17847222222222223 0.33645833333333336 0.3541666666666667 0.16041666666666668 
7 0.8993055555555556 0.4375 0.03194444444444444 0.06666666666666667 
