3 0.3770833333333333 0.065625 0.09305555555555556 0.07291666666666667 
3 0.7770833333333333 0.11666666666666667 0.04027777777777778 0.0625 
3 0.925 0.26666666666666666 0.06944444444444445 0.09583333333333334 
1 0.19652777777777777 0.815625 0.1763888888888889 0.21041666666666667 
3 0.4388888888888889 0.165625 0.15833333333333333 0.13958333333333334 
3 0.2548611111111111 0.030208333333333334 0.06527777777777778 0.052083333333333336 
3 0.7083333333333334 0.12708333333333333 0.08611111111111111 0.07916666666666666 
3 0.9458333333333333 0.2125 0.03888888888888889 0.041666666666666664 
5 0.19236111111111112 0.019791666666666666 0.04027777777777778 0.027083333333333334 
3 0.8145833333333333 0.11354166666666667 0.03194444444444444 0.03125 
3 0.3020833333333333 0.053125 0.05694444444444444 0.052083333333333336 
