8 0.8375 0.48541666666666666 0.075 0.06666666666666667 
3 0.3840277777777778 0.215625 0.059722222222222225 0.035416666666666666 
5 0.9388888888888889 0.5666666666666667 0.058333333333333334 0.05416666666666667 
8 0.6701388888888888 0.3770833333333333 0.11805555555555555 0.0875 
10 0.25069444444444444 0.703125 0.43194444444444446 0.4895833333333333 
3 0.3798611111111111 0.22083333333333333 0.07083333333333333 0.04583333333333333 
5 0.30694444444444446 0.1875 0.06944444444444445 0.05416666666666667 
3 0.29375 0.190625 0.0375 0.03125 
3 0.13958333333333334 0.125 0.0625 0.04583333333333333 
3 0.1375 0.12291666666666666 0.04722222222222222 0.025 
