2 0.5701388888888889 0.48333333333333334 0.42083333333333334 0.31666666666666665 
3 0.27361111111111114 0.296875 0.03611111111111111 0.022916666666666665 
3 0.58125 0.3145833333333333 0.07916666666666666 0.05416666666666667 
3 0.23819444444444443 0.29791666666666666 0.02638888888888889 0.025 
3 0.4701388888888889 0.31875 0.09583333333333334 0.041666666666666664 
3 0.6277777777777778 0.340625 0.08055555555555556 0.027083333333333334 
5 0.9263888888888889 0.4479166666666667 0.11944444444444445 0.1 
3 0.3402777777777778 0.30416666666666664 0.06111111111111111 0.03333333333333333 
2 0.15 0.3072916666666667 0.044444444444444446 0.04375 
0 0.38680555555555557 0.2677083333333333 0.1736111111111111 0.08125 
3 0.39791666666666664 0.30625 0.05416666666666667 0.0375 
