3 0.8770833333333333 0.13958333333333334 0.06805555555555555 0.04583333333333333 
3 0.7895833333333333 0.075 0.0625 0.029166666666666667 
3 0.2388888888888889 0.040625 0.030555555555555555 0.027083333333333334 
3 0.14305555555555555 0.6395833333333333 0.2833333333333333 0.22916666666666666 
3 0.7659722222222223 0.058333333333333334 0.05416666666666667 0.029166666666666667 
3 0.8131944444444444 0.08958333333333333 0.0625 0.03333333333333333 
3 0.8493055555555555 0.115625 0.04583333333333333 0.027083333333333334 
3 0.08819444444444445 0.15104166666666666 0.0763888888888889 0.05625 
3 0.9076388888888889 0.11145833333333334 0.043055555555555555 0.03125 
8 0.6506944444444445 0.153125 0.16527777777777777 0.09375 
3 0.6194444444444445 0.39375 0.275 0.18333333333333332 
