3 0.8645833333333334 0.34375 0.04583333333333333 0.025 
7 0.2847222222222222 0.5354166666666667 0.019444444444444445 0.1 
7 0.2590277777777778 0.53125 0.018055555555555554 0.09583333333333334 
3 0.5 0.328125 0.03333333333333333 0.05625 
10 0.79375 0.5375 0.13194444444444445 0.16666666666666666 
0 0.5298611111111111 0.525 0.25972222222222224 0.3541666666666667 
3 0.7798611111111111 0.34479166666666666 0.06805555555555555 0.027083333333333334 
3 0.8048611111111111 0.359375 0.09027777777777778 0.035416666666666666 
3 0.5888888888888889 0.36354166666666665 0.041666666666666664 0.05625 
2 0.6083333333333333 0.30625 0.06666666666666667 0.06666666666666667 
10 0.6611111111111111 0.353125 0.06666666666666667 0.06875 
2 0.41944444444444445 0.284375 0.030555555555555555 0.04791666666666667 
3 0.5451388888888888 0.3125 0.029166666666666667 0.0375 
