3 0.8173611111111111 0.37083333333333335 0.05694444444444444 0.029166666666666667 
3 0.7180555555555556 0.32083333333333336 0.041666666666666664 0.025 
7 0.4465277777777778 0.959375 0.04861111111111111 0.07708333333333334 
3 0.9083333333333333 0.36041666666666666 0.03333333333333333 0.025 
3 0.7576388888888889 0.33958333333333335 0.05416666666666667 0.03333333333333333 
3 0.7381944444444445 0.3302083333333333 0.04583333333333333 0.022916666666666665 
2 0.5381944444444444 0.29375 0.0375 0.04583333333333333 
2 0.43194444444444446 0.359375 0.08055555555555556 0.12291666666666666 
3 0.7826388888888889 0.353125 0.04861111111111111 0.022916666666666665 
3 0.6034722222222222 0.35833333333333334 0.04027777777777778 0.041666666666666664 
3 0.9472222222222222 0.37083333333333335 0.03333333333333333 0.025 
3 0.9263888888888889 0.7104166666666667 0.14444444444444443 0.20416666666666666 
7 0.27152777777777776 0.49270833333333336 0.020833333333333332 0.09791666666666667 
2 0.54375 0.3885416666666667 0.09861111111111111 0.13125 
3 0.975 0.3885416666666667 0.025 0.022916666666666665 
