3 0.11875 0.15 0.0375 0.0375 
3 0.2534722222222222 0.11979166666666667 0.043055555555555555 0.035416666666666666 
8 0.17291666666666666 0.271875 0.10694444444444444 0.11458333333333333 
3 0.08055555555555556 0.23020833333333332 0.027777777777777776 0.04791666666666667 
3 0.13958333333333334 0.11770833333333333 0.02361111111111111 0.022916666666666665 
3 0.28958333333333336 0.08020833333333334 0.0625 0.04375 
10 0.8333333333333334 0.3625 0.2222222222222222 0.24583333333333332 
3 0.11805555555555555 0.24270833333333333 0.06388888888888888 0.08541666666666667 
3 0.3388888888888889 0.075 0.04722222222222222 0.0375 
3 0.21875 0.11770833333333333 0.0375 0.03125 
3 0.2652777777777778 0.31979166666666664 0.12777777777777777 0.13125 
3 0.04375 0.21458333333333332 0.020833333333333332 0.029166666666666667 
3 0.06458333333333334 0.22083333333333333 0.02638888888888889 0.041666666666666664 
