3 0.7340277777777777 0.33125 0.043055555555555555 0.04583333333333333 
3 0.29444444444444445 0.40520833333333334 0.08333333333333333 0.04791666666666667 
3 0.58125 0.42916666666666664 0.12638888888888888 0.075 
3 0.4798611111111111 0.375 0.04583333333333333 0.05416666666666667 
3 0.8368055555555556 0.36041666666666666 0.10138888888888889 0.05 
3 0.76875 0.5239583333333333 0.1375 0.11458333333333333 
7 0.34930555555555554 0.37604166666666666 0.0125 0.052083333333333336 
3 0.9694444444444444 0.4197916666666667 0.04722222222222222 0.08541666666666667 
3 0.5861111111111111 0.459375 0.09444444444444444 0.07708333333333334 
3 0.3194444444444444 0.46875 0.09444444444444444 0.08333333333333333 
3 0.8381944444444445 0.5697916666666667 0.14305555555555555 0.14375 
3 0.6958333333333333 0.34479166666666666 0.05 0.04791666666666667 
3 0.9298611111111111 0.4010416666666667 0.05694444444444444 0.04791666666666667 
3 0.8722222222222222 0.3885416666666667 0.075 0.052083333333333336 
3 0.5763888888888888 0.3927083333333333 0.11666666666666667 0.035416666666666666 
5 0.9736111111111111 0.6875 0.041666666666666664 0.1375 
7 0.33055555555555555 0.35833333333333334 0.013888888888888888 0.03333333333333333 
3 0.9215277777777777 0.6291666666666667 0.14027777777777778 0.1625 
3 0.1284722222222222 0.8458333333333333 0.1625 0.22916666666666666 
3 0.12986111111111112 0.44166666666666665 0.034722222222222224 0.058333333333333334 
3 0.4361111111111111 0.446875 0.06944444444444445 0.06875 
3 0.5819444444444445 0.325 0.058333333333333334 0.041666666666666664 
3 0.6701388888888888 0.4875 0.12638888888888888 0.09583333333333334 
3 0.38819444444444445 0.5229166666666667 0.10694444444444444 0.09583333333333334 
