7 0.19930555555555557 0.55625 0.043055555555555555 0.125 
3 0.5326388888888889 0.30625 0.034722222222222224 0.0375 
2 0.5895833333333333 0.3 0.0763888888888889 0.07916666666666666 
2 0.46875 0.36666666666666664 0.10138888888888889 0.15416666666666667 
3 0.7097222222222223 0.325 0.06111111111111111 0.029166666666666667 
3 0.5986111111111111 0.6125 0.1527777777777778 0.17916666666666667 
5 0.40208333333333335 0.26979166666666665 0.02638888888888889 0.04375 
3 0.7541666666666667 0.34479166666666666 0.06111111111111111 0.03958333333333333 
3 0.6215277777777778 0.3854166666666667 0.07083333333333333 0.07916666666666666 
5 0.4375 0.26145833333333335 0.025 0.03125 
