3 0.9118055555555555 0.11770833333333333 0.043055555555555555 0.035416666666666666 
3 0.08472222222222223 0.15104166666666666 0.07222222222222222 0.04791666666666667 
3 0.19652777777777777 0.140625 0.06527777777777778 0.05625 
3 0.9659722222222222 0.15833333333333333 0.043055555555555555 0.029166666666666667 
3 0.1951388888888889 0.4239583333333333 0.25416666666666665 0.16875 
7 0.07361111111111111 0.15520833333333334 0.016666666666666666 0.027083333333333334 
3 0.7875 0.084375 0.05277777777777778 0.03125 
3 0.7631944444444444 0.0625 0.04861111111111111 0.029166666666666667 
3 0.20902777777777778 0.09166666666666666 0.04583333333333333 0.03333333333333333 
4 0.8402777777777778 0.190625 0.05 0.05625 
3 0.8784722222222222 0.1375 0.059722222222222225 0.05 
