3 0.6826388888888889 0.175 0.1125 0.0875 
10 0.49375 0.10104166666666667 0.10972222222222222 0.07291666666666667 
3 0.8604166666666667 0.21354166666666666 0.07083333333333333 0.10208333333333333 
10 0.42291666666666666 0.078125 0.10416666666666667 0.08541666666666667 
3 0.7493055555555556 0.15 0.07916666666666666 0.075 
10 0.44930555555555557 0.084375 0.1125 0.07291666666666667 
3 0.7777777777777778 0.22291666666666668 0.09444444444444444 0.0875 
3 0.6659722222222222 0.10625 0.0625 0.0625 
3 0.8861111111111111 0.20104166666666667 0.08055555555555556 0.08125 
3 0.80625 0.13958333333333334 0.0625 0.0625 
8 0.5645833333333333 0.059375 0.07083333333333333 0.052083333333333336 
3 0.9173611111111111 0.18333333333333332 0.059722222222222225 0.075 
2 0.3284722222222222 0.3802083333333333 0.4486111111111111 0.59375 
3 0.7673611111111112 0.13854166666666667 0.08194444444444444 0.06041666666666667 
3 0.8326388888888889 0.22083333333333333 0.0875 0.09583333333333334 
