1 0.41944444444444445 0.4083333333333333 0.05277777777777778 0.19583333333333333 
3 0.71875 0.4375 0.3236111111111111 0.20416666666666666 
3 0.38263888888888886 0.041666666666666664 0.04027777777777778 0.05416666666666667 
3 0.09722222222222222 0.8479166666666667 0.19444444444444445 0.3 
3 0.6416666666666667 0.05416666666666667 0.10833333333333334 0.05416666666666667 
3 0.2048611111111111 0.20625 0.09305555555555556 0.12083333333333333 
5 0.42569444444444443 0.017708333333333333 0.05138888888888889 0.027083333333333334 
3 0.32916666666666666 0.07395833333333333 0.08333333333333333 0.08958333333333333 
3 0.5729166666666666 0.027083333333333334 0.043055555555555555 0.0375 
3 0.6756944444444445 0.171875 0.1736111111111111 0.11041666666666666 
3 0.6673611111111111 0.027083333333333334 0.04861111111111111 0.04583333333333333 
3 0.11805555555555555 0.340625 0.1361111111111111 0.19791666666666666 
3 0.6604166666666667 0.09583333333333334 0.12916666666666668 0.07083333333333333 
