2 0.5034722222222222 0.203125 0.04583333333333333 0.04791666666666667 
5 0.9722222222222222 0.4270833333333333 0.041666666666666664 0.05416666666666667 
2 0.5875 0.2125 0.07777777777777778 0.0625 
2 0.5375 0.22291666666666668 0.06388888888888888 0.075 
2 0.7131944444444445 0.23854166666666668 0.13472222222222222 0.06875 
3 0.43125 0.284375 0.05138888888888889 0.04791666666666667 
3 0.68125 0.5833333333333334 0.1375 0.20833333333333334 
3 0.44305555555555554 0.2520833333333333 0.03888888888888889 0.03333333333333333 
3 0.9597222222222223 0.3802083333333333 0.06388888888888888 0.04375 
3 0.33194444444444443 0.46979166666666666 0.125 0.14375 
3 0.13333333333333333 0.865625 0.23333333333333334 0.26458333333333334 
2 0.8263888888888888 0.31875 0.23055555555555557 0.17083333333333334 
5 0.024305555555555556 0.28958333333333336 0.04583333333333333 0.07916666666666666 
3 0.39791666666666664 0.346875 0.07361111111111111 0.07708333333333334 
