3 0.7319444444444444 0.32916666666666666 0.05 0.05416666666666667 
5 0.9708333333333333 0.7010416666666667 0.041666666666666664 0.16458333333333333 
3 0.5881944444444445 0.46041666666666664 0.09861111111111111 0.07916666666666666 
3 0.9222222222222223 0.63125 0.1361111111111111 0.15416666666666667 
3 0.8361111111111111 0.571875 0.14166666666666666 0.14791666666666667 
3 0.36527777777777776 0.38229166666666664 0.08611111111111111 0.04791666666666667 
3 0.28541666666666665 0.840625 0.16527777777777777 0.23958333333333334 
3 0.8361111111111111 0.359375 0.1 0.07291666666666667 
3 0.5798611111111112 0.425 0.12916666666666668 0.07083333333333333 
3 0.9277777777777778 0.4 0.06388888888888888 0.05 
3 0.96875 0.42083333333333334 0.05416666666666667 0.0875 
3 0.5888888888888889 0.3229166666666667 0.07777777777777778 0.05 
3 0.9083333333333333 0.34375 0.09444444444444444 0.0625 
3 0.5145833333333333 0.34479166666666666 0.059722222222222225 0.06041666666666667 
3 0.5763888888888888 0.39166666666666666 0.11388888888888889 0.041666666666666664 
3 0.7659722222222223 0.5208333333333334 0.13472222222222222 0.11666666666666667 
3 0.6972222222222222 0.34479166666666666 0.04722222222222222 0.052083333333333336 
3 0.6722222222222223 0.484375 0.12222222222222222 0.09375 
3 0.8729166666666667 0.39375 0.07916666666666666 0.058333333333333334 
