7 0.2604166666666667 0.5135416666666667 0.03194444444444444 0.07291666666666667 
3 0.8465277777777778 0.32083333333333336 0.0875 0.05416666666666667 
7 0.36180555555555555 0.25104166666666666 0.0125 0.052083333333333336 
5 0.035416666666666666 0.6239583333333333 0.07083333333333333 0.18958333333333333 
2 0.09027777777777778 0.35 0.17777777777777778 0.15416666666666667 
7 0.2722222222222222 0.5458333333333333 0.044444444444444446 0.0875 
3 0.7680555555555556 0.24895833333333334 0.05555555555555555 0.035416666666666666 
3 0.47847222222222224 0.24583333333333332 0.07361111111111111 0.041666666666666664 
3 0.46458333333333335 0.31145833333333334 0.12083333333333333 0.06041666666666667 
7 0.5944444444444444 0.5166666666666667 0.06944444444444445 0.12916666666666668 
3 0.4576388888888889 0.80625 0.1736111111111111 0.2916666666666667 
