3 0.2659722222222222 0.6625 0.2902777777777778 0.3375 
3 0.16111111111111112 0.3 0.12222222222222222 0.11666666666666667 
3 0.6951388888888889 0.19895833333333332 0.059722222222222225 0.05625 
3 0.5048611111111111 0.16979166666666667 0.06527777777777778 0.05625 
2 0.8013888888888889 0.13333333333333333 0.044444444444444446 0.075 
3 0.6041666666666666 0.13541666666666666 0.044444444444444446 0.041666666666666664 
3 0.6743055555555556 0.440625 0.14027777777777778 0.18125 
3 0.49722222222222223 0.14479166666666668 0.058333333333333334 0.03125 
3 0.7604166666666666 0.22604166666666667 0.05138888888888889 0.05625 
3 0.24722222222222223 0.30520833333333336 0.13055555555555556 0.11875 
