3 0.875 0.396875 0.05277777777777778 0.08958333333333333 
0 0.9402777777777778 0.23541666666666666 0.09722222222222222 0.06666666666666667 
8 0.8715277777777778 0.25416666666666665 0.02638888888888889 0.041666666666666664 
3 0.48194444444444445 0.6864583333333333 0.19444444444444445 0.22708333333333333 
3 0.8520833333333333 0.21666666666666667 0.05138888888888889 0.029166666666666667 
5 0.9722222222222222 0.33645833333333336 0.030555555555555555 0.07291666666666667 
8 0.22847222222222222 0.6947916666666667 0.24305555555555555 0.24375 
3 0.8708333333333333 0.30416666666666664 0.03611111111111111 0.05416666666666667 
0 0.44722222222222224 0.3145833333333333 0.2638888888888889 0.25 
3 0.6375 0.2125 0.025 0.025 
