3 0.5361111111111111 0.134375 0.03333333333333333 0.035416666666666666 
0 0.3680555555555556 0.075 0.08888888888888889 0.04583333333333333 
0 0.4618055555555556 0.16041666666666668 0.13472222222222222 0.15 
3 0.16041666666666668 0.20416666666666666 0.0763888888888889 0.058333333333333334 
3 0.3763888888888889 0.15520833333333334 0.04722222222222222 0.05625 
5 0.03333333333333333 0.47604166666666664 0.06666666666666667 0.10625 
2 0.21805555555555556 0.6395833333333333 0.4361111111111111 0.7166666666666667 
3 0.16319444444444445 0.265625 0.09861111111111111 0.08541666666666667 
3 0.25416666666666665 0.26666666666666666 0.1111111111111111 0.09583333333333334 
0 0.09513888888888888 0.13125 0.17916666666666667 0.12083333333333333 
