8 0.4548611111111111 0.25416666666666665 0.06805555555555555 0.0375 
6 0.07083333333333333 0.6302083333333334 0.14166666666666666 0.23958333333333334 
8 0.3125 0.834375 0.325 0.3229166666666667 
3 0.7923611111111111 0.215625 0.020833333333333332 0.027083333333333334 
3 0.875 0.390625 0.05555555555555555 0.08125 
8 0.7138888888888889 0.32083333333333336 0.06388888888888888 0.075 
3 0.975 0.340625 0.03333333333333333 0.07291666666666667 
3 0.86875 0.30104166666666665 0.03194444444444444 0.04791666666666667 
3 0.7743055555555556 0.246875 0.03194444444444444 0.027083333333333334 
8 0.8701388888888889 0.25833333333333336 0.03194444444444444 0.041666666666666664 
