3 0.6784722222222223 0.471875 0.11527777777777778 0.09375 
7 0.23541666666666666 0.44583333333333336 0.018055555555555554 0.029166666666666667 
3 0.8118055555555556 0.5572916666666666 0.1486111111111111 0.14791666666666667 
3 0.8006944444444445 0.35208333333333336 0.03194444444444444 0.05416666666666667 
7 0.22569444444444445 0.446875 0.0125 0.03125 
3 0.6875 0.32916666666666666 0.05277777777777778 0.04583333333333333 
7 0.2625 0.43854166666666666 0.027777777777777776 0.06041666666666667 
3 0.7284722222222222 0.525 0.1486111111111111 0.1125 
3 0.9652777777777778 0.4166666666666667 0.05555555555555555 0.08333333333333333 
3 0.5840277777777778 0.4270833333333333 0.1125 0.05416666666666667 
3 0.8958333333333334 0.6166666666666667 0.1638888888888889 0.15833333333333333 
3 0.41458333333333336 0.3541666666666667 0.08194444444444444 0.041666666666666664 
3 0.3590277777777778 0.6291666666666667 0.10416666666666667 0.14166666666666666 
3 0.7569444444444444 0.3385416666666667 0.04722222222222222 0.04791666666666667 
3 0.9354166666666667 0.4 0.06805555555555555 0.0625 
3 0.8916666666666667 0.38125 0.05277777777777778 0.0625 
3 0.5791666666666667 0.47291666666666665 0.1388888888888889 0.075 
3 0.5993055555555555 0.31979166666666664 0.07083333333333333 0.03958333333333333 
5 0.9576388888888889 0.6864583333333333 0.07083333333333333 0.16041666666666668 
3 0.8430555555555556 0.365625 0.06666666666666667 0.06041666666666667 
7 0.28680555555555554 0.4239583333333333 0.020833333333333332 0.04791666666666667 
