3 0.9076388888888889 0.1125 0.04027777777777778 0.03333333333333333 
3 0.21736111111111112 0.08541666666666667 0.04027777777777778 0.041666666666666664 
3 0.9715277777777778 0.15625 0.03194444444444444 0.0375 
3 0.7590277777777777 0.057291666666666664 0.04583333333333333 0.03125 
3 0.8770833333333333 0.13645833333333332 0.06527777777777778 0.052083333333333336 
3 0.78125 0.36875 0.20694444444444443 0.14583333333333334 
3 0.06944444444444445 0.4666666666666667 0.1388888888888889 0.15416666666666667 
3 0.08888888888888889 0.15520833333333334 0.075 0.052083333333333336 
3 0.6715277777777777 0.5760416666666667 0.3347222222222222 0.22291666666666668 
3 0.8277777777777777 0.19166666666666668 0.10277777777777777 0.07083333333333333 
3 0.2375 0.040625 0.025 0.027083333333333334 
3 0.7875 0.08020833333333334 0.05277777777777778 0.03125 
