3 0.8173611111111111 0.5645833333333333 0.12916666666666668 0.12916666666666668 
3 0.8458333333333333 0.3645833333333333 0.08055555555555556 0.05 
3 0.9611111111111111 0.334375 0.05555555555555555 0.04375 
3 0.39305555555555555 0.5208333333333334 0.08333333333333333 0.10416666666666667 
3 0.7506944444444444 0.3770833333333333 0.0763888888888889 0.041666666666666664 
3 0.5881944444444445 0.45625 0.11805555555555555 0.08333333333333333 
3 0.6597222222222222 0.48333333333333334 0.11666666666666667 0.0875 
3 0.9430555555555555 0.653125 0.10277777777777777 0.18541666666666667 
3 0.9527777777777777 0.47708333333333336 0.08888888888888889 0.08333333333333333 
3 0.9027777777777778 0.5895833333333333 0.15555555555555556 0.15833333333333333 
3 0.7027777777777777 0.34375 0.05555555555555555 0.041666666666666664 
3 0.5819444444444445 0.32395833333333335 0.07222222222222222 0.04375 
3 0.9270833333333334 0.38229166666666664 0.07083333333333333 0.06875 
3 0.5916666666666667 0.4166666666666667 0.12777777777777777 0.05416666666666667 
3 0.7430555555555556 0.5083333333333333 0.1527777777777778 0.1375 
4 0.2388888888888889 0.6052083333333333 0.044444444444444446 0.09375 
