3 0.85 0.36666666666666664 0.07777777777777778 0.0625 
3 0.06597222222222222 0.4354166666666667 0.03194444444444444 0.03333333333333333 
3 0.5895833333333333 0.43020833333333336 0.1125 0.06458333333333334 
3 0.8951388888888889 0.38645833333333335 0.059722222222222225 0.05625 
3 0.8138888888888889 0.5635416666666667 0.14722222222222223 0.15625 
3 0.6770833333333334 0.4708333333333333 0.12083333333333333 0.09583333333333334 
3 0.8076388888888889 0.3489583333333333 0.04583333333333333 0.04375 
7 0.0875 0.428125 0.008333333333333333 0.027083333333333334 
7 0.2708333333333333 0.4395833333333333 0.011111111111111112 0.04583333333333333 
7 0.23680555555555555 0.440625 0.020833333333333332 0.052083333333333336 
3 0.7277777777777777 0.5239583333333333 0.14166666666666666 0.11041666666666666 
3 0.6020833333333333 0.3229166666666667 0.07916666666666666 0.05 
3 0.2902777777777778 0.7927083333333333 0.16944444444444445 0.24791666666666667 
3 0.9576388888888889 0.6958333333333333 0.0763888888888889 0.15 
3 0.6909722222222222 0.32916666666666666 0.0625 0.058333333333333334 
3 0.9652777777777778 0.42604166666666665 0.04722222222222222 0.08541666666666667 
7 0.28055555555555556 0.428125 0.013888888888888888 0.04375 
3 0.8958333333333334 0.621875 0.16666666666666666 0.15625 
3 0.7638888888888888 0.34479166666666666 0.05555555555555555 0.04375 
3 0.93125 0.40208333333333335 0.06527777777777778 0.0625 
3 0.5881944444444445 0.47291666666666665 0.14305555555555555 0.09166666666666666 
3 0.4625 0.3885416666666667 0.04722222222222222 0.06041666666666667 
