5 0.03333333333333333 0.6239583333333333 0.06111111111111111 0.21041666666666667 
3 0.5451388888888888 0.303125 0.11805555555555555 0.06875 
7 0.31180555555555556 0.4166666666666667 0.018055555555555554 0.075 
2 0.10625 0.3375 0.20694444444444443 0.17916666666666667 
7 0.1798611111111111 0.540625 0.05138888888888889 0.18541666666666667 
3 0.6173611111111111 0.24375 0.0763888888888889 0.041666666666666664 
7 0.5354166666666667 0.5395833333333333 0.04027777777777778 0.1375 
7 0.2875 0.49583333333333335 0.027777777777777776 0.0875 
3 0.3763888888888889 0.25104166666666666 0.09166666666666666 0.03958333333333333 
7 0.3 0.45729166666666665 0.019444444444444445 0.08541666666666667 
7 0.2902777777777778 0.5541666666666667 0.03611111111111111 0.12083333333333333 
7 0.3090277777777778 0.4375 0.020833333333333332 0.0625 
3 0.7055555555555556 0.23645833333333333 0.07222222222222222 0.03958333333333333 
7 0.37777777777777777 0.425 0.027777777777777776 0.09583333333333334 
3 0.7944444444444444 0.24895833333333334 0.05555555555555555 0.035416666666666666 
7 0.45902777777777776 0.4635416666666667 0.0375 0.11041666666666666 
7 0.6326388888888889 0.55625 0.034722222222222224 0.125 
1 0.42291666666666666 0.6572916666666667 0.07083333333333333 0.15208333333333332 
3 0.8673611111111111 0.2708333333333333 0.0625 0.0375 
3 0.45902777777777776 0.8197916666666667 0.19583333333333333 0.30625 
7 0.26458333333333334 0.58125 0.07361111111111111 0.13333333333333333 
