3 0.93125 0.4 0.0625 0.0625 
3 0.6944444444444444 0.33229166666666665 0.05555555555555555 0.04791666666666667 
3 0.6013888888888889 0.3229166666666667 0.08055555555555556 0.05 
3 0.8930555555555556 0.31666666666666665 0.06944444444444445 0.041666666666666664 
3 0.8993055555555556 0.6208333333333333 0.17916666666666667 0.17083333333333334 
3 0.9659722222222222 0.32916666666666666 0.04861111111111111 0.04583333333333333 
3 0.75625 0.33645833333333336 0.05694444444444444 0.04375 
3 0.5888888888888889 0.4270833333333333 0.11666666666666667 0.058333333333333334 
3 0.8111111111111111 0.34791666666666665 0.05277777777777778 0.06666666666666667 
3 0.9652777777777778 0.415625 0.058333333333333334 0.08541666666666667 
3 0.9576388888888889 0.6885416666666667 0.07083333333333333 0.18125 
3 0.8076388888888889 0.5604166666666667 0.15138888888888888 0.15 
3 0.6743055555555556 0.47291666666666665 0.11805555555555555 0.10833333333333334 
3 0.7263888888888889 0.5302083333333333 0.1527777777777778 0.12708333333333333 
3 0.39652777777777776 0.4427083333333333 0.06805555555555555 0.06875 
3 0.8430555555555556 0.365625 0.08055555555555556 0.06875 
3 0.5798611111111112 0.47604166666666664 0.14305555555555555 0.08958333333333333 
3 0.8930555555555556 0.38125 0.06944444444444445 0.06666666666666667 
3 0.06666666666666667 0.45416666666666666 0.04722222222222222 0.0625 
