3 0.8840277777777777 0.2 0.07083333333333333 0.08333333333333333 
10 0.49166666666666664 0.08854166666666667 0.10277777777777777 0.06458333333333334 
3 0.6972222222222222 0.13541666666666666 0.1111111111111111 0.075 
3 0.5340277777777778 0.059375 0.06805555555555555 0.03958333333333333 
3 0.5013888888888889 0.34375 0.19722222222222222 0.15833333333333333 
3 0.8076388888888889 0.125 0.05694444444444444 0.058333333333333334 
3 0.46319444444444446 0.06979166666666667 0.07361111111111111 0.052083333333333336 
3 0.8402777777777778 0.20520833333333333 0.08055555555555556 0.10625 
3 0.89375 0.18229166666666666 0.07361111111111111 0.06875 
3 0.7736111111111111 0.12604166666666666 0.06944444444444445 0.06458333333333334 
3 0.7444444444444445 0.13020833333333334 0.07222222222222222 0.06875 
3 0.5604166666666667 0.121875 0.07083333333333333 0.09375 
3 0.7743055555555556 0.21354166666666666 0.09861111111111111 0.08958333333333333 
3 0.9166666666666666 0.17604166666666668 0.06388888888888888 0.08125 
10 0.42083333333333334 0.06458333333333334 0.11944444444444445 0.0625 
3 0.9583333333333334 0.21354166666666666 0.05277777777777778 0.06458333333333334 
3 0.6840277777777778 0.16770833333333332 0.1125 0.08125 
8 0.5666666666666667 0.04479166666666667 0.06111111111111111 0.04791666666666667 
2 0.2798611111111111 0.45416666666666666 0.3958333333333333 0.625 
