3 0.3645833333333333 0.11770833333333333 0.07083333333333333 0.035416666666666666 
3 0.07569444444444444 0.221875 0.018055555555555554 0.022916666666666665 
8 0.9118055555555555 0.32395833333333335 0.15416666666666667 0.14375 
3 0.2847222222222222 0.08541666666666667 0.027777777777777776 0.016666666666666666 
3 0.30694444444444446 0.07604166666666666 0.016666666666666666 0.022916666666666665 
3 0.11944444444444445 0.23541666666666666 0.06111111111111111 0.0625 
3 0.2513888888888889 0.12291666666666666 0.044444444444444446 0.020833333333333332 
3 0.08263888888888889 0.2375 0.020833333333333332 0.029166666666666667 
3 0.3368055555555556 0.07083333333333333 0.04027777777777778 0.029166666666666667 
3 0.05625 0.21458333333333332 0.02638888888888889 0.025 
8 0.18194444444444444 0.2635416666666667 0.10277777777777777 0.10208333333333333 
