8 0.7972222222222223 0.38333333333333336 0.2777777777777778 0.19583333333333333 
3 0.7 0.16041666666666668 0.07777777777777778 0.0625 
3 0.5819444444444445 0.18541666666666667 0.18611111111111112 0.10416666666666667 
3 0.7097222222222223 0.07291666666666667 0.04722222222222222 0.0375 
3 0.7618055555555555 0.06041666666666667 0.04583333333333333 0.025 
3 0.9090277777777778 0.11666666666666667 0.04027777777777778 0.03333333333333333 
3 0.8819444444444444 0.13854166666666667 0.04722222222222222 0.03958333333333333 
3 0.2361111111111111 0.040625 0.03333333333333333 0.022916666666666665 
3 0.9680555555555556 0.1625 0.03611111111111111 0.025 
3 0.23958333333333334 0.12916666666666668 0.07361111111111111 0.058333333333333334 
3 0.9722222222222222 0.190625 0.030555555555555555 0.04791666666666667 
3 0.7868055555555555 0.08229166666666667 0.04861111111111111 0.035416666666666666 
