3 0.4756944444444444 0.40729166666666666 0.31527777777777777 0.17291666666666666 
3 0.9111111111111111 0.11145833333333334 0.03888888888888889 0.027083333333333334 
3 0.9673611111111111 0.15625 0.034722222222222224 0.025 
5 0.09861111111111111 0.6239583333333333 0.19722222222222222 0.21458333333333332 
3 0.25069444444444444 0.06875 0.034722222222222224 0.0375 
3 0.7861111111111111 0.08229166666666667 0.058333333333333334 0.035416666666666666 
3 0.21805555555555556 0.090625 0.041666666666666664 0.035416666666666666 
3 0.24930555555555556 0.19479166666666667 0.13472222222222222 0.07291666666666667 
3 0.775 0.2125 0.14444444444444443 0.07916666666666666 
3 0.8756944444444444 0.13854166666666667 0.06805555555555555 0.04791666666666667 
3 0.09027777777777778 0.15520833333333334 0.08333333333333333 0.04791666666666667 
3 0.7583333333333333 0.06041666666666667 0.05 0.029166666666666667 
