3 0.9388888888888889 0.3958333333333333 0.07222222222222222 0.0625 
3 0.9680555555555556 0.32916666666666666 0.04722222222222222 0.05 
3 0.8451388888888889 0.36875 0.0763888888888889 0.06666666666666667 
3 0.6798611111111111 0.47291666666666665 0.11805555555555555 0.1 
3 0.7298611111111111 0.5270833333333333 0.14583333333333334 0.1125 
3 0.9680555555555556 0.4166666666666667 0.04722222222222222 0.07083333333333333 
3 0.17083333333333334 0.7666666666666667 0.14444444444444443 0.1875 
10 0.3729166666666667 0.371875 0.043055555555555555 0.06458333333333334 
3 0.5819444444444445 0.4739583333333333 0.1388888888888889 0.07708333333333334 
3 0.9006944444444445 0.6135416666666667 0.1625 0.15625 
3 0.9576388888888889 0.6927083333333334 0.0763888888888889 0.16458333333333333 
9 0.4409722222222222 0.365625 0.09861111111111111 0.12708333333333333 
5 0.5618055555555556 0.28125 0.034722222222222224 0.04583333333333333 
3 0.3159722222222222 0.38229166666666664 0.07361111111111111 0.035416666666666666 
3 0.5875 0.321875 0.04722222222222222 0.03958333333333333 
3 0.69375 0.33229166666666665 0.04861111111111111 0.04375 
3 0.3951388888888889 0.47708333333333336 0.07916666666666666 0.07916666666666666 
10 0.5180555555555556 0.3145833333333333 0.06111111111111111 0.041666666666666664 
3 0.8111111111111111 0.559375 0.14444444444444443 0.14375 
3 0.8930555555555556 0.3854166666666667 0.06388888888888888 0.05416666666666667 
