3 0.2013888888888889 0.14375 0.058333333333333334 0.04583333333333333 
3 0.06458333333333334 0.09895833333333333 0.05138888888888889 0.035416666666666666 
3 0.32013888888888886 0.18645833333333334 0.06805555555555555 0.052083333333333336 
8 0.5854166666666667 0.309375 0.08472222222222223 0.04791666666666667 
3 0.8986111111111111 0.5395833333333333 0.058333333333333334 0.058333333333333334 
3 0.7826388888888889 0.45625 0.06527777777777778 0.05 
8 0.7208333333333333 0.39895833333333336 0.08888888888888889 0.06875 
3 0.4340277777777778 0.25 0.08472222222222223 0.05416666666666667 
3 0.6180555555555556 0.35520833333333335 0.07777777777777778 0.052083333333333336 
8 0.36666666666666664 0.471875 0.4 0.38125 
