3 0.7604166666666666 0.3416666666666667 0.05416666666666667 0.05 
3 0.9319444444444445 0.39895833333333336 0.07222222222222222 0.06458333333333334 
3 0.8993055555555556 0.61875 0.16805555555555557 0.175 
10 0.26666666666666666 0.7604166666666666 0.19722222222222222 0.32083333333333336 
3 0.43125 0.42916666666666664 0.06527777777777778 0.07083333333333333 
3 0.6756944444444445 0.4708333333333333 0.12083333333333333 0.1 
3 0.5854166666666667 0.428125 0.10694444444444444 0.05625 
3 0.8083333333333333 0.559375 0.15555555555555556 0.13958333333333334 
9 0.5708333333333333 0.27395833333333336 0.06388888888888888 0.06041666666666667 
3 0.8965277777777778 0.3854166666666667 0.06805555555555555 0.07083333333333333 
3 0.9652777777777778 0.41354166666666664 0.058333333333333334 0.07291666666666667 
3 0.95625 0.6979166666666666 0.0763888888888889 0.16666666666666666 
3 0.6819444444444445 0.33125 0.06944444444444445 0.05416666666666667 
3 0.5798611111111112 0.475 0.14027777777777778 0.09583333333333334 
3 0.5881944444444445 0.32083333333333336 0.05138888888888889 0.04583333333333333 
3 0.8458333333333333 0.365625 0.08055555555555556 0.05625 
3 0.8013888888888889 0.353125 0.044444444444444446 0.04791666666666667 
3 0.7263888888888889 0.5270833333333333 0.1527777777777778 0.12083333333333333 
3 0.9625 0.328125 0.05555555555555555 0.052083333333333336 
