3 0.125 0.5666666666666667 0.15555555555555556 0.15416666666666667 
3 0.7465277777777778 0.2625 0.04027777777777778 0.041666666666666664 
3 0.18333333333333332 0.74375 0.21944444444444444 0.24583333333333332 
3 0.5881944444444445 0.23125 0.02638888888888889 0.0375 
3 0.7513888888888889 0.209375 0.019444444444444445 0.022916666666666665 
0 0.6625 0.20416666666666666 0.075 0.08333333333333333 
3 0.8777777777777778 0.5666666666666667 0.08611111111111111 0.1625 
3 0.86875 0.3385416666666667 0.05138888888888889 0.07708333333333334 
3 0.39791666666666664 0.29791666666666666 0.05138888888888889 0.041666666666666664 
3 0.8729166666666667 0.4197916666666667 0.06805555555555555 0.09791666666666667 
8 0.3888888888888889 0.36354166666666665 0.14722222222222223 0.11041666666666666 
3 0.7923611111111111 0.221875 0.018055555555555554 0.022916666666666665 
3 0.5145833333333333 0.284375 0.0625 0.06041666666666667 
